4251.9 2.39668e-17 0.0
4253.91 3.26069e-18 0.0
4255.91 8.82219e-18 0.0
4257.91 1.20642e-17 0.0
4259.92 1.04399e-17 0.0
4261.92 9.36903e-18 0.0
4263.92 2.9809e-18 0.0
4265.93 1.01277e-17 0.0
4267.93 7.35332e-19 0.0
4269.94 2.63153e-18 0.0
4271.94 1.81623e-17 0.0
4273.94 1.61811e-17 0.0
4275.95 9.89274e-18 0.0
4277.95 1.56214e-17 0.0
4279.95 1.58708e-17 0.0
4281.96 2.02126e-17 0.0
4283.96 1.06929e-17 0.0
4285.96 1.112e-17 0.0
4287.97 5.14323e-18 0.0
4289.97 1.31023e-17 0.0
4291.97 1.38024e-17 0.0
4293.98 8.00205e-18 0.0
4295.98 5.27443e-18 0.0
4297.98 7.38862e-18 0.0
4299.99 1.19427e-17 0.0
4301.99 1.51596e-18 0.0
4303.99 8.6999e-18 0.0
4306.0 6.51115e-18 0.0
4308.0 6.7192e-18 0.0
4310.0 1.27799e-17 0.0
4312.01 1.28959e-17 0.0
4314.01 1.59017e-17 0.0
4316.01 1.54298e-17 0.0
4318.02 1.37419e-17 0.0
4320.02 8.13188e-18 0.0
4322.02 1.92098e-17 0.0
4324.03 1.39813e-17 0.0
4326.03 7.16125e-18 0.0
4328.04 5.05735e-18 0.0
4330.04 8.65054e-18 0.0
4332.04 3.76652e-18 0.0
4334.05 2.49244e-18 0.0
4336.05 1.58898e-17 0.0
4338.05 1.31388e-17 0.0
4340.06 1.66028e-17 0.0
4342.06 1.65929e-17 0.0
4344.06 1.77135e-17 0.0
4346.07 1.29846e-17 0.0
4348.07 9.62613e-18 0.0
4350.07 1.41792e-17 0.0
4352.08 1.26404e-17 0.0
4354.08 2.21889e-17 0.0
4356.08 1.65038e-17 0.0
4358.09 -7.82226e-19 0.0
4360.09 1.11534e-17 0.0
4362.09 5.68901e-18 0.0
4364.1 8.03229e-18 0.0
4366.1 1.63143e-17 0.0
4368.1 1.92596e-17 0.0
4370.11 9.96742e-18 0.0
4372.11 1.34564e-17 0.0
4374.11 1.14051e-17 0.0
4376.12 8.94764e-18 0.0
4378.12 1.95478e-17 0.0
4380.12 1.76728e-17 0.0
4382.13 5.25129e-18 0.0
4384.13 8.47215e-18 0.0
4386.14 6.40513e-18 0.0
4388.14 7.14932e-18 0.0
4390.14 7.88013e-18 0.0
4392.15 8.70415e-18 0.0
4394.15 1.37457e-17 0.0
4396.15 1.40869e-17 0.0
4398.16 1.6304e-17 0.0
4400.16 2.42122e-17 0.0
4402.16 1.46538e-17 0.0
4404.17 1.07457e-17 0.0
4406.17 1.33304e-17 0.0
4408.17 1.57388e-17 0.0
4410.18 1.31792e-17 0.0
4412.18 1.86972e-17 0.0
4414.18 2.40644e-17 0.0
4416.19 2.00732e-17 0.0
4418.19 1.63227e-17 0.0
4420.19 1.6889e-17 0.0
4422.2 8.14205e-18 0.0
4424.2 1.80671e-17 0.0
4426.2 1.54267e-17 0.0
4428.21 9.91204e-18 0.0
4430.21 1.35394e-17 0.0
4432.21 1.04734e-17 0.0
4434.22 1.50235e-17 0.0
4436.22 1.90916e-17 0.0
4438.23 1.50119e-17 0.0
4440.23 1.09828e-17 0.0
4442.23 1.77004e-17 0.0
4444.24 2.04669e-17 0.0
4446.24 1.54983e-17 0.0
4448.24 1.367e-17 0.0
4450.25 1.03738e-17 0.0
4452.25 1.70313e-17 0.0
4454.25 9.49549e-18 0.0
4456.26 9.86588e-18 0.0
4458.26 1.36704e-17 0.0
4460.26 1.87602e-17 0.0
4462.27 1.2762e-17 0.0
4464.27 1.69103e-17 0.0
4466.27 1.33101e-17 0.0
4468.28 6.84757e-18 0.0
4470.28 8.99365e-18 0.0
4472.28 1.42151e-17 0.0
4474.29 1.93238e-17 0.0
4476.29 2.05242e-17 0.0
4478.29 1.86079e-17 0.0
4480.3 2.0446e-17 0.0
4482.3 1.89361e-17 0.0
4484.31 1.55635e-17 0.0
4486.31 1.60762e-17 0.0
4488.31 2.15577e-17 0.0
4490.32 1.34042e-17 0.0
4492.32 1.62255e-17 0.0
4494.32 1.65894e-17 0.0
4496.33 1.24384e-17 0.0
4498.33 1.64576e-17 0.0
4500.33 1.41099e-17 0.0
4502.34 2.08066e-17 0.0
4504.34 2.1877e-17 0.0
4506.34 2.36319e-17 0.0
4508.35 2.05648e-17 0.0
4510.35 1.41081e-17 0.0
4512.35 1.59068e-17 0.0
4514.36 2.20627e-17 0.0
4516.36 1.64989e-17 0.0
4518.36 1.31101e-17 0.0
4520.37 2.25287e-17 0.0
4522.37 1.68744e-17 0.0
4524.37 1.39954e-17 0.0
4526.38 1.66741e-17 0.0
4528.38 1.49797e-17 0.0
4530.38 2.50877e-17 0.0
4532.39 1.79237e-17 0.0
4534.39 1.93636e-17 0.0
4536.4 1.34304e-17 0.0
4538.4 2.16624e-17 0.0
4540.4 2.11881e-17 0.0
4542.41 2.11152e-17 0.0
4544.41 2.26823e-17 0.0
4546.41 1.8996e-17 0.0
4548.42 1.79577e-17 0.0
4550.42 1.78041e-17 0.0
4552.42 1.70158e-17 0.0
4554.43 1.89701e-17 0.0
4556.43 1.3823e-17 0.0
4558.43 1.45649e-17 0.0
4560.44 1.44526e-17 0.0
4562.44 1.89997e-17 0.0
4564.44 1.14476e-17 0.0
4566.45 1.41352e-17 0.0
4568.45 2.30876e-17 0.0
4570.45 1.76601e-17 0.0
4572.46 2.43071e-17 0.0
4574.46 1.80071e-17 0.0
4576.46 1.94823e-17 0.0
4578.47 1.52011e-17 0.0
4580.47 1.50796e-17 0.0
4582.47 1.47433e-17 0.0
4584.48 2.14457e-17 0.0
4586.48 2.22388e-17 0.0
4588.48 1.83474e-17 0.0
4590.49 1.55591e-17 0.0
4592.49 1.54876e-17 0.0
4594.5 2.2786e-17 0.0
4596.5 2.25451e-17 0.0
4598.5 2.59692e-17 0.0
4600.51 2.32774e-17 0.0
4602.51 1.90812e-17 0.0
4604.51 1.29208e-17 0.0
4606.52 1.27418e-17 0.0
4608.52 1.28429e-17 0.0
4610.52 1.24867e-17 0.0
4612.53 1.72349e-17 0.0
4614.53 1.85138e-17 0.0
4616.53 1.36947e-17 0.0
4618.54 1.93017e-17 0.0
4620.54 1.33528e-17 0.0
4622.54 1.63766e-17 0.0
4624.55 2.18703e-17 0.0
4626.55 1.44205e-17 0.0
4628.55 1.14056e-17 0.0
4630.56 1.86584e-17 0.0
4632.56 1.66977e-17 0.0
4634.56 1.8895e-17 0.0
4636.57 1.57213e-17 0.0
4638.57 1.06959e-17 0.0
4640.57 2.15722e-17 0.0
4642.58 1.6467e-17 0.0
4644.58 1.956e-17 0.0
4646.58 1.9937e-17 0.0
4648.59 1.82274e-17 0.0
4650.59 2.09817e-17 0.0
4652.6 2.0727e-17 0.0
4654.6 2.39904e-17 0.0
4656.6 2.23217e-17 0.0
4658.61 1.76319e-17 0.0
4660.61 2.39545e-17 0.0
4662.61 2.11896e-17 0.0
4664.62 1.53063e-17 0.0
4666.62 1.77368e-17 0.0
4668.62 1.96092e-17 0.0
4670.63 1.6411e-17 0.0
4672.63 1.79462e-17 0.0
4674.63 1.82387e-17 0.0
4676.64 1.65631e-17 0.0
4678.64 1.52187e-17 0.0
4680.64 2.11757e-17 0.0
4682.65 1.75023e-17 0.0
4684.65 1.18459e-17 0.0
4686.65 1.68756e-17 0.0
4688.66 2.11604e-17 0.0
4690.66 2.09147e-17 0.0
4692.66 2.09153e-17 0.0
4694.67 1.1687e-17 0.0
4696.67 1.48999e-17 0.0
4698.67 2.24645e-17 0.0
4700.68 2.10554e-17 0.0
4702.68 1.3527e-17 0.0
4704.69 1.33995e-17 0.0
4706.69 1.83836e-17 0.0
4708.69 2.24413e-17 0.0
4710.7 2.19535e-17 0.0
4712.7 1.98043e-17 0.0
4714.7 2.00961e-17 0.0
4716.71 1.78294e-17 0.0
4718.71 1.09959e-17 0.0
4720.71 1.46249e-17 0.0
4722.72 1.96625e-17 0.0
4724.72 1.9149e-17 0.0
4726.72 1.61101e-17 0.0
4728.73 1.08179e-17 0.0
4730.73 1.25765e-17 0.0
4732.73 1.19496e-17 0.0
4734.74 1.72028e-17 0.0
4736.74 1.36446e-17 0.0
4738.74 1.5519e-17 0.0
4740.75 2.04581e-17 0.0
4742.75 2.34225e-17 0.0
4744.75 1.41224e-17 0.0
4746.76 1.59434e-17 0.0
4748.76 2.14842e-17 0.0
4750.76 1.86581e-17 0.0
4752.77 1.89953e-17 0.0
4754.77 1.32936e-17 0.0
4756.77 1.35568e-17 0.0
4758.78 1.71767e-17 0.0
4760.78 1.81801e-17 0.0
4762.79 1.52051e-17 0.0
4764.79 1.70484e-17 0.0
4766.79 2.20836e-17 0.0
4768.8 1.542e-17 0.0
4770.8 1.30678e-17 0.0
4772.8 1.4618e-17 0.0
4774.81 1.94911e-17 0.0
4776.81 2.0389e-17 0.0
4778.81 2.64693e-17 0.0
4780.82 2.12059e-17 0.0
4782.82 2.03147e-17 0.0
4784.82 2.07373e-17 0.0
4786.83 2.27753e-17 0.0
4788.83 2.32867e-17 0.0
4790.83 2.02486e-17 0.0
4792.84 1.68748e-17 0.0
4794.84 2.52152e-17 0.0
4796.84 1.97073e-17 0.0
4798.85 2.31353e-17 0.0
4800.85 1.9657e-17 0.0
4802.85 2.2741e-17 0.0
4804.86 2.2484e-17 0.0
4806.86 1.75553e-17 0.0
4808.86 2.48919e-17 0.0
4810.87 2.64822e-17 0.0
4812.87 2.20431e-17 0.0
4814.88 1.4002e-17 0.0
4816.88 1.68135e-17 0.0
4818.88 2.02973e-17 0.0
4820.89 1.33019e-17 0.0
4822.89 1.54528e-17 0.0
4824.89 1.86548e-17 0.0
4826.9 1.82405e-17 0.0
4828.9 1.05898e-17 0.0
4830.9 1.40219e-17 0.0
4832.91 1.53582e-17 0.0
4834.91 1.39056e-17 0.0
4836.91 1.12167e-17 0.0
4838.92 1.21338e-17 0.0
4840.92 1.48078e-17 0.0
4842.92 1.88702e-17 0.0
4844.93 1.94762e-17 0.0
4846.93 2.05905e-17 0.0
4848.93 1.61626e-17 0.0
4850.94 1.58004e-17 0.0
4852.94 1.9348e-17 0.0
4854.94 2.36935e-17 0.0
4856.95 3.05712e-17 0.0
4858.95 2.01883e-17 0.0
4860.95 1.4535e-17 0.0
4862.96 6.06352e-18 0.0
4864.96 1.11811e-17 0.0
4866.97 1.46396e-17 0.0
4868.97 1.37009e-17 0.0
4870.97 1.65445e-17 0.0
4872.98 1.9083e-17 0.0
4874.98 2.86065e-17 0.0
4876.98 2.70513e-17 0.0
4878.99 2.08137e-17 0.0
4880.99 1.84555e-17 0.0
4882.99 1.5879e-17 0.0
4885.0 1.5231e-17 0.0
4887.0 1.83938e-17 0.0
4889.0 1.84275e-17 0.0
4891.01 2.00131e-17 0.0
4893.01 1.83183e-17 0.0
4895.01 1.70086e-17 0.0
4897.02 2.03701e-17 0.0
4899.02 2.34691e-17 0.0
4901.02 2.17833e-17 0.0
4903.03 2.0293e-17 0.0
4905.03 1.67072e-17 0.0
4907.03 1.99817e-17 0.0
4909.04 1.9092e-17 0.0
4911.04 1.84439e-17 0.0
4913.04 2.28416e-17 0.0
4915.05 1.84197e-17 0.0
4917.05 1.51776e-17 0.0
4919.06 1.60439e-17 0.0
4921.06 1.39299e-17 0.0
4923.06 1.90654e-17 0.0
4925.07 1.58825e-17 0.0
4927.07 1.60788e-17 0.0
4929.07 1.86512e-17 0.0
4931.08 1.81274e-17 0.0
4933.08 1.91928e-17 0.0
4935.08 1.9256e-17 0.0
4937.09 1.94167e-17 0.0
4939.09 1.84826e-17 0.0
4941.09 1.82893e-17 0.0
4943.1 1.57336e-17 0.0
4945.1 1.55558e-17 0.0
4947.1 1.93283e-17 0.0
4949.11 1.82653e-17 0.0
4951.11 1.17663e-17 0.0
4953.11 2.00835e-17 0.0
4955.12 2.34701e-17 0.0
4957.12 1.98875e-17 0.0
4959.12 1.76484e-17 0.0
4961.13 2.40963e-17 0.0
4963.13 2.54731e-17 0.0
4965.13 1.97875e-17 0.0
4967.14 1.67625e-17 0.0
4969.14 2.25524e-17 0.0
4971.15 2.20446e-17 0.0
4973.15 2.26909e-17 0.0
4975.15 1.86237e-17 0.0
4977.16 2.18056e-17 0.0
4979.16 1.89985e-17 0.0
4981.16 1.94824e-17 0.0
4983.17 1.97416e-17 0.0
4985.17 1.67744e-17 0.0
4987.17 1.67292e-17 0.0
4989.18 1.69459e-17 0.0
4991.18 1.83084e-17 0.0
4993.18 1.99674e-17 0.0
4995.19 2.10298e-17 0.0
4997.19 1.82084e-17 0.0
4999.19 1.658e-17 0.0
5001.2 1.94084e-17 0.0
5003.2 2.12987e-17 0.0
5005.2 2.03986e-17 0.0
5007.21 2.03464e-17 0.0
5009.21 1.6704e-17 0.0
5011.21 1.52687e-17 0.0
5013.22 1.50775e-17 0.0
5015.22 1.7792e-17 0.0
5017.22 1.44556e-17 0.0
5019.23 1.4915e-17 0.0
5021.23 1.38261e-17 0.0
5023.23 1.7629e-17 0.0
5025.24 1.72486e-17 0.0
5027.24 1.61681e-17 0.0
5029.25 1.70183e-17 0.0
5031.25 1.80561e-17 0.0
5033.25 1.6884e-17 0.0
5035.26 2.01226e-17 0.0
5037.26 1.07264e-17 0.0
5039.26 1.15249e-17 0.0
5041.27 1.89075e-17 0.0
5043.27 1.93896e-17 0.0
5045.27 1.7999e-17 0.0
5047.28 1.90873e-17 0.0
5049.28 2.40446e-17 0.0
5051.28 2.32188e-17 0.0
5053.29 2.25017e-17 0.0
5055.29 2.33285e-17 0.0
5057.29 2.47637e-17 0.0
5059.3 2.36215e-17 0.0
5061.3 2.21988e-17 0.0
5063.3 2.25299e-17 0.0
5065.31 1.99492e-17 0.0
5067.31 2.47543e-17 0.0
5069.31 2.34789e-17 0.0
5071.32 2.12264e-17 0.0
5073.32 1.98767e-17 0.0
5075.32 1.99035e-17 0.0
5077.33 2.31945e-17 0.0
5079.33 2.06079e-17 0.0
5081.33 2.13821e-17 0.0
5083.34 2.44863e-17 0.0
5085.34 1.85804e-17 0.0
5087.35 2.1476e-17 0.0
5089.35 2.47828e-17 0.0
5091.35 2.34453e-17 0.0
5093.36 2.41149e-17 0.0
5095.36 2.51221e-17 0.0
5097.36 2.64856e-17 0.0
5099.37 2.50161e-17 0.0
5101.37 2.48638e-17 0.0
5103.37 2.43133e-17 0.0
5105.38 2.56619e-17 0.0
5107.38 2.15256e-17 0.0
5109.38 2.2814e-17 0.0
5111.39 1.71282e-17 0.0
5113.39 2.28371e-17 0.0
5115.39 2.2604e-17 0.0
5117.4 2.24635e-17 0.0
5119.4 2.36979e-17 0.0
5121.4 2.39566e-17 0.0
5123.41 2.39814e-17 0.0
5125.41 2.09812e-17 0.0
5127.41 1.98967e-17 0.0
5129.42 2.23494e-17 0.0
5131.42 2.19588e-17 0.0
5133.42 2.13671e-17 0.0
5135.43 2.0646e-17 0.0
5137.43 1.9511e-17 0.0
5139.44 2.22729e-17 0.0
5141.44 2.32956e-17 0.0
5143.44 2.31373e-17 0.0
5145.45 2.69048e-17 0.0
5147.45 2.73671e-17 0.0
5149.45 2.38052e-17 0.0
5151.46 2.02546e-17 0.0
5153.46 2.18976e-17 0.0
5155.46 2.24553e-17 0.0
5157.47 1.86956e-17 0.0
5159.47 2.18973e-17 0.0
5161.47 3.69275e-17 0.0
5163.48 3.58198e-17 0.0
5165.48 2.72761e-17 0.0
5167.48 2.62369e-17 0.0
5169.49 2.07824e-17 0.0
5171.49 2.29642e-17 0.0
5173.49 2.36976e-17 0.0
5175.5 2.1261e-17 0.0
5177.5 1.81788e-17 0.0
5179.5 1.89488e-17 0.0
5181.51 2.26341e-17 0.0
5183.51 2.11122e-17 0.0
5185.51 2.34824e-17 0.0
5187.52 2.41874e-17 0.0
5189.52 2.25448e-17 0.0
5191.52 2.24497e-17 0.0
5193.53 2.36156e-17 0.0
5195.53 2.48809e-17 0.0
5197.54 2.52335e-17 0.0
5199.54 2.76328e-17 0.0
5201.54 2.11393e-17 0.0
5203.55 2.19703e-17 0.0
5205.55 2.26867e-17 0.0
5207.55 2.1195e-17 0.0
5209.56 2.53973e-17 0.0
5211.56 2.44955e-17 0.0
5213.56 2.22962e-17 0.0
5215.57 1.77911e-17 0.0
5217.57 2.09374e-17 0.0
5219.57 2.29864e-17 0.0
5221.58 2.52152e-17 0.0
5223.58 2.00956e-17 0.0
5225.58 2.1586e-17 0.0
5227.59 2.56198e-17 0.0
5229.59 2.22574e-17 0.0
5231.59 2.16891e-17 0.0
5233.6 2.32102e-17 0.0
5235.6 2.15303e-17 0.0
5237.6 2.01551e-17 0.0
5239.61 2.16758e-17 0.0
5241.61 1.91229e-17 0.0
5243.61 2.30718e-17 0.0
5245.62 2.17374e-17 0.0
5247.62 2.29524e-17 0.0
5249.62 2.42444e-17 0.0
5251.63 1.85487e-17 0.0
5253.63 1.87676e-17 0.0
5255.64 2.14639e-17 0.0
5257.64 2.20026e-17 0.0
5259.64 2.2098e-17 0.0
5261.65 2.54577e-17 0.0
5263.65 2.16449e-17 0.0
5265.65 1.98141e-17 0.0
5267.66 2.17025e-17 0.0
5269.66 2.18262e-17 0.0
5271.66 2.09864e-17 0.0
5273.67 2.0213e-17 0.0
5275.67 2.2376e-17 0.0
5277.67 2.23122e-17 0.0
5279.68 2.31967e-17 0.0
5281.68 1.89472e-17 0.0
5283.68 1.7037e-17 0.0
5285.69 2.11618e-17 0.0
5287.69 2.14511e-17 0.0
5289.69 2.03103e-17 0.0
5291.7 1.86369e-17 0.0
5293.7 2.08237e-17 0.0
5295.7 1.96179e-17 0.0
5297.71 2.3624e-17 0.0
5299.71 1.90304e-17 0.0
5301.72 1.76339e-17 0.0
5303.72 2.10112e-17 0.0
5305.72 2.18694e-17 0.0
5307.73 2.25137e-17 0.0
5309.73 2.30525e-17 0.0
5311.73 2.12835e-17 0.0
5313.74 1.99045e-17 0.0
5315.74 2.10786e-17 0.0
5317.74 2.00981e-17 0.0
5319.75 1.72956e-17 0.0
5321.75 1.8483e-17 0.0
5323.75 2.18331e-17 0.0
5325.76 2.19333e-17 0.0
5327.76 2.08552e-17 0.0
5329.76 2.06062e-17 0.0
5331.77 1.85262e-17 0.0
5333.77 1.75264e-17 0.0
5335.77 2.09086e-17 0.0
5337.78 2.42958e-17 0.0
5339.78 2.33737e-17 0.0
5341.78 2.09966e-17 0.0
5343.79 2.29225e-17 0.0
5345.79 2.0455e-17 0.0
5347.79 1.76334e-17 0.0
5349.8 1.92563e-17 0.0
5351.8 2.01971e-17 0.0
5353.81 1.92459e-17 0.0
5355.81 2.36673e-17 0.0
5357.81 2.38594e-17 0.0
5359.82 2.1488e-17 0.0
5361.82 2.0952e-17 0.0
5363.82 2.22307e-17 0.0
5365.83 2.2001e-17 0.0
5367.83 2.20817e-17 0.0
5369.83 1.98383e-17 0.0
5371.84 2.03424e-17 0.0
5373.84 2.24555e-17 0.0
5375.84 2.30088e-17 0.0
5377.85 2.04808e-17 0.0
5379.85 1.82182e-17 0.0
5381.85 2.07552e-17 0.0
5383.86 2.40875e-17 0.0
5385.86 2.35501e-17 0.0
5387.86 2.33275e-17 0.0
5389.87 2.3746e-17 0.0
5391.87 2.45545e-17 0.0
5393.87 2.17042e-17 0.0
5395.88 2.00958e-17 0.0
5397.88 2.06668e-17 0.0
5399.88 1.96929e-17 0.0
5401.89 2.34492e-17 0.0
5403.89 2.24245e-17 0.0
5405.9 2.50115e-17 0.0
5407.9 2.63622e-17 0.0
5409.9 1.91938e-17 0.0
5411.91 1.7054e-17 0.0
5413.91 1.96576e-17 0.0
5415.91 2.36119e-17 0.0
5417.92 2.16108e-17 0.0
5419.92 2.20679e-17 0.0
5421.92 2.09865e-17 0.0
5423.93 2.26469e-17 0.0
5425.93 2.39144e-17 0.0
5427.93 2.56021e-17 0.0
5429.94 2.19879e-17 0.0
5431.94 2.28973e-17 0.0
5433.94 2.36074e-17 0.0
5435.95 2.25072e-17 0.0
5437.95 2.17029e-17 0.0
5439.95 2.3204e-17 0.0
5441.96 2.18001e-17 0.0
5443.96 2.016e-17 0.0
5445.96 2.22803e-17 0.0
5447.97 2.2027e-17 0.0
5449.97 1.96796e-17 0.0
5451.97 2.00631e-17 0.0
5453.98 2.6284e-17 0.0
5455.98 2.86471e-17 0.0
5457.98 3.13862e-17 0.0
5459.99 3.50996e-17 0.0
5461.99 3.01161e-17 0.0
5464.0 2.46527e-17 0.0
5466.0 2.16126e-17 0.0
5468.0 1.94273e-17 0.0
5470.01 2.10093e-17 0.0
5472.01 2.20058e-17 0.0
5474.01 2.41254e-17 0.0
5476.02 2.14087e-17 0.0
5478.02 1.96275e-17 0.0
5480.02 2.12144e-17 0.0
5482.03 2.09521e-17 0.0
5484.03 2.29828e-17 0.0
5486.03 2.36952e-17 0.0
5488.04 2.22547e-17 0.0
5490.04 2.22673e-17 0.0
5492.04 2.14785e-17 0.0
5494.05 2.03538e-17 0.0
5496.05 2.0917e-17 0.0
5498.05 2.22327e-17 0.0
5500.06 2.02709e-17 0.0
5502.06 2.32189e-17 0.0
5504.06 2.23299e-17 0.0
5506.07 2.20821e-17 0.0
5508.07 1.96481e-17 0.0
5510.07 1.61308e-17 0.0
5512.08 2.18225e-17 0.0
5514.08 2.29727e-17 0.0
5516.08 1.82062e-17 0.0
5518.09 1.93065e-17 0.0
5520.09 2.04056e-17 0.0
5522.1 2.00667e-17 0.0
5524.1 1.81265e-17 0.0
5526.1 2.1244e-17 0.0
5528.11 2.26674e-17 0.0
5530.11 2.31209e-17 0.0
5532.11 2.26976e-17 0.0
5534.12 2.38327e-17 0.0
5536.12 2.29885e-17 0.0
5538.12 2.40352e-17 0.0
5540.13 2.1165e-17 0.0
5542.13 1.91594e-17 0.0
5544.13 2.14952e-17 0.0
5546.14 2.21198e-17 0.0
5548.14 1.82869e-17 0.0
5550.14 2.03764e-17 0.0
5552.15 1.92613e-17 0.0
5554.15 1.87996e-17 0.0
5556.15 1.90349e-17 0.0
5558.16 1.63118e-17 0.0
5560.16 2.05892e-17 0.0
5562.16 2.43023e-17 0.0
5564.17 2.8826e-17 0.0
5566.17 3.16376e-17 0.0
5568.17 3.43007e-17 0.0
5570.18 2.83374e-17 0.0
5572.18 1.27005e-17 0.0
5574.19 1.02027e-17 0.0
5576.19 1.54227e-17 0.0
5578.19 1.4856e-17 0.0
5580.2 2.34348e-17 0.0
5582.2 2.43354e-17 0.0
5584.2 2.25219e-17 0.0
5586.21 2.47019e-17 0.0
5588.21 2.13319e-17 0.0
5590.21 2.0981e-17 0.0
5592.22 2.02595e-17 0.0
5594.22 1.83338e-17 0.0
5596.22 2.12281e-17 0.0
5598.23 2.11245e-17 0.0
5600.23 2.20335e-17 0.0
5602.23 2.24408e-17 0.0
5604.24 2.08369e-17 0.0
5606.24 2.14846e-17 0.0
5608.24 2.21964e-17 0.0
5610.25 2.15269e-17 0.0
5612.25 2.12226e-17 0.0
5614.25 2.31566e-17 0.0
5616.26 3.10384e-17 0.0
5618.26 4.16404e-17 0.0
5620.26 5.04645e-17 0.0
5622.27 5.26407e-17 0.0
5624.27 4.66342e-17 0.0
5626.27 3.48395e-17 0.0
5628.28 2.35757e-17 0.0
5630.28 2.39752e-17 0.0
5632.29 2.05301e-17 0.0
5634.29 1.96128e-17 0.0
5636.29 1.94096e-17 0.0
5638.3 1.99717e-17 0.0
5640.3 2.20486e-17 0.0
5642.3 1.95946e-17 0.0
5644.31 1.99315e-17 0.0
5646.31 2.15356e-17 0.0
5648.31 1.89557e-17 0.0
5650.32 1.83408e-17 0.0
5652.32 2.25412e-17 0.0
5654.32 2.06227e-17 0.0
5656.33 1.85911e-17 0.0
5658.33 1.70498e-17 0.0
5660.33 2.00002e-17 0.0
5662.34 1.82819e-17 0.0
5664.34 1.90743e-17 0.0
5666.34 2.08723e-17 0.0
5668.35 1.95829e-17 0.0
5670.35 1.83432e-17 0.0
5672.35 1.98798e-17 0.0
5674.36 1.76508e-17 0.0
5676.36 1.82829e-17 0.0
5678.36 1.85964e-17 0.0
5680.37 1.94738e-17 0.0
5682.37 1.98394e-17 0.0
5684.38 1.81727e-17 0.0
5686.38 2.00647e-17 0.0
5688.38 1.60472e-17 0.0
5690.39 1.90083e-17 0.0
5692.39 2.00662e-17 0.0
5694.39 1.98062e-17 0.0
5696.4 1.86476e-17 0.0
5698.4 1.74319e-17 0.0
5700.4 1.91407e-17 0.0
5702.41 2.12909e-17 0.0
5704.41 1.67449e-17 0.0
5706.41 1.77836e-17 0.0
5708.42 1.94383e-17 0.0
5710.42 2.10628e-17 0.0
5712.42 2.00828e-17 0.0
5714.43 1.9615e-17 0.0
5716.43 1.86475e-17 0.0
5718.43 1.91361e-17 0.0
5720.44 2.0866e-17 0.0
5722.44 2.03307e-17 0.0
5724.44 1.93242e-17 0.0
5726.45 1.97058e-17 0.0
5728.45 2.12003e-17 0.0
5730.45 2.06522e-17 0.0
5732.46 2.19705e-17 0.0
5734.46 2.25076e-17 0.0
5736.47 1.94533e-17 0.0
5738.47 1.72665e-17 0.0
5740.47 1.83571e-17 0.0
5742.48 1.65439e-17 0.0
5744.48 1.81657e-17 0.0
5746.48 1.99398e-17 0.0
5748.49 2.0686e-17 0.0
5750.49 1.86306e-17 0.0
5752.49 1.57497e-17 0.0
5754.5 2.00521e-17 0.0
5756.5 1.97285e-17 0.0
5758.5 2.04962e-17 0.0
5760.51 2.00604e-17 0.0
5762.51 1.73748e-17 0.0
5764.51 1.92961e-17 0.0
5766.52 1.88633e-17 0.0
5768.52 1.78084e-17 0.0
5770.52 1.80387e-17 0.0
5772.53 1.90102e-17 0.0
5774.53 2.0724e-17 0.0
5776.53 1.95162e-17 0.0
5778.54 2.01229e-17 0.0
5780.54 2.09008e-17 0.0
5782.54 2.0254e-17 0.0
5784.55 2.07885e-17 0.0
5786.55 1.91948e-17 0.0
5788.56 1.81476e-17 0.0
5790.56 1.77468e-17 0.0
5792.56 1.74053e-17 0.0
5794.57 2.09003e-17 0.0
5796.57 2.22167e-17 0.0
5798.57 1.75993e-17 0.0
5800.58 1.98204e-17 0.0
5802.58 1.9286e-17 0.0
5804.58 1.69505e-17 0.0
5806.59 1.89056e-17 0.0
5808.59 1.71831e-17 0.0
5810.59 1.70418e-17 0.0
5812.6 1.87158e-17 0.0
5814.6 1.80356e-17 0.0
5816.6 2.05832e-17 0.0
5818.61 1.81759e-17 0.0
5820.61 1.79031e-17 0.0
5822.61 2.12658e-17 0.0
5824.62 1.85455e-17 0.0
5826.62 1.9646e-17 0.0
5828.62 1.80139e-17 0.0
5830.63 1.98167e-17 0.0
5832.63 2.22501e-17 0.0
5834.63 2.13491e-17 0.0
5836.64 1.80265e-17 0.0
5838.64 2.01552e-17 0.0
5840.65 2.07447e-17 0.0
5842.65 1.82893e-17 0.0
5844.65 1.79423e-17 0.0
5846.66 1.88319e-17 0.0
5848.66 1.94583e-17 0.0
5850.66 1.97671e-17 0.0
5852.67 1.99151e-17 0.0
5854.67 1.9603e-17 0.0
5856.67 1.80021e-17 0.0
5858.68 1.89845e-17 0.0
5860.68 1.97329e-17 0.0
5862.68 1.94018e-17 0.0
5864.69 1.84537e-17 0.0
5866.69 2.03656e-17 0.0
5868.69 1.96741e-17 0.0
5870.7 1.82398e-17 0.0
5872.7 1.96034e-17 0.0
5874.7 2.00577e-17 0.0
5876.71 1.93186e-17 0.0
5878.71 1.92372e-17 0.0
5880.71 2.06287e-17 0.0
5882.72 1.88318e-17 0.0
5884.72 1.77958e-17 0.0
5886.72 1.77179e-17 0.0
5888.73 2.07337e-17 0.0
5890.73 1.85409e-17 0.0
5892.73 1.84067e-17 0.0
5894.74 1.84827e-17 0.0
5896.74 1.95162e-17 0.0
5898.75 2.01724e-17 0.0
5900.75 2.06118e-17 0.0
5902.75 1.95126e-17 0.0
5904.76 2.01634e-17 0.0
5906.76 2.03796e-17 0.0
5908.76 2.11726e-17 0.0
5910.77 1.93876e-17 0.0
5912.77 1.84924e-17 0.0
5914.77 1.63537e-17 0.0
5916.78 1.63385e-17 0.0
5918.78 1.80559e-17 0.0
5920.78 2.02982e-17 0.0
5922.79 2.06464e-17 0.0
5924.79 1.90082e-17 0.0
5926.79 2.06694e-17 0.0
5928.8 1.91906e-17 0.0
5930.8 1.91727e-17 0.0
5932.8 1.9792e-17 0.0
5934.81 1.88173e-17 0.0
5936.81 1.60685e-17 0.0
5938.81 1.72623e-17 0.0
5940.82 1.95597e-17 0.0
5942.82 1.88148e-17 0.0
5944.82 2.02269e-17 0.0
5946.83 2.08011e-17 0.0
5948.83 1.99585e-17 0.0
5950.83 1.81273e-17 0.0
5952.84 1.71818e-17 0.0
5954.84 1.73715e-17 0.0
5956.85 2.01416e-17 0.0
5958.85 1.87935e-17 0.0
5960.85 2.02476e-17 0.0
5962.86 2.16837e-17 0.0
5964.86 2.0418e-17 0.0
5966.86 1.96836e-17 0.0
5968.87 1.98165e-17 0.0
5970.87 1.91628e-17 0.0
5972.87 1.9992e-17 0.0
5974.88 1.90476e-17 0.0
5976.88 1.85623e-17 0.0
5978.88 1.89805e-17 0.0
5980.89 1.82836e-17 0.0
5982.89 1.83736e-17 0.0
5984.89 1.84386e-17 0.0
5986.9 1.82497e-17 0.0
5988.9 1.95834e-17 0.0
5990.9 2.02083e-17 0.0
5992.91 1.92277e-17 0.0
5994.91 1.78235e-17 0.0
5996.91 2.04307e-17 0.0
5998.92 2.17062e-17 0.0
6000.92 1.85161e-17 0.0
6002.92 1.87023e-17 0.0
6004.93 2.09875e-17 0.0
6006.93 2.08062e-17 0.0
6008.94 2.11648e-17 0.0
6010.94 1.98583e-17 0.0
6012.94 1.89966e-17 0.0
6014.95 2.07574e-17 0.0
6016.95 1.91278e-17 0.0
6018.95 1.7817e-17 0.0
6020.96 1.87373e-17 0.0
6022.96 1.96439e-17 0.0
6024.96 1.9157e-17 0.0
6026.97 1.96652e-17 0.0
6028.97 2.07869e-17 0.0
6030.97 1.97157e-17 0.0
6032.98 1.94751e-17 0.0
6034.98 2.03564e-17 0.0
6036.98 2.00301e-17 0.0
6038.99 2.04126e-17 0.0
6040.99 2.09835e-17 0.0
6042.99 1.9344e-17 0.0
6045.0 2.04572e-17 0.0
6047.0 2.17442e-17 0.0
6049.0 2.16649e-17 0.0
6051.01 1.98542e-17 0.0
6053.01 1.59824e-17 0.0
6055.01 1.67531e-17 0.0
6057.02 2.20893e-17 0.0
6059.02 1.64276e-17 0.0
6061.02 1.42407e-17 0.0
6063.03 1.89137e-17 0.0
6065.03 2.11102e-17 0.0
6067.04 2.16929e-17 0.0
6069.04 1.80844e-17 0.0
6071.04 1.81456e-17 0.0
6073.05 1.95668e-17 0.0
6075.05 1.87654e-17 0.0
6077.05 1.94368e-17 0.0
6079.06 1.79667e-17 0.0
6081.06 1.93898e-17 0.0
6083.06 2.02401e-17 0.0
6085.07 2.14152e-17 0.0
6087.07 2.37781e-17 0.0
6089.07 2.03618e-17 0.0
6091.08 1.84784e-17 0.0
6093.08 1.66516e-17 0.0
6095.08 1.99974e-17 0.0
6097.09 2.15075e-17 0.0
6099.09 1.93599e-17 0.0
6101.09 1.93729e-17 0.0
6103.1 1.98435e-17 0.0
6105.1 1.81656e-17 0.0
6107.1 1.92838e-17 0.0
6109.11 2.04954e-17 0.0
6111.11 2.0437e-17 0.0
6113.11 1.74041e-17 0.0
6115.12 1.82825e-17 0.0
6117.12 1.66803e-17 0.0
6119.13 1.63992e-17 0.0
6121.13 2.04573e-17 0.0
6123.13 1.99635e-17 0.0
6125.14 1.96432e-17 0.0
6127.14 2.01164e-17 0.0
6129.14 1.89531e-17 0.0
6131.15 1.88512e-17 0.0
6133.15 2.03159e-17 0.0
6135.15 2.22104e-17 0.0
6137.16 2.27778e-17 0.0
6139.16 1.93498e-17 0.0
6141.16 1.90698e-17 0.0
6143.17 1.8458e-17 0.0
6145.17 2.02746e-17 0.0
6147.17 2.00552e-17 0.0
6149.18 1.67915e-17 0.0
6151.18 2.18757e-17 0.0
6153.18 2.02406e-17 0.0
6155.19 1.80602e-17 0.0
6157.19 1.86956e-17 0.0
6159.19 1.67527e-17 0.0
6161.2 1.97998e-17 0.0
6163.2 1.89913e-17 0.0
6165.2 1.78319e-17 0.0
6167.21 1.8416e-17 0.0
6169.21 2.13036e-17 0.0
6171.22 2.01478e-17 0.0
6173.22 1.89554e-17 0.0
6175.22 1.92972e-17 0.0
6177.23 1.82727e-17 0.0
6179.23 1.9522e-17 0.0
6181.23 2.04108e-17 0.0
6183.24 1.88494e-17 0.0
6185.24 1.7496e-17 0.0
6187.24 1.94573e-17 0.0
6189.25 1.94998e-17 0.0
6191.25 2.05869e-17 0.0
6193.25 2.08644e-17 0.0
6195.26 2.14151e-17 0.0
6197.26 1.90096e-17 0.0
6199.26 1.91189e-17 0.0
6201.27 1.77792e-17 0.0
6203.27 1.83444e-17 0.0
6205.27 2.12924e-17 0.0
6207.28 1.96906e-17 0.0
6209.28 1.81045e-17 0.0
6211.28 1.95855e-17 0.0
6213.29 2.12456e-17 0.0
6215.29 1.97402e-17 0.0
6217.29 1.84821e-17 0.0
6219.3 1.94613e-17 0.0
6221.3 2.09128e-17 0.0
6223.31 2.20189e-17 0.0
6225.31 2.00535e-17 0.0
6227.31 2.00276e-17 0.0
6229.32 2.00587e-17 0.0
6231.32 1.8146e-17 0.0
6233.32 1.96131e-17 0.0
6235.33 2.05874e-17 0.0
6237.33 1.72252e-17 0.0
6239.33 2.02228e-17 0.0
6241.34 2.352e-17 0.0
6243.34 2.05696e-17 0.0
6245.34 2.07249e-17 0.0
6247.35 2.01236e-17 0.0
6249.35 1.80239e-17 0.0
6251.35 1.71057e-17 0.0
6253.36 1.91679e-17 0.0
6255.36 2.06018e-17 0.0
6257.36 1.75396e-17 0.0
6259.37 1.70735e-17 0.0
6261.37 1.82321e-17 0.0
6263.37 2.01202e-17 0.0
6265.38 2.06915e-17 0.0
6267.38 2.09773e-17 0.0
6269.38 2.05842e-17 0.0
6271.39 1.71666e-17 0.0
6273.39 1.91668e-17 0.0
6275.4 2.041e-17 0.0
6277.4 1.86357e-17 0.0
6279.4 1.93132e-17 0.0
6281.41 1.82324e-17 0.0
6283.41 1.63737e-17 0.0
6285.41 1.88935e-17 0.0
6287.42 2.05501e-17 0.0
6289.42 1.69554e-17 0.0
6291.42 1.98393e-17 0.0
6293.43 1.65115e-17 0.0
6295.43 1.40104e-17 0.0
6297.43 1.7732e-17 0.0
6299.44 1.54249e-17 0.0
6301.44 1.6458e-17 0.0
6303.44 1.75819e-17 0.0
6305.45 1.67028e-17 0.0
6307.45 1.96414e-17 0.0
6309.45 1.69016e-17 0.0
6311.46 1.79271e-17 0.0
6313.46 2.03069e-17 0.0
6315.46 2.01808e-17 0.0
6317.47 2.08566e-17 0.0
6319.47 2.04137e-17 0.0
6321.47 1.79995e-17 0.0
6323.48 1.77724e-17 0.0
6325.48 2.02445e-17 0.0
6327.48 1.89262e-17 0.0
6329.49 1.94041e-17 0.0
6331.49 1.74674e-17 0.0
6333.5 1.89564e-17 0.0
6335.5 2.02649e-17 0.0
6337.5 2.01596e-17 0.0
6339.51 2.14371e-17 0.0
6341.51 2.14824e-17 0.0
6343.51 2.10001e-17 0.0
6345.52 1.9954e-17 0.0
6347.52 1.92789e-17 0.0
6349.52 2.14139e-17 0.0
6351.53 2.12231e-17 0.0
6353.53 1.94273e-17 0.0
6355.53 1.85566e-17 0.0
6357.54 1.96773e-17 0.0
6359.54 1.90011e-17 0.0
6361.54 1.75343e-17 0.0
6363.55 1.67984e-17 0.0
6365.55 1.88042e-17 0.0
6367.55 1.73813e-17 0.0
6369.56 1.95859e-17 0.0
6371.56 1.96329e-17 0.0
6373.56 1.73925e-17 0.0
6375.57 1.91869e-17 0.0
6377.57 2.15649e-17 0.0
6379.57 2.18797e-17 0.0
6381.58 2.07365e-17 0.0
6383.58 1.88797e-17 0.0
6385.58 2.04391e-17 0.0
6387.59 2.07221e-17 0.0
6389.59 1.88579e-17 0.0
6391.6 2.02476e-17 0.0
6393.6 2.19193e-17 0.0
6395.6 1.88822e-17 0.0
6397.61 1.78498e-17 0.0
6399.61 2.26084e-17 0.0
6401.61 2.45916e-17 0.0
6403.62 2.40375e-17 0.0
6405.62 2.29745e-17 0.0
6407.62 1.93981e-17 0.0
6409.63 1.74933e-17 0.0
6411.63 1.83761e-17 0.0
6413.63 2.03664e-17 0.0
6415.64 2.06603e-17 0.0
6417.64 2.00058e-17 0.0
6419.64 1.91684e-17 0.0
6421.65 1.73831e-17 0.0
6423.65 1.96882e-17 0.0
6425.65 2.0574e-17 0.0
6427.66 1.95559e-17 0.0
6429.66 2.18012e-17 0.0
6431.66 2.27434e-17 0.0
6433.67 2.08662e-17 0.0
6435.67 1.98612e-17 0.0
6437.67 2.14191e-17 0.0
6439.68 2.00786e-17 0.0
6441.68 1.83468e-17 0.0
6443.69 1.74384e-17 0.0
6445.69 1.96323e-17 0.0
6447.69 1.98494e-17 0.0
6449.7 1.84649e-17 0.0
6451.7 1.91647e-17 0.0
6453.7 2.12441e-17 0.0
6455.71 1.9889e-17 0.0
6457.71 1.92525e-17 0.0
6459.71 2.05739e-17 0.0
6461.72 1.83989e-17 0.0
6463.72 2.30882e-17 0.0
6465.72 1.97785e-17 0.0
6467.73 2.14805e-17 0.0
6469.73 2.16194e-17 0.0
6471.73 2.0281e-17 0.0
6473.74 1.953e-17 0.0
6475.74 2.05628e-17 0.0
6477.74 1.89981e-17 0.0
6479.75 2.10807e-17 0.0
6481.75 2.17612e-17 0.0
6483.75 1.77213e-17 0.0
6485.76 1.92099e-17 0.0
6487.76 2.32618e-17 0.0
6489.76 2.17611e-17 0.0
6491.77 1.57008e-17 0.0
6493.77 1.76149e-17 0.0
6495.77 1.80965e-17 0.0
6497.78 1.99746e-17 0.0
6499.78 2.10985e-17 0.0
6501.79 2.031e-17 0.0
6503.79 1.81969e-17 0.0
6505.79 1.8758e-17 0.0
6507.8 1.86155e-17 0.0
6509.8 1.85497e-17 0.0
6511.8 2.06281e-17 0.0
6513.81 1.68666e-17 0.0
6515.81 1.75284e-17 0.0
6517.81 2.09743e-17 0.0
6519.82 1.93826e-17 0.0
6521.82 1.79555e-17 0.0
6523.82 1.97236e-17 0.0
6525.83 1.97573e-17 0.0
6527.83 1.94434e-17 0.0
6529.83 2.14625e-17 0.0
6531.84 2.24119e-17 0.0
6533.84 2.14064e-17 0.0
6535.84 1.96656e-17 0.0
6537.85 2.10254e-17 0.0
6539.85 2.18704e-17 0.0
6541.85 2.10724e-17 0.0
6543.86 2.13753e-17 0.0
6545.86 1.89021e-17 0.0
6547.86 1.79193e-17 0.0
6549.87 1.97885e-17 0.0
6551.87 2.023e-17 0.0
6553.88 1.87684e-17 0.0
6555.88 2.00244e-17 0.0
6557.88 2.10484e-17 0.0
6559.89 2.03114e-17 0.0
6561.89 2.17985e-17 0.0
6563.89 2.02704e-17 0.0
6565.9 2.1765e-17 0.0
6567.9 2.11839e-17 0.0
6569.9 2.00414e-17 0.0
6571.91 1.99836e-17 0.0
6573.91 1.95918e-17 0.0
6575.91 1.97476e-17 0.0
6577.92 1.86987e-17 0.0
6579.92 2.1052e-17 0.0
6581.92 2.10197e-17 0.0
6583.93 2.07408e-17 0.0
6585.93 1.91649e-17 0.0
6587.93 1.93525e-17 0.0
6589.94 2.04112e-17 0.0
6591.94 1.94084e-17 0.0
6593.94 2.11872e-17 0.0
6595.95 2.35636e-17 0.0
6597.95 2.14584e-17 0.0
6599.95 2.04488e-17 0.0
6601.96 2.17685e-17 0.0
6603.96 2.09366e-17 0.0
6605.97 2.04456e-17 0.0
6607.97 1.92385e-17 0.0
6609.97 1.7617e-17 0.0
6611.98 1.82987e-17 0.0
6613.98 2.08767e-17 0.0
6615.98 1.92173e-17 0.0
6617.99 1.83436e-17 0.0
6619.99 2.08631e-17 0.0
6621.99 2.01435e-17 0.0
6624.0 2.00775e-17 0.0
6626.0 2.05519e-17 0.0
6628.0 2.12544e-17 0.0
6630.01 2.0628e-17 0.0
6632.01 2.15563e-17 0.0
6634.01 2.09229e-17 0.0
6636.02 2.10989e-17 0.0
6638.02 1.97069e-17 0.0
6640.02 2.15961e-17 0.0
6642.03 2.16343e-17 0.0
6644.03 2.07707e-17 0.0
6646.03 2.07951e-17 0.0
6648.04 2.05755e-17 0.0
6650.04 1.9531e-17 0.0
6652.04 2.0167e-17 0.0
6654.05 2.04061e-17 0.0
6656.05 1.92594e-17 0.0
6658.06 1.87017e-17 0.0
6660.06 2.26919e-17 0.0
6662.06 2.33091e-17 0.0
6664.07 2.28385e-17 0.0
6666.07 2.25435e-17 0.0
6668.07 1.97996e-17 0.0
6670.08 2.00384e-17 0.0
6672.08 1.98309e-17 0.0
6674.08 2.08834e-17 0.0
6676.09 2.17898e-17 0.0
6678.09 2.00569e-17 0.0
6680.09 2.08173e-17 0.0
6682.1 1.8975e-17 0.0
6684.1 1.76288e-17 0.0
6686.1 2.02258e-17 0.0
6688.11 2.11357e-17 0.0
6690.11 1.90415e-17 0.0
6692.11 2.05558e-17 0.0
6694.12 2.13268e-17 0.0
6696.12 2.23139e-17 0.0
6698.12 2.07123e-17 0.0
6700.13 1.99026e-17 0.0
6702.13 2.16712e-17 0.0
6704.13 2.18847e-17 0.0
6706.14 2.06916e-17 0.0
6708.14 2.06165e-17 0.0
6710.15 1.93647e-17 0.0
6712.15 2.03072e-17 0.0
6714.15 2.27215e-17 0.0
6716.16 2.21589e-17 0.0
6718.16 1.94154e-17 0.0
6720.16 1.85307e-17 0.0
6722.17 2.13237e-17 0.0
6724.17 2.0251e-17 0.0
6726.17 1.83462e-17 0.0
6728.18 1.91187e-17 0.0
6730.18 2.02883e-17 0.0
6732.18 2.05798e-17 0.0
6734.19 1.94057e-17 0.0
6736.19 2.09843e-17 0.0
6738.19 2.17111e-17 0.0
6740.2 2.09991e-17 0.0
6742.2 2.01706e-17 0.0
6744.2 1.94389e-17 0.0
6746.21 1.92377e-17 0.0
6748.21 2.05373e-17 0.0
6750.21 2.21113e-17 0.0
6752.22 2.06415e-17 0.0
6754.22 2.03248e-17 0.0
6756.22 2.16093e-17 0.0
6758.23 2.16235e-17 0.0
6760.23 2.04875e-17 0.0
6762.23 1.97311e-17 0.0
6764.24 2.13104e-17 0.0
6766.24 2.19722e-17 0.0
6768.25 2.08131e-17 0.0
6770.25 1.95601e-17 0.0
6772.25 2.12308e-17 0.0
6774.26 2.12159e-17 0.0
6776.26 2.05328e-17 0.0
6778.26 2.03451e-17 0.0
6780.27 1.74665e-17 0.0
6782.27 2.06169e-17 0.0
6784.27 2.11354e-17 0.0
6786.28 1.98257e-17 0.0
6788.28 2.33148e-17 0.0
6790.28 2.51273e-17 0.0
6792.29 2.48305e-17 0.0
6794.29 2.08528e-17 0.0
6796.29 2.25116e-17 0.0
6798.3 2.35978e-17 0.0
6800.3 1.81901e-17 0.0
6802.3 1.96621e-17 0.0
6804.31 2.02433e-17 0.0
6806.31 1.86436e-17 0.0
6808.31 1.97107e-17 0.0
6810.32 2.16665e-17 0.0
6812.32 2.13682e-17 0.0
6814.32 1.95406e-17 0.0
6816.33 1.99218e-17 0.0
6818.33 2.12257e-17 0.0
6820.33 1.92841e-17 0.0
6822.34 1.88571e-17 0.0
6824.34 1.78603e-17 0.0
6826.35 1.77145e-17 0.0
6828.35 2.01819e-17 0.0
6830.35 2.43692e-17 0.0
6832.36 2.15368e-17 0.0
6834.36 1.99088e-17 0.0
6836.36 2.18968e-17 0.0
6838.37 2.19835e-17 0.0
6840.37 2.14502e-17 0.0
6842.37 2.23211e-17 0.0
6844.38 2.24684e-17 0.0
6846.38 2.15631e-17 0.0
6848.38 2.04466e-17 0.0
6850.39 2.01065e-17 0.0
6852.39 2.16211e-17 0.0
6854.39 2.10786e-17 0.0
6856.4 2.12327e-17 0.0
6858.4 2.17245e-17 0.0
6860.4 1.87233e-17 0.0
6862.41 1.66047e-17 0.0
6864.41 1.49465e-17 0.0
6866.41 1.5331e-17 0.0
6868.42 1.51604e-17 0.0
6870.42 1.34313e-17 0.0
6872.42 1.36024e-17 0.0
6874.43 1.58511e-17 0.0
6876.43 1.4663e-17 0.0
6878.44 1.81993e-17 0.0
6880.44 1.6756e-17 0.0
6882.44 1.91695e-17 0.0
6884.45 1.94795e-17 0.0
6886.45 1.42795e-17 0.0
6888.45 1.47991e-17 0.0
6890.46 1.92103e-17 0.0
6892.46 1.77392e-17 0.0
6894.46 1.73264e-17 0.0
6896.47 1.8967e-17 0.0
6898.47 1.74369e-17 0.0
6900.47 2.07387e-17 0.0
6902.48 1.7302e-17 0.0
6904.48 1.94073e-17 0.0
6906.48 1.91539e-17 0.0
6908.49 1.61728e-17 0.0
6910.49 1.73058e-17 0.0
6912.49 1.95144e-17 0.0
6914.5 2.13726e-17 0.0
6916.5 2.03221e-17 0.0
6918.5 1.79281e-17 0.0
6920.51 1.92405e-17 0.0
6922.51 1.97249e-17 0.0
6924.51 1.79918e-17 0.0
6926.52 1.9163e-17 0.0
6928.52 1.92976e-17 0.0
6930.52 1.8085e-17 0.0
6932.53 1.73547e-17 0.0
6934.53 1.6378e-17 0.0
6936.54 1.66905e-17 0.0
6938.54 2.0786e-17 0.0
6940.54 2.01281e-17 0.0
6942.55 1.725e-17 0.0
6944.55 1.79867e-17 0.0
6946.55 1.87366e-17 0.0
6948.56 1.75061e-17 0.0
6950.56 1.70377e-17 0.0
6952.56 1.82174e-17 0.0
6954.57 1.72322e-17 0.0
6956.57 1.84765e-17 0.0
6958.57 1.82638e-17 0.0
6960.58 1.91046e-17 0.0
6962.58 2.11612e-17 0.0
6964.58 2.17933e-17 0.0
6966.59 1.99321e-17 0.0
6968.59 1.7846e-17 0.0
6970.59 2.00951e-17 0.0
6972.6 2.06361e-17 0.0
6974.6 2.16848e-17 0.0
6976.6 1.92463e-17 0.0
6978.61 1.98677e-17 0.0
6980.61 1.82445e-17 0.0
6982.61 1.66362e-17 0.0
6984.62 1.9555e-17 0.0
6986.62 1.99555e-17 0.0
6988.63 1.94156e-17 0.0
6990.63 2.01401e-17 0.0
6992.63 1.93399e-17 0.0
6994.64 1.95361e-17 0.0
6996.64 1.80129e-17 0.0
6998.64 1.83261e-17 0.0
7000.65 1.8619e-17 0.0
7002.65 1.99989e-17 0.0
7004.65 2.08761e-17 0.0
7006.66 1.85605e-17 0.0
7008.66 1.90259e-17 0.0
7010.66 1.93227e-17 0.0
7012.67 1.94293e-17 0.0
7014.67 2.08643e-17 0.0
7016.67 1.87758e-17 0.0
7018.68 1.98783e-17 0.0
7020.68 1.995e-17 0.0
7022.68 1.82727e-17 0.0
7024.69 1.81527e-17 0.0
7026.69 1.95398e-17 0.0
7028.69 1.89798e-17 0.0
7030.7 1.89458e-17 0.0
7032.7 1.94393e-17 0.0
7034.7 1.93244e-17 0.0
7036.71 1.87633e-17 0.0
7038.71 1.73987e-17 0.0
7040.72 1.9145e-17 0.0
7042.72 1.92324e-17 0.0
7044.72 2.08029e-17 0.0
7046.73 2.04169e-17 0.0
7048.73 1.85672e-17 0.0
7050.73 1.92539e-17 0.0
7052.74 1.77487e-17 0.0
7054.74 1.87433e-17 0.0
7056.74 1.98262e-17 0.0
7058.75 2.15133e-17 0.0
7060.75 2.18575e-17 0.0
7062.75 1.84479e-17 0.0
7064.76 1.92015e-17 0.0
7066.76 1.98616e-17 0.0
7068.76 2.13133e-17 0.0
7070.77 2.21443e-17 0.0
7072.77 1.97065e-17 0.0
7074.77 2.12775e-17 0.0
7076.78 2.02081e-17 0.0
7078.78 2.14359e-17 0.0
7080.78 2.00138e-17 0.0
7082.79 1.99118e-17 0.0
7084.79 2.00997e-17 0.0
7086.79 1.8122e-17 0.0
7088.8 1.81214e-17 0.0
7090.8 1.92151e-17 0.0
7092.81 1.91757e-17 0.0
7094.81 2.09599e-17 0.0
7096.81 1.89901e-17 0.0
7098.82 1.8453e-17 0.0
7100.82 1.80261e-17 0.0
7102.82 1.96354e-17 0.0
7104.83 2.07432e-17 0.0
7106.83 2.0625e-17 0.0
7108.83 2.05003e-17 0.0
7110.84 1.89755e-17 0.0
7112.84 1.87365e-17 0.0
7114.84 1.98204e-17 0.0
7116.85 1.96001e-17 0.0
7118.85 2.02229e-17 0.0
7120.85 2.13904e-17 0.0
7122.86 1.97155e-17 0.0
7124.86 1.88273e-17 0.0
7126.86 1.99937e-17 0.0
7128.87 1.82224e-17 0.0
7130.87 1.65449e-17 0.0
7132.87 1.9496e-17 0.0
7134.88 2.06641e-17 0.0
7136.88 1.89348e-17 0.0
7138.88 1.81879e-17 0.0
7140.89 1.6465e-17 0.0
7142.89 1.58424e-17 0.0
7144.9 1.77609e-17 0.0
7146.9 1.90298e-17 0.0
7148.9 1.84628e-17 0.0
7150.91 1.91806e-17 0.0
7152.91 1.6388e-17 0.0
7154.91 1.90914e-17 0.0
7156.92 1.89343e-17 0.0
7158.92 1.89207e-17 0.0
7160.92 1.83145e-17 0.0
7162.93 1.6723e-17 0.0
7164.93 1.56217e-17 0.0
7166.93 1.74444e-17 0.0
7168.94 1.73457e-17 0.0
7170.94 1.50169e-17 0.0
7172.94 1.64561e-17 0.0
7174.95 1.74138e-17 0.0
7176.95 1.47487e-17 0.0
7178.95 1.78159e-17 0.0
7180.96 1.82238e-17 0.0
7182.96 1.64558e-17 0.0
7184.96 1.5363e-17 0.0
7186.97 1.55355e-17 0.0
7188.97 1.68601e-17 0.0
7190.97 1.80629e-17 0.0
7192.98 1.73919e-17 0.0
7194.98 1.67469e-17 0.0
7196.98 1.60515e-17 0.0
7198.99 1.60337e-17 0.0
7200.99 1.67685e-17 0.0
7203.0 1.64079e-17 0.0
7205.0 1.72252e-17 0.0
7207.0 1.73308e-17 0.0
7209.01 1.78085e-17 0.0
7211.01 1.86356e-17 0.0
7213.01 1.88522e-17 0.0
7215.02 2.03704e-17 0.0
7217.02 2.0716e-17 0.0
7219.02 2.04201e-17 0.0
7221.03 1.93705e-17 0.0
7223.03 1.98974e-17 0.0
7225.03 2.11316e-17 0.0
7227.04 2.14093e-17 0.0
7229.04 1.86079e-17 0.0
7231.04 1.93903e-17 0.0
7233.05 1.77782e-17 0.0
7235.05 1.68274e-17 0.0
7237.05 1.57468e-17 0.0
7239.06 2.08228e-17 0.0
7241.06 1.68749e-17 0.0
7243.06 2.06386e-17 0.0
7245.07 2.03508e-17 0.0
7247.07 2.05772e-17 0.0
7249.07 2.17764e-17 0.0
7251.08 2.51217e-17 0.0
7253.08 2.28895e-17 0.0
7255.08 1.96515e-17 0.0
7257.09 2.20075e-17 0.0
7259.09 2.26418e-17 0.0
7261.1 1.9477e-17 0.0
7263.1 2.09583e-17 0.0
7265.1 2.06361e-17 0.0
7267.11 2.25291e-17 0.0
7269.11 2.35174e-17 0.0
7271.11 2.04075e-17 0.0
7273.12 1.91241e-17 0.0
7275.12 2.1323e-17 0.0
7277.12 2.14741e-17 0.0
7279.13 2.01079e-17 0.0
7281.13 2.31895e-17 0.0
7283.13 2.5402e-17 0.0
7285.14 2.33426e-17 0.0
7287.14 2.05748e-17 0.0
7289.14 1.97173e-17 0.0
7291.15 2.00488e-17 0.0
7293.15 2.15665e-17 0.0
7295.15 2.19844e-17 0.0
7297.16 2.13247e-17 0.0
7299.16 2.09183e-17 0.0
7301.16 2.17938e-17 0.0
7303.17 2.26167e-17 0.0
7305.17 2.22785e-17 0.0
7307.17 2.08577e-17 0.0
7309.18 2.13206e-17 0.0
7311.18 1.90725e-17 0.0
7313.19 2.0906e-17 0.0
7315.19 1.94745e-17 0.0
7317.19 2.00988e-17 0.0
7319.2 2.3566e-17 0.0
7321.2 2.40215e-17 0.0
7323.2 2.00554e-17 0.0
7325.21 2.11849e-17 0.0
7327.21 2.09186e-17 0.0
7329.21 1.95097e-17 0.0
7331.22 1.83966e-17 0.0
7333.22 1.99133e-17 0.0
7335.22 2.08537e-17 0.0
7337.23 2.22333e-17 0.0
7339.23 2.65501e-17 0.0
7341.23 2.48673e-17 0.0
7343.24 2.11801e-17 0.0
7345.24 2.29964e-17 0.0
7347.24 2.28341e-17 0.0
7349.25 2.17573e-17 0.0
7351.25 2.31678e-17 0.0
7353.25 2.36279e-17 0.0
7355.26 2.32907e-17 0.0
7357.26 2.41658e-17 0.0
7359.26 2.4742e-17 0.0
7361.27 2.84476e-17 0.0
7363.27 4.14375e-17 0.0
7365.27 5.51e-17 0.0
7367.28 6.9856e-17 0.0
7369.28 8.02811e-17 0.0
7371.29 6.59017e-17 0.0
7373.29 4.76154e-17 0.0
7375.29 3.28067e-17 0.0
7377.3 2.42362e-17 0.0
7379.3 2.2096e-17 0.0
7381.3 2.17037e-17 0.0
7383.31 2.26009e-17 0.0
7385.31 2.43193e-17 0.0
7387.31 2.42982e-17 0.0
7389.32 2.71013e-17 0.0
7391.32 3.25577e-17 0.0
7393.32 3.09267e-17 0.0
7395.33 2.66718e-17 0.0
7397.33 2.19446e-17 0.0
7399.33 2.08291e-17 0.0
7401.34 1.95623e-17 0.0
7403.34 2.27223e-17 0.0
7405.34 2.3277e-17 0.0
7407.35 2.39755e-17 0.0
7409.35 2.15412e-17 0.0
7411.35 2.11829e-17 0.0
7413.36 2.23484e-17 0.0
7415.36 2.18963e-17 0.0
7417.36 2.15907e-17 0.0
7419.37 2.01354e-17 0.0
7421.37 1.96167e-17 0.0
7423.38 2.01621e-17 0.0
7425.38 2.01376e-17 0.0
7427.38 2.21716e-17 0.0
7429.39 2.19635e-17 0.0
7431.39 2.09357e-17 0.0
7433.39 2.23112e-17 0.0
7435.4 2.11149e-17 0.0
7437.4 1.94689e-17 0.0
7439.4 2.11584e-17 0.0
7441.41 2.31918e-17 0.0
7443.41 2.05257e-17 0.0
7445.41 1.94908e-17 0.0
7447.42 1.97141e-17 0.0
7449.42 2.09492e-17 0.0
7451.42 2.08404e-17 0.0
7453.43 2.03979e-17 0.0
7455.43 2.04165e-17 0.0
7457.43 2.07343e-17 0.0
7459.44 2.08729e-17 0.0
7461.44 1.83255e-17 0.0
7463.44 1.72e-17 0.0
7465.45 2.19184e-17 0.0
7467.45 1.85911e-17 0.0
7469.45 2.04933e-17 0.0
7471.46 2.07046e-17 0.0
7473.46 1.93179e-17 0.0
7475.47 1.80663e-17 0.0
7477.47 1.94623e-17 0.0
7479.47 1.84159e-17 0.0
7481.48 1.89807e-17 0.0
7483.48 1.62293e-17 0.0
7485.48 1.55546e-17 0.0
7487.49 1.86306e-17 0.0
7489.49 1.98692e-17 0.0
7491.49 1.8192e-17 0.0
7493.5 1.9387e-17 0.0
7495.5 2.10665e-17 0.0
7497.5 1.97016e-17 0.0
7499.51 2.02023e-17 0.0
7501.51 1.90385e-17 0.0
7503.51 1.85531e-17 0.0
7505.52 1.98778e-17 0.0
7507.52 1.88381e-17 0.0
7509.52 1.85453e-17 0.0
7511.53 1.87487e-17 0.0
7513.53 1.87779e-17 0.0
7515.53 1.73624e-17 0.0
7517.54 1.74449e-17 0.0
7519.54 1.51994e-17 0.0
7521.54 1.65089e-17 0.0
7523.55 1.96293e-17 0.0
7525.55 1.89424e-17 0.0
7527.56 2.11426e-17 0.0
7529.56 2.0199e-17 0.0
7531.56 1.91925e-17 0.0
7533.57 1.79428e-17 0.0
7535.57 2.09572e-17 0.0
7537.57 2.56419e-17 0.0
7539.58 2.87095e-17 0.0
7541.58 2.99754e-17 0.0
7543.58 2.80801e-17 0.0
7545.59 2.42354e-17 0.0
7547.59 2.21644e-17 0.0
7549.59 1.93731e-17 0.0
7551.6 2.10838e-17 0.0
7553.6 2.14704e-17 0.0
7555.6 2.47388e-17 0.0
7557.61 2.59212e-17 0.0
7559.61 2.32091e-17 0.0
7561.61 2.01497e-17 0.0
7563.62 1.73032e-17 0.0
7565.62 2.00083e-17 0.0
7567.62 1.8199e-17 0.0
7569.63 1.72786e-17 0.0
7571.63 1.80234e-17 0.0
7573.63 1.7524e-17 0.0
7575.64 1.96783e-17 0.0
7577.64 1.97004e-17 0.0
7579.65 1.81086e-17 0.0
7581.65 1.88577e-17 0.0
7583.65 1.89095e-17 0.0
7585.66 1.76455e-17 0.0
7587.66 1.8241e-17 0.0
7589.66 1.56433e-17 0.0
7591.67 1.36223e-17 0.0
7593.67 1.09478e-17 0.0
7595.67 8.28275e-18 0.0
7597.68 4.39273e-18 0.0
7599.68 3.46156e-18 0.0
7601.68 5.1156e-18 0.0
7603.69 2.79013e-18 0.0
7605.69 4.92024e-18 0.0
7607.69 4.69496e-18 0.0
7609.7 4.65036e-18 0.0
7611.7 8.35598e-18 0.0
7613.7 9.13165e-18 0.0
7615.71 1.07378e-17 0.0
7617.71 1.15859e-17 0.0
7619.71 1.30868e-17 0.0
7621.72 1.18975e-17 0.0
7623.72 9.80881e-18 0.0
7625.72 1.03305e-17 0.0
7627.73 8.25526e-18 0.0
7629.73 7.08385e-18 0.0
7631.73 7.01695e-18 0.0
7633.74 7.41499e-18 0.0
7635.74 7.45278e-18 0.0
7637.75 8.09796e-18 0.0
7639.75 9.78686e-18 0.0
7641.75 1.09518e-17 0.0
7643.76 1.28481e-17 0.0
7645.76 1.16862e-17 0.0
7647.76 1.10363e-17 0.0
7649.77 1.26911e-17 0.0
7651.77 1.08554e-17 0.0
7653.77 1.01308e-17 0.0
7655.78 1.27087e-17 0.0
7657.78 1.4623e-17 0.0
7659.78 1.40187e-17 0.0
7661.79 1.49163e-17 0.0
7663.79 1.49416e-17 0.0
7665.79 1.42635e-17 0.0
7667.8 1.42443e-17 0.0
7669.8 1.6081e-17 0.0
7671.8 1.70957e-17 0.0
7673.81 1.57616e-17 0.0
7675.81 1.4274e-17 0.0
7677.81 1.58343e-17 0.0
7679.82 1.5681e-17 0.0
7681.82 1.29914e-17 0.0
7683.82 1.49855e-17 0.0
7685.83 1.56554e-17 0.0
7687.83 1.64177e-17 0.0
7689.83 1.7751e-17 0.0
7691.84 1.67139e-17 0.0
7693.84 1.54539e-17 0.0
7695.85 1.75321e-17 0.0
7697.85 1.64116e-17 0.0
7699.85 1.58247e-17 0.0
7701.86 1.59477e-17 0.0
7703.86 1.60342e-17 0.0
7705.86 1.82893e-17 0.0
7707.87 1.79432e-17 0.0
7709.87 1.45687e-17 0.0
7711.87 1.48214e-17 0.0
7713.88 1.5889e-17 0.0
7715.88 1.80315e-17 0.0
7717.88 1.99669e-17 0.0
7719.89 1.89298e-17 0.0
7721.89 1.79602e-17 0.0
7723.89 1.55265e-17 0.0
7725.9 1.5653e-17 0.0
7727.9 1.75831e-17 0.0
7729.9 1.61443e-17 0.0
7731.91 1.65813e-17 0.0
7733.91 1.68654e-17 0.0
7735.91 1.64075e-17 0.0
7737.92 1.70773e-17 0.0
7739.92 1.49913e-17 0.0
7741.92 1.66543e-17 0.0
7743.93 1.57225e-17 0.0
7745.93 1.66488e-17 0.0
7747.94 2.10828e-17 0.0
7749.94 1.5951e-17 0.0
7751.94 1.41345e-17 0.0
7753.95 1.6041e-17 0.0
7755.95 1.61844e-17 0.0
7757.95 1.37012e-17 0.0
7759.96 1.32926e-17 0.0
7761.96 1.52789e-17 0.0
7763.96 1.44971e-17 0.0
7765.97 1.49789e-17 0.0
7767.97 1.84715e-17 0.0
7769.97 2.04736e-17 0.0
7771.98 2.00482e-17 0.0
7773.98 1.8043e-17 0.0
7775.98 1.82416e-17 0.0
7777.99 2.02846e-17 0.0
7779.99 1.87516e-17 0.0
7781.99 1.70879e-17 0.0
7784.0 1.71508e-17 0.0
7786.0 1.66646e-17 0.0
7788.0 1.59163e-17 0.0
7790.01 1.39838e-17 0.0
7792.01 1.36535e-17 0.0
7794.01 1.46459e-17 0.0
7796.02 1.27943e-17 0.0
7798.02 1.2864e-17 0.0
7800.02 1.80452e-17 0.0
7802.03 2.04833e-17 0.0
7804.03 1.74356e-17 0.0
7806.04 1.94487e-17 0.0
7808.04 1.94656e-17 0.0
7810.04 2.21509e-17 0.0
7812.05 1.97369e-17 0.0
7814.05 2.3454e-17 0.0
7816.05 2.49829e-17 0.0
7818.06 1.62841e-17 0.0
7820.06 1.47492e-17 0.0
7822.06 1.70732e-17 0.0
7824.07 1.63656e-17 0.0
7826.07 1.6496e-17 0.0
7828.07 1.5155e-17 0.0
7830.08 1.59438e-17 0.0
7832.08 1.55863e-17 0.0
7834.08 1.42572e-17 0.0
7836.09 1.36414e-17 0.0
7838.09 1.54875e-17 0.0
7840.09 1.57914e-17 0.0
7842.1 1.47507e-17 0.0
7844.1 1.28991e-17 0.0
7846.1 1.4609e-17 0.0
7848.11 1.58084e-17 0.0
7850.11 1.56269e-17 0.0
7852.11 1.6453e-17 0.0
7854.12 1.93755e-17 0.0
7856.12 1.89305e-17 0.0
7858.13 1.569e-17 0.0
7860.13 1.69536e-17 0.0
7862.13 1.72862e-17 0.0
7864.14 1.59633e-17 0.0
7866.14 1.61588e-17 0.0
7868.14 1.44185e-17 0.0
7870.15 1.39797e-17 0.0
7872.15 1.5078e-17 0.0
7874.15 1.28356e-17 0.0
7876.16 1.47613e-17 0.0
7878.16 1.51506e-17 0.0
7880.16 1.30507e-17 0.0
7882.17 1.447e-17 0.0
7884.17 1.31574e-17 0.0
7886.17 1.39283e-17 0.0
7888.18 1.58024e-17 0.0
7890.18 1.72076e-17 0.0
7892.18 1.55257e-17 0.0
7894.19 1.58069e-17 0.0
7896.19 1.67855e-17 0.0
7898.19 1.55322e-17 0.0
7900.2 1.50444e-17 0.0
7902.2 1.32318e-17 0.0
7904.2 1.63076e-17 0.0
7906.21 1.30585e-17 0.0
7908.21 1.5885e-17 0.0
7910.22 1.79818e-17 0.0
7912.22 1.3355e-17 0.0
7914.22 1.58461e-17 0.0
7916.23 1.48478e-17 0.0
7918.23 1.41114e-17 0.0
7920.23 1.67728e-17 0.0
7922.24 1.30735e-17 0.0
7924.24 1.29183e-17 0.0
7926.24 1.78628e-17 0.0
7928.25 1.81024e-17 0.0
7930.25 1.58042e-17 0.0
7932.25 1.49662e-17 0.0
7934.26 1.40299e-17 0.0
7936.26 1.35139e-17 0.0
7938.26 1.47384e-17 0.0
7940.27 1.56474e-17 0.0
7942.27 1.5899e-17 0.0
7944.27 1.52896e-17 0.0
7946.28 1.40359e-17 0.0
7948.28 1.46348e-17 0.0
7950.28 1.41186e-17 0.0
7952.29 1.30489e-17 0.0
7954.29 1.46514e-17 0.0
7956.29 1.46294e-17 0.0
7958.3 1.40763e-17 0.0
7960.3 1.4761e-17 0.0
7962.31 1.21222e-17 0.0
7964.31 1.20655e-17 0.0
7966.31 1.65327e-17 0.0
7968.32 1.62479e-17 0.0
7970.32 1.45171e-17 0.0
7972.32 1.54973e-17 0.0
7974.33 1.39934e-17 0.0
7976.33 1.38235e-17 0.0
7978.33 1.26554e-17 0.0
7980.34 1.33641e-17 0.0
7982.34 1.43732e-17 0.0
7984.34 1.32088e-17 0.0
7986.35 1.46613e-17 0.0
7988.35 1.59311e-17 0.0
7990.35 1.61143e-17 0.0
7992.36 1.31844e-17 0.0
7994.36 1.2133e-17 0.0
7996.36 1.50889e-17 0.0
7998.37 1.18074e-17 0.0
8000.37 1.30537e-17 0.0
8002.37 1.65043e-17 0.0
8004.38 1.62008e-17 0.0
8006.38 1.69141e-17 0.0
8008.38 1.41165e-17 0.0
8010.39 1.31228e-17 0.0
8012.39 1.53521e-17 0.0
8014.4 1.65672e-17 0.0
8016.4 1.67244e-17 0.0
8018.4 1.66687e-17 0.0
8020.41 1.27777e-17 0.0
8022.41 1.51488e-17 0.0
8024.41 1.85184e-17 0.0
8026.42 1.41821e-17 0.0
8028.42 1.01682e-17 0.0
8030.42 1.2957e-17 0.0
8032.43 1.40289e-17 0.0
8034.43 1.50763e-17 0.0
8036.43 1.56383e-17 0.0
8038.44 1.32211e-17 0.0
8040.44 1.38938e-17 0.0
8042.44 1.37546e-17 0.0
8044.45 1.39135e-17 0.0
8046.45 1.29773e-17 0.0
8048.45 1.20062e-17 0.0
8050.46 1.35703e-17 0.0
8052.46 1.41438e-17 0.0
8054.46 1.30122e-17 0.0
8056.47 1.24232e-17 0.0
8058.47 1.16154e-17 0.0
8060.47 1.23257e-17 0.0
8062.48 1.21539e-17 0.0
8064.48 1.1762e-17 0.0
8066.48 1.52152e-17 0.0
8068.49 1.37321e-17 0.0
8070.49 1.32444e-17 0.0
8072.5 1.34956e-17 0.0
8074.5 1.35976e-17 0.0
8076.5 1.31004e-17 0.0
8078.51 1.42139e-17 0.0
8080.51 1.38702e-17 0.0
8082.51 1.55956e-17 0.0
8084.52 1.44763e-17 0.0
8086.52 1.5105e-17 0.0
8088.52 1.384e-17 0.0
8090.53 1.24912e-17 0.0
8092.53 1.23715e-17 0.0
8094.53 1.45688e-17 0.0
8096.54 1.42502e-17 0.0
8098.54 1.4268e-17 0.0
8100.54 1.20765e-17 0.0
8102.55 1.36344e-17 0.0
8104.55 1.33244e-17 0.0
8106.55 1.2746e-17 0.0
8108.56 1.46932e-17 0.0
8110.56 1.45612e-17 0.0
8112.56 1.40995e-17 0.0
8114.57 1.52911e-17 0.0
8116.57 1.43646e-17 0.0
8118.57 1.3196e-17 0.0
8120.58 1.24993e-17 0.0
8122.58 1.38069e-17 0.0
8124.58 1.60181e-17 0.0
8126.59 1.48841e-17 0.0
8128.59 1.51836e-17 0.0
8130.6 1.58352e-17 0.0
8132.6 1.32544e-17 0.0
8134.6 1.2661e-17 0.0
8136.61 1.50242e-17 0.0
8138.61 1.47243e-17 0.0
8140.61 1.40218e-17 0.0
8142.62 1.44773e-17 0.0
8144.62 1.37035e-17 0.0
8146.62 1.56681e-17 0.0
8148.63 1.51692e-17 0.0
8150.63 1.41936e-17 0.0
8152.63 1.42198e-17 0.0
8154.64 1.36713e-17 0.0
8156.64 1.2496e-17 0.0
8158.64 1.33545e-17 0.0
8160.65 1.28919e-17 0.0
8162.65 1.24138e-17 0.0
8164.65 1.19529e-17 0.0
8166.66 1.09544e-17 0.0
8168.66 1.40119e-17 0.0
8170.66 1.41505e-17 0.0
8172.67 1.305e-17 0.0
8174.67 1.3384e-17 0.0
8176.67 1.15023e-17 0.0
8178.68 1.06517e-17 0.0
8180.68 1.30288e-17 0.0
8182.69 1.44585e-17 0.0
8184.69 1.57201e-17 0.0
8186.69 1.56322e-17 0.0
8188.7 1.31382e-17 0.0
8190.7 1.2731e-17 0.0
8192.7 1.49554e-17 0.0
8194.71 1.47881e-17 0.0
8196.71 1.30824e-17 0.0
8198.71 1.37016e-17 0.0
8200.72 1.16404e-17 0.0
8202.72 1.24812e-17 0.0
8204.72 1.55895e-17 0.0
8206.73 1.51308e-17 0.0
8208.73 1.15167e-17 0.0
8210.73 1.35732e-17 0.0
8212.74 1.33012e-17 0.0
8214.74 1.36532e-17 0.0
8216.74 1.56604e-17 0.0
8218.75 1.41173e-17 0.0
8220.75 1.34835e-17 0.0
8222.75 1.35697e-17 0.0
8224.76 1.22455e-17 0.0
8226.76 1.19091e-17 0.0
8228.76 1.19672e-17 0.0
8230.77 1.21521e-17 0.0
8232.77 1.21872e-17 0.0
8234.78 1.4548e-17 0.0
8236.78 1.50442e-17 0.0
8238.78 1.27975e-17 0.0
8240.79 1.3333e-17 0.0
8242.79 1.4576e-17 0.0
8244.79 1.37863e-17 0.0
8246.8 1.25547e-17 0.0
8248.8 1.3939e-17 0.0
8250.8 1.38263e-17 0.0
8252.81 1.23781e-17 0.0
8254.81 1.36463e-17 0.0
8256.81 1.44412e-17 0.0
8258.82 1.29476e-17 0.0
8260.82 1.20371e-17 0.0
8262.82 1.35032e-17 0.0
8264.83 1.33633e-17 0.0
8266.83 1.42513e-17 0.0
8268.83 1.47322e-17 0.0
8270.84 1.2435e-17 0.0
8272.84 1.38256e-17 0.0
8274.84 1.67266e-17 0.0
8276.85 1.43978e-17 0.0
8278.85 1.78217e-17 0.0
8280.85 1.87224e-17 0.0
8282.86 1.07569e-17 0.0
8284.86 9.34064e-18 0.0
8286.87 1.51855e-17 0.0
8288.87 1.98463e-17 0.0
8290.87 2.01393e-17 0.0
8292.88 2.47663e-17 0.0
8294.88 2.05809e-17 0.0
8296.88 1.57747e-17 0.0
8298.89 1.31375e-17 0.0
8300.89 9.22639e-18 0.0
8302.89 1.14233e-17 0.0
8304.9 1.08825e-17 0.0
8306.9 1.14645e-17 0.0
8308.9 1.51402e-17 0.0
8310.91 1.44333e-17 0.0
8312.91 1.27659e-17 0.0
8314.91 1.28602e-17 0.0
8316.92 1.24586e-17 0.0
8318.92 1.1942e-17 0.0
8320.92 1.2627e-17 0.0
8322.93 1.35314e-17 0.0
8324.93 1.31702e-17 0.0
8326.93 1.29433e-17 0.0
8328.94 1.31364e-17 0.0
8330.94 1.26003e-17 0.0
8332.94 1.28973e-17 0.0
8334.95 1.52238e-17 0.0
8336.95 1.6284e-17 0.0
8338.96 1.5677e-17 0.0
8340.96 1.79499e-17 0.0
8342.96 1.28028e-17 0.0
8344.96 1.13155e-17 0.0
8346.97 1.27627e-17 0.0
8348.97 8.59846e-18 0.0
8350.98 9.48055e-18 0.0
8352.98 9.91537e-18 0.0
8354.98 1.22667e-17 0.0
8356.99 1.15596e-17 0.0
8358.99 1.38339e-17 0.0
8360.99 1.50485e-17 0.0
8363.0 1.8258e-17 0.0
8365.0 1.42004e-17 0.0
8367.0 1.50652e-17 0.0
8369.01 1.56166e-17 0.0
8371.01 1.5278e-17 0.0
8373.01 1.35015e-17 0.0
8375.02 1.23851e-17 0.0
8377.02 1.17826e-17 0.0
8379.02 1.23057e-17 0.0
8381.03 1.32013e-17 0.0
8383.03 1.31777e-17 0.0
8385.03 1.42118e-17 0.0
8387.04 1.36793e-17 0.0
8389.04 1.29138e-17 0.0
8391.04 1.35692e-17 0.0
8393.05 1.41636e-17 0.0
8395.05 1.20174e-17 0.0
8397.05 1.07936e-17 0.0
8399.06 1.27374e-17 0.0
8401.06 1.55336e-17 0.0
8403.07 1.30483e-17 0.0
8405.07 1.77091e-17 0.0
8407.07 1.56142e-17 0.0
8409.08 1.33926e-17 0.0
8411.08 1.30613e-17 0.0
8413.08 1.79327e-17 0.0
8415.09 1.15454e-17 0.0
8417.09 9.33772e-18 0.0
8419.09 1.15515e-17 0.0
8421.1 1.4374e-17 0.0
8423.1 1.17072e-17 0.0
8425.1 1.29296e-17 0.0
8427.11 1.51429e-17 0.0
8429.11 1.68186e-17 0.0
8431.11 1.52629e-17 0.0
8433.12 1.53256e-17 0.0
8435.12 1.39591e-17 0.0
8437.12 1.24062e-17 0.0
8439.13 1.40728e-17 0.0
8441.13 1.30717e-17 0.0
8443.13 1.27194e-17 0.0
8445.14 1.2901e-17 0.0
8447.14 1.19525e-17 0.0
8449.14 1.40068e-17 0.0
8451.15 1.44968e-17 0.0
8453.15 1.21668e-17 0.0
8455.16 1.20099e-17 0.0
8457.16 1.34474e-17 0.0
8459.16 1.57001e-17 0.0
8461.17 1.85051e-17 0.0
8463.17 1.31656e-17 0.0
8465.17 1.40069e-17 0.0
8467.18 2.0276e-17 0.0
8469.18 1.19778e-17 0.0
8471.18 1.07415e-17 0.0
8473.19 1.30129e-17 0.0
8475.19 1.14246e-17 0.0
8477.19 1.39823e-17 0.0
8479.2 1.34521e-17 0.0
8481.2 1.35333e-17 0.0
8483.2 1.45299e-17 0.0
8485.21 1.19357e-17 0.0
8487.21 1.44986e-17 0.0
8489.21 1.59345e-17 0.0
8491.22 1.34159e-17 0.0
8493.22 1.62087e-17 0.0
8495.22 1.50804e-17 0.0
8497.23 1.41146e-17 0.0
8499.23 1.1975e-17 0.0
8501.23 1.25848e-17 0.0
8503.24 1.25615e-17 0.0
8505.24 1.12318e-17 0.0
8507.25 1.23269e-17 0.0
8509.25 1.36434e-17 0.0
8511.25 1.34056e-17 0.0
8513.26 1.4023e-17 0.0
8515.26 1.43969e-17 0.0
8517.26 1.22268e-17 0.0
8519.27 1.36424e-17 0.0
8521.27 1.69188e-17 0.0
8523.27 1.72435e-17 0.0
8525.28 1.3599e-17 0.0
8527.28 1.45598e-17 0.0
8529.28 1.37315e-17 0.0
8531.29 1.16964e-17 0.0
8533.29 1.18412e-17 0.0
8535.29 1.47743e-17 0.0
8537.3 1.49292e-17 0.0
8539.3 1.65962e-17 0.0
8541.3 1.99383e-17 0.0
8543.31 1.66331e-17 0.0
8545.31 1.7153e-17 0.0
8547.31 1.35535e-17 0.0
8549.32 1.23488e-17 0.0
8551.32 1.32693e-17 0.0
8553.32 1.50328e-17 0.0
8555.33 1.57266e-17 0.0
8557.33 1.51482e-17 0.0
8559.33 1.41492e-17 0.0
8561.34 1.50334e-17 0.0
8563.34 1.40809e-17 0.0
8565.35 1.26998e-17 0.0
8567.35 1.39802e-17 0.0
8569.35 1.24832e-17 0.0
8571.36 1.23552e-17 0.0
8573.36 1.38012e-17 0.0
8575.36 1.3534e-17 0.0
8577.37 1.42477e-17 0.0
8579.37 1.33616e-17 0.0
8581.37 1.24543e-17 0.0
8583.38 1.33094e-17 0.0
8585.38 1.45534e-17 0.0
8587.38 1.4117e-17 0.0
8589.39 1.1953e-17 0.0
8591.39 1.32094e-17 0.0
8593.39 1.23251e-17 0.0
8595.4 1.30892e-17 0.0
8597.4 1.41329e-17 0.0
8599.4 1.41441e-17 0.0
8601.41 1.32866e-17 0.0
8603.41 1.16179e-17 0.0
8605.41 1.50623e-17 0.0
8607.42 1.53858e-17 0.0
8609.42 1.45708e-17 0.0
8611.42 1.32248e-17 0.0
8613.43 1.20422e-17 0.0
8615.43 1.5666e-17 0.0
8617.44 1.32705e-17 0.0
8619.44 1.58117e-17 0.0
8621.44 1.65756e-17 0.0
8623.45 1.63537e-17 0.0
8625.45 1.4402e-17 0.0
8627.45 1.29158e-17 0.0
8629.46 1.36821e-17 0.0
8631.46 1.62059e-17 0.0
8633.46 1.654e-17 0.0
8635.47 1.38166e-17 0.0
8637.47 1.26913e-17 0.0
8639.47 1.46122e-17 0.0
8641.48 1.47611e-17 0.0
8643.48 1.18819e-17 0.0
8645.48 1.13718e-17 0.0
8647.49 1.23159e-17 0.0
8649.49 1.38054e-17 0.0
8651.49 1.41815e-17 0.0
8653.5 1.29218e-17 0.0
8655.5 1.49556e-17 0.0
8657.5 1.38588e-17 0.0
8659.51 1.58172e-17 0.0
8661.51 1.51932e-17 0.0
8663.51 1.30927e-17 0.0
8665.52 1.43471e-17 0.0
8667.52 1.3136e-17 0.0
8669.53 1.91456e-17 0.0
