3753.83  35.8247
3754.87  -184.938
3755.91  74.9777
3756.95  -45.3585
3757.99  35.3954
3759.03  106.64
3760.07  37.9936
3761.11  -14.0792
3762.15  26.0336
3763.19  64.1425
3764.23  -28.2076
3765.27  -119.263
3766.31  -72.4921
3767.35  -68.1867
3768.39  -76.755
3769.43  49.477
3770.47  85.3682
3771.51  173.094
3772.55  84.1086
3773.59  139.995
3774.63  -50.9053
3775.67  17.5937
3776.71  -64.7058
3777.75  -63.7188
3778.79  -21.6859
3779.83  -26.24
3780.87  156.147
3781.91  -49.6471
3782.95  99.6648
3783.99  155.605
3785.03  -39.8579
3786.07  50.6702
3787.11  88.9361
3788.15  152.192
3789.19  14.1488
3790.23  98.3319
3791.27  25.4295
3792.31  142.302
3793.35  124.579
3794.39  88.8503
3795.43  111.447
3796.47  -43.5008
3797.51  -4.79711
3798.55  113.633
3799.59  112.391
3800.63  70.4007
3801.67  -31.573
3802.71  -6.24975
3803.75  61.6747
3804.79  13.4014
3805.83  -115.337
3806.87  64.5819
3807.91  121.693
3808.95  -55.4863
3809.99  47.4884
3811.03  38.8398
3812.07  -30.9884
3813.11  35.7032
3814.15  134.892
3815.19  -90.5539
3816.23  -56.2551
3817.27  -18.7534
3818.31  55.0924
3819.35  99.1254
3820.39  81.1413
3821.43  87.8231
3822.47  -20.7444
3823.51  32.3563
3824.55  95.9168
3825.59  -20.0199
3826.63  151.113
3827.67  20.6116
3828.71  25.1393
3829.75  -36.99
3830.79  58.3285
3831.83  -66.3103
3832.87  -5.94654
3833.91  -35.7721
3834.95  -124.934
3835.99  181.495
3837.03  -35.3069
3838.07  51.2377
3839.11  130.752
3840.15  21.7915
3841.19  -22.6672
3842.23  43.0168
3843.27  144.837
3844.31  31.6792
3845.35  73.6074
3846.39  -20.5451
3847.43  90.2032
3848.47  -60.333
3849.51  86.7019
3850.55  -10.6221
3851.59  34.2942
3852.63  8.21105
3853.67  2.45946
3854.71  32.8747
3855.75  -43.4913
3856.79  18.1211
3857.83  64.457
3858.87  15.3162
3859.91  42.8487
3860.95  84.0604
3861.99  90.8632
3863.03  18.5459
3864.07  -60.6329
3865.11  -17.1119
3866.15  137.532
3867.19  -27.0483
3868.23  -8.78917
3869.27  4.17839
3870.31  -8.80548
3871.35  -64.396
3872.39  5.99568
3873.43  94.8033
3874.47  35.1927
3875.51  -125.523
3876.55  -38.6482
3877.59  -64.2664
3878.63  -23.3613
3879.67  -40.3871
3880.71  29.6684
3881.75  124.056
3882.79  12.6649
3883.83  68.9223
3884.87  32.813
3885.91  87.9996
3886.95  19.2752
3887.99  50.6061
3889.03  92.9537
3890.07  80.5831
3891.11  68.0914
3892.15  88.5163
3893.19  80.9332
3894.23  19.6016
3895.27  154.181
3896.31  -9.23401
3897.35  8.85687
3898.39  24.8974
3899.43  19.2159
3900.47  -56.0887
3901.51  16.2361
3902.55  39.7611
3903.59  -20.2165
3904.63  38.7534
3905.67  -2.43685
3906.71  -49.2403
3907.75  -3.48719
3908.79  62.7401
3909.83  43.3988
3910.87  20.4046
3911.91  22.7294
3912.95  60.6635
3913.99  10.7153
3915.03  -1.55318
3916.07  109.732
3917.11  13.8448
3918.15  39.5755
3919.19  19.881
3920.23  -7.36784
3921.27  -9.57335
3922.31  101.118
3923.35  15.5841
3924.39  70.0783
3925.43  -49.0042
3926.47  97.4036
3927.51  69.8091
3928.55  12.3264
3929.59  55.2647
3930.63  88.1724
3931.67  110.427
3932.71  23.6051
3933.75  67.9708
3934.79  -26.2418
3935.83  -56.398
3936.87  35.2447
3937.91  -43.394
3938.95  95.2832
3939.99  114.533
3941.03  101.897
3942.07  34.081
3943.11  -27.6622
3944.15  -15.4565
3945.19  74.927
3946.23  46.1427
3947.27  20.3918
3948.31  -36.0312
3949.35  62.6219
3950.39  52.4535
3951.43  13.7358
3952.47  95.8589
3953.51  -1.28955
3954.55  -1.23862
3955.59  63.27
3956.63  43.8355
3957.67  76.7628
3958.71  52.549
3959.75  69.0899
3960.79  70.295
3961.83  -12.6197
3962.87  -38.6815
3963.91  -91.3375
3964.95  -8.28542
3965.99  -12.5297
3967.03  -34.0497
3968.07  9.32927
3969.11  90.2856
3970.15  94.2322
3971.19  64.3286
3972.23  9.62717
3973.27  68.2896
3974.31  -15.917
3975.35  20.5447
3976.39  8.79398
3977.43  -51.8125
3978.47  109.534
3979.51  40.2411
3980.55  14.599
3981.59  55.1552
3982.63  130.231
3983.67  71.4149
3984.71  45.7826
3985.75  49.6846
3986.79  55.2904
3987.83  58.4622
3988.87  124.778
3989.91  23.6039
3990.95  97.3479
3991.99  58.5436
3993.03  -4.38637
3994.07  6.85047
3995.11  54.3383
3996.15  -1.67149
3997.19  61.9982
3998.23  15.8211
3999.27  -18.6225
4000.31  12.7365
4001.35  -45.3472
4002.39  20.1567
4003.43  13.3015
4004.47  102.557
4005.51  46.4569
4006.55  11.231
4007.59  42.2025
4008.63  -27.0523
4009.67  45.3882
4010.71  91.8762
4011.75  66.7942
4012.79  91.2942
4013.83  42.0426
4014.87  78.4719
4015.91  -7.36655
4016.95  24.1645
4017.99  53.2704
4019.03  44.6987
4020.07  118.904
4021.11  58.1933
4022.15  44.9658
4023.19  16.3959
4024.23  42.2771
4025.27  122.049
4026.31  99.7124
4027.35  22.3444
4028.39  -29.9505
4029.43  48.2335
4030.47  -18.2354
4031.51  -25.4972
4032.55  -26.566
4033.59  25.4055
4034.63  33.8945
4035.67  109.056
4036.71  53.5942
4037.75  -5.55611
4038.79  47.6819
4039.83  65.1902
4040.87  31.6777
4041.91  40.6533
4042.95  37.9243
4043.99  49.3993
4045.03  46.543
4046.07  62.0874
4047.11  -40.8985
4048.15  5.18731
4049.19  39.1846
4050.23  -11.4972
4051.27  49.4776
4052.31  -8.50071
4053.35  5.84967
4054.39  41.693
4055.43  77.2894
4056.47  70.5122
4057.51  70.8273
4058.55  28.1606
4059.59  56.8125
4060.63  -17.0266
4061.67  -39.0873
4062.71  -24.7441
4063.75  -20.6581
4064.79  -19.1617
4065.83  20.2034
4066.87  23.6639
4067.91  23.8017
4068.95  -1.90077
4069.99  19.9284
4071.03  86.4884
4072.07  49.1071
4073.11  -29.0688
4074.15  -57.1939
4075.19  -4.86879
4076.23  38.7208
4077.27  -21.4135
4078.31  6.02155
4079.35  62.1435
4080.39  -5.39446
4081.43  8.45494
4082.47  14.4846
4083.51  -4.7695
4084.55  24.3018
4085.59  16.4587
4086.63  27.9498
4087.67  67.647
4088.71  12.8971
4089.75  -37.1988
4090.79  -12.4629
4091.83  39.7017
4092.87  119.332
4093.91  128.2
4094.95  62.0986
4095.99  35.3907
4097.03  2.11797
4098.07  -1.09576
4099.11  79.4149
4100.15  12.7364
4101.19  -27.0041
4102.23  33.3827
4103.27  40.5793
4104.31  48.086
4105.35  48.7456
4106.39  19.7912
4107.43  49.2759
4108.47  83.3272
4109.51  45.6678
4110.55  54.24
4111.59  4.83728
4112.63  -8.8153
4113.67  29.6058
4114.71  92.9221
4115.75  95.2434
4116.79  27.4594
4117.83  20.1705
4118.87  14.9503
4119.91  65.7189
4120.95  79.6368
4121.99  36.9372
4123.03  -0.284379
4124.07  77.7057
4125.11  52.4019
4126.15  20.5442
4127.19  47.0928
4128.23  64.845
4129.27  -12.4306
4130.31  4.71691
4131.35  52.3823
4132.39  35.1974
4133.43  25.975
4134.47  3.3017
4135.51  57.455
4136.55  80.873
4137.59  52.2117
4138.63  -24.8289
4139.67  10.8546
4140.71  8.18986
4141.75  28.6384
4142.79  38.0771
4143.83  42.4926
4144.87  44.3414
4145.91  17.4088
4146.95  -2.83759
4147.99  2.77431
4149.03  44.9098
4150.07  5.95902
4151.11  -3.01285
4152.15  31.8257
4153.19  15.0223
4154.23  50.7903
4155.27  -5.29857
4156.31  -18.6567
4157.35  -5.7144
4158.39  15.0568
4159.43  86.5344
4160.47  79.156
4161.51  37.8916
4162.55  19.9806
4163.59  -6.49294
4164.63  65.3552
4165.67  33.9316
4166.71  33.6083
4167.75  69.8544
4168.79  100.056
4169.83  10.1881
4170.87  79.1793
4171.91  90.2327
4172.95  95.4301
4173.99  11.8218
4175.03  32.3052
4176.07  57.2522
4177.11  -33.9926
4178.15  23.8926
4179.19  4.0798
4180.23  -3.23541
4181.27  -2.54263
4182.31  -3.6367
4183.35  -13.1452
4184.39  -42.497
4185.43  51.0641
4186.47  -1.68843
4187.51  40.8686
4188.55  2.69102
4189.59  23.729
4190.63  -28.7479
4191.67  -15.4002
4192.71  2.27495
4193.75  49.5388
4194.79  62.9959
4195.83  70.6992
4196.87  8.1842
4197.91  0.936803
4198.95  5.25541
4199.99  -24.1144
4201.03  21.2668
4202.07  1.17596
4203.11  -0.983996
4204.15  54.8097
4205.19  -33.9778
4206.23  71.9741
4207.27  47.1885
4208.31  68.2901
4209.35  87.0185
4210.39  24.9555
4211.43  7.1404
4212.47  74.0317
4213.51  30.8385
4214.55  58.3314
4215.59  37.6671
4216.63  -26.7042
4217.67  -15.0287
4218.71  5.42643
4219.75  -5.56225
4220.79  -22.1552
4221.83  87.9309
4222.87  19.316
4223.91  85.2424
4224.95  71.9859
4225.99  38.3707
4227.03  63.008
4228.07  -2.06308
4229.11  20.059
4230.15  -14.798
4231.19  31.3956
4232.23  25.9652
4233.27  44.7478
4234.31  44.7643
4235.35  36.6001
4236.39  50.639
4237.43  66.1284
4238.47  84.4794
4239.51  67.9694
4240.55  89.1725
4241.59  111.974
4242.63  74.4478
4243.67  35.9506
4244.71  70.761
4245.75  73.6928
4246.79  2.72869
4247.83  2.03834
4248.87  49.0495
4249.91  66.9321
4250.95  64.6397
4251.99  28.6055
4253.03  36.7273
4254.07  74.3483
4255.11  0.786393
4256.15  31.3831
4257.19  24.4354
4258.23  60.7942
4259.27  27.5578
4260.31  34.0332
4261.35  30.5105
4262.39  -58.4162
4263.43  7.02463
4264.47  16.4988
4265.51  76.7293
4266.55  38.1341
4267.59  60.4612
4268.63  40.4325
4269.67  69.4642
4270.71  76.1066
4271.75  27.6992
4272.79  -1.28791
4273.83  78.9827
4274.87  48.2761
4275.91  21.9573
4276.95  14.8682
4277.99  20.3468
4279.03  18.8175
4280.07  58.0698
4281.11  59.9176
4282.15  39.6742
4283.19  -2.40416
4284.23  23.2234
4285.27  10.6235
4286.31  -11.583
4287.35  64.8475
4288.39  86.9488
4289.43  66.6789
4290.47  61.8014
4291.51  15.7211
4292.55  -7.31187
4293.59  48.1297
4294.63  51.93
4295.67  80.2141
4296.71  57.8243
4297.75  13.2223
4298.79  24.5692
4299.83  28.5336
4300.87  51.626
4301.91  43.8329
4302.95  72.1491
4303.99  85.9884
4305.03  51.5948
4306.07  78.3792
4307.11  85.2739
4308.15  142.462
4309.19  245.014
4310.23  195.079
4311.27  254.831
4312.31  215.71
4313.35  165.408
4314.39  139.178
4315.43  108.268
4316.47  53.8901
4317.51  64.1947
4318.55  13.7914
4319.59  12.1287
4320.63  38.4581
4321.67  31.1793
4322.71  22.8408
4323.75  43.2475
4324.79  69.6672
4325.83  14.1567
4326.87  53.518
4327.91  48.5634
4328.95  41.1627
4329.99  78.0498
4331.03  37.2372
4332.07  42.8043
4333.11  51.6389
4334.15  34.3773
4335.19  30.8223
4336.23  7.91331
4337.27  31.4698
4338.31  49.7642
4339.35  49.4878
4340.39  62.1545
4341.43  48.5936
4342.47  53.0755
4343.51  41.6086
4344.55  56.4045
4345.59  71.3012
4346.63  60.5249
4347.67  -18.7192
4348.71  -2.37685
4349.75  48.0258
4350.79  69.2257
4351.83  62.6162
4352.87  32.124
4353.91  78.5917
4354.95  94.0806
4355.99  65.0179
4357.03  35.6838
4358.07  56.3715
4359.11  57.0939
4360.15  31.547
4361.19  14.5959
4362.23  -0.79866
4363.27  24.4903
4364.31  45.9009
4365.35  41.0882
4366.39  37.6241
4367.43  80.4244
4368.47  67.2955
4369.51  67.8759
4370.55  56.2752
4371.59  30.788
4372.63  67.9477
4373.67  68.1427
4374.71  47.8336
4375.75  63.0495
4376.79  84.3516
4377.83  26.2781
4378.87  55.2952
4379.91  72.6296
4380.95  44.3921
4381.99  79.7495
4383.03  62.3644
4384.07  51.3076
4385.11  78.7741
4386.15  26.7868
4387.19  31.4035
4388.23  -0.91802
4389.27  -9.5174
4390.31  -3.40351
4391.35  86.0837
4392.39  76.3834
4393.43  28.9197
4394.47  49.0138
4395.51  54.2992
4396.55  66.0182
4397.59  72.5332
4398.63  55.9402
4399.67  29.1105
4400.71  61.5878
4401.75  23.379
4402.79  11.225
4403.83  35.3184
4404.87  33.381
4405.91  69.7721
4406.95  68.0388
4407.99  24.6032
4409.03  1.00374
4410.07  26.3848
4411.11  38.7348
4412.15  78.6093
4413.19  72.38
4414.23  50.8655
4415.27  4.6837
4416.31  6.73051
4417.35  39.6331
4418.39  27.2058
4419.43  24.2133
4420.47  36.6406
4421.51  67.2053
4422.55  45.319
4423.59  51.4765
4424.63  106.274
4425.67  82.8363
4426.71  35.4759
4427.75  42.1367
4428.79  64.2438
4429.83  30.6958
4430.87  38.6251
4431.91  40.2132
4432.95  43.4528
4433.99  67.3514
4435.03  49.0443
4436.07  43.1138
4437.11  28.0196
4438.15  29.6489
4439.19  29.3026
4440.23  91.1347
4441.27  93.787
4442.31  68.4715
4443.35  83.5044
4444.39  21.4455
4445.43  39.4088
4446.47  47.2337
4447.51  56.9667
4448.55  28.4927
4449.59  88.7741
4450.63  66.2323
4451.67  71.9161
4452.71  36.3897
4453.75  45.5544
4454.79  48.8382
4455.83  34.3933
4456.87  55.0079
4457.91  66.5756
4458.95  31.8315
4459.99  28.2622
4461.03  82.3039
4462.07  71.9224
4463.11  50.39
4464.15  51.41
4465.19  59.3525
4466.23  18.1165
4467.27  52.8928
4468.31  65.9571
4469.35  51.3659
4470.39  72.858
4471.43  84.4625
4472.47  44.7575
4473.51  104.559
4474.55  48.949
4475.59  71.5391
4476.63  144.114
4477.67  68.3033
4478.71  79.3999
4479.75  77.7188
4480.79  91.5685
4481.83  59.7466
4482.87  96.0613
4483.91  23.5993
4484.95  11.2401
4485.99  75.1259
4487.03  48.4949
4488.07  87.6638
4489.11  74.3335
4490.15  78.0876
4491.19  68.7566
4492.23  62.3057
4493.27  99.7134
4494.31  10.8472
4495.35  54.9477
4496.39  51.6128
4497.43  24.4726
4498.47  49.9089
4499.51  39.8533
4500.55  12.3842
4501.59  53.2952
4502.63  49.1833
4503.67  41.0043
4504.71  34.3718
4505.75  30.5258
4506.79  53.42
4507.83  39.4256
4508.87  60.0847
4509.91  47.3622
4510.95  100.189
4511.99  60.7467
4513.03  96.9899
4514.07  82.465
4515.11  38.9827
4516.15  56.2385
4517.19  46.0567
4518.23  31.0993
4519.27  65.7892
4520.31  47.8281
4521.35  131.476
4522.39  86.4536
4523.43  50.8975
4524.47  62.9944
4525.51  127.21
4526.55  24.4476
4527.59  28.6974
4528.63  70.407
4529.67  81.2065
4530.71  90.7081
4531.75  79.2092
4532.79  -12.8658
4533.83  81.416
4534.87  29.8648
4535.91  19.7043
4536.95  87.0405
4537.99  40.1965
4539.03  48.6199
4540.07  44.998
4541.11  25.4033
4542.15  60.1509
4543.19  20.8092
4544.23  14.8287
4545.27  63.0815
4546.31  53.0267
4547.35  56.0225
4548.39  69.5763
4549.43  51.3866
4550.47  -2.7732
4551.51  29.1409
4552.55  24.1725
4553.59  29.4436
4554.63  72.3468
4555.67  75.7324
4556.71  44.8982
4557.75  33.9649
4558.79  14.2115
4559.83  63.0757
4560.87  89.776
4561.91  38.399
4562.95  80.3127
4563.99  105.695
4565.03  46.6036
4566.07  57.2192
4567.11  69.2102
4568.15  72.1118
4569.19  6.98311
4570.23  52.6302
4571.27  64.03
4572.31  72.9785
4573.35  68.3953
4574.39  93.969
4575.43  94.3274
4576.47  31.71
4577.51  21.6727
4578.55  99.9254
4579.59  74.5621
4580.63  100.2
4581.67  47.5772
4582.71  20.7892
4583.75  51.2835
4584.79  43.7452
4585.83  41.1119
4586.87  43.7425
4587.91  60.1346
4588.95  29.6867
4589.99  37.5822
4591.03  27.4877
4592.07  23.045
4593.11  50.7442
4594.15  39.8327
4595.19  61.6668
4596.23  55.5853
4597.27  65.462
4598.31  32.4909
4599.35  39.4673
4600.39  35.8275
4601.43  58.7476
4602.47  66.3557
4603.51  38.8806
4604.55  82.1406
4605.59  99.19
4606.63  82.2967
4607.67  63.2005
4608.71  76.5617
4609.75  33.2866
4610.79  73.5274
4611.83  67.5067
4612.87  58.75
4613.91  86.4018
4614.95  93.1353
4615.99  100.879
4617.03  69.0872
4618.07  76.042
4619.11  98.562
4620.15  57.7892
4621.19  52.151
4622.23  54.57
4623.27  20.2515
4624.31  60.6866
4625.35  82.3208
4626.39  64.4433
4627.43  46.0411
4628.47  35.9128
4629.51  56.8222
4630.55  53.896
4631.59  56.7329
4632.63  70.63
4633.67  65.9064
4634.71  74.8398
4635.75  55.3843
4636.79  77.1421
4637.83  90.7809
4638.87  90.2435
4639.91  61.892
4640.95  68.8331
4641.99  92.4588
4643.03  95.606
4644.07  75.074
4645.11  72.0521
4646.15  95.1371
4647.19  74.1474
4648.23  91.3535
4649.27  128.078
4650.31  99.2718
4651.35  81.5442
4652.39  94.6291
4653.43  81.4067
4654.47  78.9906
4655.51  78.1177
4656.55  80.4524
4657.59  73.4333
4658.63  47.1169
4659.67  48.4459
4660.71  90.0583
4661.75  82.774
4662.79  38.013
4663.83  33.9142
4664.87  54.917
4665.91  64.3952
4666.95  61.5379
4667.99  56.1993
4669.03  83.7508
4670.07  73.0739
4671.11  44.7271
4672.15  76.1493
4673.19  86.8054
4674.23  73.3759
4675.27  52.4125
4676.31  49.6237
4677.35  92.813
4678.39  95.5295
4679.43  53.5022
4680.47  59.2448
4681.51  57.4491
4682.55  60.4208
4683.59  22.6758
4684.63  57.0799
4685.67  85.3173
4686.71  84.4608
4687.75  80.9998
4688.79  63.9622
4689.83  47.9963
4690.87  45.6256
4691.91  56.2901
4692.95  60.0201
4693.99  41.6188
4695.03  53.3702
4696.07  89.5736
4697.11  98.1148
4698.15  76.3574
4699.19  96.4564
4700.23  70.8061
4701.27  54.3628
4702.31  67.0009
4703.35  46.1526
4704.39  40.358
4705.43  50.2753
4706.47  86.9594
4707.51  93.6462
4708.55  61.8076
4709.59  83.4693
4710.63  99.4102
4711.67  76.6427
4712.71  98.8801
4713.75  86.469
4714.79  80.5705
4715.83  56.1896
4716.87  57.1333
4717.91  59.3716
4718.95  75.4507
4719.99  72.9219
4721.03  84.5589
4722.07  88.1227
4723.11  100.049
4724.15  59.4063
4725.19  54.9548
4726.23  66.0985
4727.27  69.009
4728.31  65.1126
4729.35  84.1179
4730.39  72.0677
4731.43  67.0661
4732.47  87.9077
4733.51  54.5924
4734.55  51.1532
4735.59  51.4368
4736.63  53.4071
4737.67  64.1517
4738.71  56.3224
4739.75  29.1755
4740.79  10.9655
4741.83  37.0689
4742.87  68.7385
4743.91  60.704
4744.95  37.8651
4745.99  58.6339
4747.03  92.1525
4748.07  72.8979
4749.11  66.4379
4750.15  88.3713
4751.19  80.17
4752.23  62.0356
4753.27  29.5066
4754.31  39.2753
4755.35  69.2439
4756.39  69.1639
4757.43  89.5558
4758.47  55.1035
4759.51  36.2283
4760.55  11.5436
4761.59  20.4956
4762.63  88.3704
4763.67  35.5888
4764.71  39.7404
4765.75  64.3929
4766.79  68.4898
4767.83  82.2784
4768.87  83.863
4769.91  56.7475
4770.95  55.7682
4771.99  79.534
4773.03  42.0373
4774.07  4.28507
4775.11  49.8065
4776.15  48.1342
4777.19  41.4397
4778.23  39.1972
4779.27  64.3763
4780.31  96.9339
4781.35  77.008
4782.39  53.8117
4783.43  70.9682
4784.47  59.6981
4785.51  67.3206
4786.55  64.5893
4787.59  67.4499
4788.63  49.0886
4789.67  80.3298
4790.71  56.6229
4791.75  47.1189
4792.79  72.5569
4793.83  87.1518
4794.87  56.9433
4795.91  72.7538
4796.95  37.9399
4797.99  60.0037
4799.03  50.6575
4800.07  89.8773
4801.11  65.5374
4802.15  58.2487
4803.19  113.857
4804.23  102.902
4805.27  62.2451
4806.31  39.7504
4807.35  73.2916
4808.39  48.3013
4809.43  115.272
4810.47  82.4332
4811.51  69.7871
4812.55  27.3151
4813.59  49.521
4814.63  85.2639
4815.67  62.3276
4816.71  58.5039
4817.75  72.4116
4818.79  64.6071
4819.83  64.5971
4820.87  60.4939
4821.91  51.5081
4822.95  65.5896
4823.99  84.3697
4825.03  66.052
4826.07  96.8202
4827.11  37.7812
4828.15  56.4834
4829.19  58.6706
4830.23  78.6886
4831.27  57.413
4832.31  53.3599
4833.35  59.4191
4834.39  72.4308
4835.43  29.0568
4836.47  68.6429
4837.51  86.0995
4838.55  107.223
4839.59  71.6046
4840.63  57.0173
4841.67  61.8782
4842.71  53.3918
4843.75  62.2808
4844.79  67.4821
4845.83  63.1514
4846.87  52.5235
4847.91  73.6936
4848.95  52.0696
4849.99  63.5676
4851.03  82.7909
4852.07  92.7681
4853.11  129.521
4854.15  86.0143
4855.19  109.046
4856.23  49.8672
4857.27  102.867
4858.31  120.25
4859.35  74.9407
4860.39  81.8591
4861.43  66.7539
4862.47  59.3338
4863.51  32.4318
4864.55  57.4245
4865.59  72.1091
4866.63  65.7952
4867.67  40.7165
4868.71  70.5916
4869.75  8.06662
4870.79  66.7845
4871.83  72.5363
4872.87  30.609
4873.91  81.0844
4874.95  62.885
4875.99  57.1171
4877.03  84.9424
4878.07  90.0417
4879.11  55.4658
4880.15  67.9569
4881.19  78.2274
4882.23  83.7061
4883.27  88.0141
4884.31  51.0024
4885.35  76.5388
4886.39  69.113
4887.43  17.0382
4888.47  65.1519
4889.51  54.735
4890.55  45.41
4891.59  78.1401
4892.63  66.3275
4893.67  72.0556
4894.71  46.2822
4895.75  51.1895
4896.79  105.884
4897.83  67.7905
4898.87  58.9942
4899.91  106.487
4900.95  95.0649
4901.99  108.992
4903.03  86.3169
4904.07  97.9537
4905.11  102.315
4906.15  77.8334
4907.19  75.2837
4908.23  73.87
4909.27  43.1019
4910.31  46.8263
4911.35  81.2384
4912.39  60.1907
4913.43  49.4405
4914.47  89.7506
4915.51  43.1789
4916.55  55.5529
4917.59  61.3482
4918.63  43.081
4919.67  72.3093
4920.71  94.9915
4921.75  64.9237
4922.79  68.5278
4923.83  71.1808
4924.87  52.6756
4925.91  39.3581
4926.95  97.8113
4927.99  36.4063
4929.03  58.6086
4930.07  43.3752
4931.11  88.1539
4932.15  68.8755
4933.19  27.4594
4934.23  91.4264
4935.27  78.9433
4936.31  89.2554
4937.35  85.5744
4938.39  75.0215
4939.43  102.981
4940.47  49.1704
4941.51  48.822
4942.55  56.6454
4943.59  80.3191
4944.63  80.9554
4945.67  58.1893
4946.71  72.7979
4947.75  74.9114
4948.79  94.5486
4949.83  10.7744
4950.87  61.3635
4951.91  40.6826
4952.95  55.9634
4953.99  80.4094
4955.03  99.3585
4956.07  87.5135
4957.11  59.1814
4958.15  61.3719
4959.19  65.8698
4960.23  82.0833
4961.27  84.0703
4962.31  56.1449
4963.35  86.5962
4964.39  96.9954
4965.43  28.6478
4966.47  48.7783
4967.51  102.033
4968.55  26.2377
4969.59  84.3692
4970.63  76.3524
4971.67  43.6911
4972.71  57.5075
4973.75  101.583
4974.79  57.6333
4975.83  29.6755
4976.87  81.4038
4977.91  46.9335
4978.95  44.0228
4979.99  73.5455
4981.03  52.5171
4982.07  77.0726
4983.11  87.0654
4984.15  97.2774
4985.19  33.9525
4986.23  45.0011
4987.27  67.1312
4988.31  37.5074
4989.35  51.8122
4990.39  60.649
4991.43  68.2552
4992.47  74.8031
4993.51  72.3762
4994.55  73.6348
4995.59  72.4685
4996.63  92.7075
4997.67  51.1166
4998.71  64.3504
4999.75  33.4638
5000.79  39.3472
5001.83  55.4275
5002.87  63.7764
5003.91  51.0132
5004.95  84.1737
5005.99  68.5223
5007.03  54.8555
5008.07  44.0805
5009.11  80.0341
5010.15  50.3636
5011.19  66.5051
5012.23  67.3694
5013.27  47.5316
5014.31  94.3468
5015.35  50.0543
5016.39  36.9455
5017.43  13.0471
5018.47  64.4395
5019.51  73.4678
5020.55  87.9758
5021.59  90.3363
5022.63  80.6346
5023.67  63.8215
5024.71  52.3688
5025.75  35.6407
5026.79  61.8955
5027.83  81.721
5028.87  71.301
5029.91  56.338
5030.95  85.6055
5031.99  54.3873
5033.03  85.0126
5034.07  64.3223
5035.11  63.168
5036.15  44.4988
5037.19  30.3962
5038.23  104.271
5039.27  84.491
5040.31  75.1776
5041.35  53.5086
5042.39  97.7152
5043.43  78.3314
5044.47  75.5974
5045.51  91.3389
5046.55  96.4755
5047.59  100.881
5048.63  83.0268
5049.67  72.2156
5050.71  44.0121
5051.75  58.2584
5052.79  66.9277
5053.83  80.8043
5054.87  77.9225
5055.91  82.0252
5056.95  84.9525
5057.99  67.244
5059.03  69.5681
5060.07  60.312
5061.11  80.4271
5062.15  98.9257
5063.19  29.4723
5064.23  46.8524
5065.27  71.8839
5066.31  105.238
5067.35  95.8198
5068.39  68.4603
5069.43  94.0147
5070.47  62.06
5071.51  59.7832
5072.55  76.1036
5073.59  75.4579
5074.63  78.1732
5075.67  65.1318
5076.71  47.6567
5077.75  54.8872
5078.79  50.373
5079.83  67.17
5080.87  72.8996
5081.91  96.1258
5082.95  90.6937
5083.99  19.2324
5085.03  41.9857
5086.07  52.724
5087.11  56.4389
5088.15  62.6387
5089.19  107.204
5090.23  79.7531
5091.27  54.6892
5092.31  54.0987
5093.35  65.6939
5094.39  86.2152
5095.43  101.872
5096.47  79.5071
5097.51  62.0719
5098.55  88.2305
5099.59  70.829
5100.63  68.9581
5101.67  43.6438
5102.71  76.6691
5103.75  75.3074
5104.79  74.2834
5105.83  83.582
5106.87  84.5634
5107.91  87.8121
5108.95  94.693
5109.99  54.1298
5111.03  60.0863
5112.07  82.5695
5113.11  76.0278
5114.15  64.4874
5115.19  82.6702
5116.23  90.9275
5117.27  98.059
5118.31  97.2271
5119.35  90.904
5120.39  75.9459
5121.43  72.0045
5122.47  59.1203
5123.51  51.3486
5124.55  90.5132
5125.59  68.8828
5126.63  75.9848
5127.67  101.023
5128.71  121.711
5129.75  92.5273
5130.79  87.9493
5131.83  89.45
5132.87  57.5117
5133.91  50.7297
5134.95  42.2095
5135.99  54.1964
5137.03  69.3027
5138.07  63.6468
5139.11  72.6094
5140.15  94.3234
5141.19  84.3125
5142.23  69.3343
5143.27  57.4608
5144.31  85.9162
5145.35  92.4113
5146.39  62.7027
5147.43  80.4328
5148.47  101.944
5149.51  83.6781
5150.55  89.2542
5151.59  89.9457
5152.63  57.2589
5153.67  73.554
5154.71  103.947
5155.75  102.245
5156.79  92.2594
5157.83  75.9192
5158.87  87.8164
5159.91  99.6411
5160.95  87.3209
5161.99  64.59
5163.03  83.24
5164.07  89.0823
5165.11  58.1309
5166.15  84.5536
5167.19  86.552
5168.23  60.5432
5169.27  65.5592
5170.31  78.9127
5171.35  79.1408
5172.39  89.2018
5173.43  72.612
5174.47  87.7885
5175.51  95.565
5176.55  63.4011
5177.59  62.4076
5178.63  87.351
5179.67  82.3566
5180.71  54.5403
5181.75  81.349
5182.79  80.1482
5183.83  75.0664
5184.87  105.024
5185.91  65.893
5186.95  79.5863
5187.99  67.1619
5189.03  61.0984
5190.07  43.7484
5191.11  64.6699
5192.15  90.31
5193.19  85.1621
5194.23  81.9125
5195.27  104.478
5196.31  96.6181
5197.35  91.0406
5198.39  70.9258
5199.43  43.1027
5200.47  51.4796
5201.51  82.3586
5202.55  74.5745
5203.59  107.495
5204.63  117.721
5205.67  103.612
5206.71  59.0904
5207.75  78.1523
5208.79  87.6393
5209.83  70.8145
5210.87  71.3814
5211.91  80.7568
5212.95  100.393
5213.99  120.183
5215.03  87.1923
5216.07  96.8907
5217.11  99.816
5218.15  78.3039
5219.19  95.2041
5220.23  107.354
5221.27  92.1665
5222.31  84.4533
5223.35  96.7806
5224.39  84.3974
5225.43  86.9293
5226.47  83.7229
5227.51  93.4904
5228.55  78.4784
5229.59  79.2967
5230.63  75.1554
5231.67  83.5135
5232.71  53.8328
5233.75  81.6313
5234.79  46.5666
5235.83  85.4811
5236.87  115.973
5237.91  75.0527
5238.95  53.4741
5239.99  109.947
5241.03  92.2111
5242.07  110.583
5243.11  62.2862
5244.15  79.3421
5245.19  90.6384
5246.23  94.0131
5247.27  95.4726
5248.31  54.4453
5249.35  74.1436
5250.39  112.446
5251.43  118.34
5252.47  111.115
5253.51  74.7613
5254.55  91.5552
5255.59  90.2366
5256.63  136.772
5257.67  83.2941
5258.71  79.0219
5259.75  67.7368
5260.79  120.868
5261.83  82.3062
5262.87  68.7297
5263.91  72.6045
5264.95  63.9745
5265.99  78.4746
5267.03  83.3828
5268.07  44.3835
5269.11  107.622
5270.15  77.7662
5271.19  97.6842
5272.23  89.9215
5273.27  117.979
5274.31  104.108
5275.35  76.2588
5276.39  63.4923
5277.43  62.3995
5278.47  40.4827
5279.51  66.1311
5280.55  108.312
5281.59  99.6877
5282.63  60.7897
5283.67  99.8046
5284.71  120.208
5285.75  58.2283
5286.79  57.5222
5287.83  97.62
5288.87  97.5761
5289.91  84.2738
5290.95  64.9326
5291.99  101.959
5293.03  93.1767
5294.07  99.4991
5295.11  75.3203
5296.15  74.775
5297.19  122.131
5298.23  98.2246
5299.27  75.5469
5300.31  88.435
5301.35  58.0424
5302.39  99.6345
5303.43  110.83
5304.47  103.069
5305.51  143.665
5306.55  64.6335
5307.59  56.992
5308.63  66.524
5309.67  71.3818
5310.71  88.8783
5311.75  108.085
5312.79  84.0261
5313.83  65.208
5314.87  97.6968
5315.91  85.3125
5316.95  96.9253
5317.99  105.654
5319.03  87.3593
5320.07  96.7116
5321.11  70.7239
5322.15  75.1739
5323.19  98.2901
5324.23  73.2804
5325.27  69.8656
5326.31  96.8167
5327.35  128.833
5328.39  103.72
5329.43  108.552
5330.47  93.74
5331.51  85.4166
5332.55  115.35
5333.59  124.272
5334.63  91.0645
5335.67  71.2797
5336.71  126.095
5337.75  97.9573
5338.79  83.3055
5339.83  93.3114
5340.87  115.904
5341.91  81.6691
5342.95  70.7833
5343.99  93.4415
5345.03  120.818
5346.07  109.024
5347.11  92.7193
5348.15  101.779
5349.19  88.1249
5350.23  82.6161
5351.27  94.1386
5352.31  117.29
5353.35  130.212
5354.39  90.3957
5355.43  54.0187
5356.47  107.75
5357.51  118.498
5358.55  102.75
5359.59  74.9863
5360.63  121.192
5361.67  116.318
5362.71  99.2193
5363.75  98.0149
5364.79  127.854
5365.83  108.326
5366.87  83.5853
5367.91  71.1546
5368.95  112.636
5369.99  113.527
5371.03  86.6319
5372.07  83.1057
5373.11  85.8421
5374.15  85.7624
5375.19  86.3325
5376.23  112.122
5377.27  78.8314
5378.31  65.1464
5379.35  101.375
5380.39  115.475
5381.43  126.877
5382.47  138.078
5383.51  107.967
5384.55  90.9919
5385.59  77.7358
5386.63  81.3005
5387.67  101.307
5388.71  99.0593
5389.75  90.0822
5390.79  96.2272
5391.83  110.668
5392.87  130.073
5393.91  100.457
5394.95  70.6723
5395.99  68.2055
5397.03  89.8217
5398.07  120.072
5399.11  106.562
5400.15  59.4673
5401.19  86.7965
5402.23  60.4184
5403.27  53.9043
5404.31  105.677
5405.35  165.686
5406.39  119.625
5407.43  100.357
5408.47  54.1971
5409.51  57.0924
5410.55  94.7783
5411.59  79.5476
5412.63  100.039
5413.67  98.1776
5414.71  64.1983
5415.75  77.0204
5416.79  103.839
5417.83  113.85
5418.87  96.2387
5419.91  140.584
5420.95  109.771
5421.99  73.9857
5423.03  83.3401
5424.07  101.307
5425.11  110.385
5426.15  119.807
5427.19  121.223
5428.23  106.567
5429.27  106.776
5430.31  100.738
5431.35  88.3603
5432.39  94.3657
5433.43  85.5282
5434.47  89.8973
5435.51  86.2336
5436.55  83.4678
5437.59  84.0968
5438.63  98.4256
5439.67  127.59
5440.71  117.24
5441.75  95.5704
5442.79  103.908
5443.83  96.0134
5444.87  64.7557
5445.91  96.3516
5446.95  108.189
5447.99  93.4008
5449.03  78.1749
5450.07  112.928
5451.11  92.6174
5452.15  58.7271
5453.19  60.5626
5454.23  75.6433
5455.27  88.1695
5456.31  98.2295
5457.35  79.8734
5458.39  85.0445
5459.43  108.186
5460.47  95.8205
5461.51  91.2003
5462.55  92.2804
5463.59  71.3162
5464.63  55.0319
5465.67  82.341
5466.71  105.797
5467.75  104.52
5468.79  85.6625
5469.83  97.1629
5470.87  84.5224
5471.91  61.4798
5472.95  63.9272
5473.99  94.59
5475.03  83.7471
5476.07  93.8201
5477.11  129.088
5478.15  69.1567
5479.19  44.4671
5480.23  69.4961
5481.27  59.7981
5482.31  93.7035
5483.35  115.711
5484.39  110.09
5485.43  72.6902
5486.47  88.9377
5487.51  89.7194
5488.55  99.1257
5489.59  139.003
5490.63  100.062
5491.67  80.5924
5492.71  121.61
5493.75  109.322
5494.79  116.678
5495.83  49.9142
5496.87  93.8309
5497.91  78.6992
5498.95  101.752
5499.99  49.0948
5501.03  94.9785
5502.07  102.525
5503.11  67.3589
5504.15  86.3111
5505.19  96.4834
5506.23  113.161
5507.27  83.5283
5508.31  104.679
5509.35  97.7174
5510.39  71.5458
5511.43  74.1874
5512.47  114.722
5513.51  66.3662
5514.55  49.6506
5515.59  91.5213
5516.63  96.0077
5517.67  71.0785
5518.71  93.3496
5519.75  71.2605
5520.79  94.789
5521.83  106.749
5522.87  92.7791
5523.91  76.9865
5524.95  79.6426
5525.99  81.6274
5527.03  99.6188
5528.07  145.305
5529.11  77.389
5530.15  71.434
5531.19  79.6233
5532.23  87.5445
5533.27  109.576
5534.31  86.0054
5535.35  67.452
5536.39  65.5279
5537.43  83.1383
5538.47  83.1609
5539.51  85.3844
5540.55  94.6103
5541.59  102.811
5542.63  88.0189
5543.67  65.9672
5544.71  56.2524
5545.75  109.603
5546.79  123.821
5547.83  103.309
5548.87  82.6443
5549.91  90.7154
5550.95  94.7051
5551.99  78.9232
5553.03  108.053
5554.07  105.752
5555.11  51.6899
5556.15  72.5195
5557.19  83.1987
5558.23  76.2559
5559.27  77.3932
5560.31  81.5904
5561.35  73.9082
5562.39  87.7563
5563.43  107.356
5564.47  125.553
5565.51  90.4246
5566.55  109.621
5567.59  79.5264
5568.63  46.7075
5569.67  92.7384
5570.71  81.0726
5571.75  94.1702
5572.79  61.5774
5573.83  183.243
5574.87  33.0097
5575.91  98.6266
5576.95  662.671
5577.99  86.7039
5579.03  88.6938
5580.07  83.612
5581.11  231.29
5582.15  77.9551
5583.19  138.655
5584.23  65.5002
5585.27  156.648
5586.31  84.0388
5587.35  94.8907
5588.39  87.1558
5589.43  122.316
5590.47  129.859
5591.51  92.6648
5592.55  79.1411
5593.59  89.7037
5594.63  90.6662
5595.67  59.6685
5596.71  100.979
5597.75  99.3915
5598.79  101.958
5599.83  83.4309
5600.87  81.117
5601.91  70.6222
5602.95  99.055
5603.99  92.6872
5605.03  129.484
5606.07  110.902
5607.11  81.6291
5608.15  52.2134
5609.19  75.5266
5610.23  107.935
5611.27  92.3411
5612.31  106.855
5613.35  154.117
5614.39  109.813
5615.43  48.7109
5616.47  104.822
5617.51  123.105
5618.55  118.917
5619.59  98.9047
5620.63  87.458
5621.67  128.024
5622.71  147.918
5623.75  165.983
5624.79  215.783
5625.83  210.423
5626.87  197.582
5627.91  163.521
5628.95  97.6679
5629.99  92.5019
5631.03  70.9807
5632.07  89.4615
5633.11  87.8861
5634.15  123.811
5635.19  82.4788
5636.23  78.6609
5637.27  98.6726
5638.31  76.3497
5639.35  85.3126
5640.39  40.0706
5641.43  106.315
5642.47  119.329
5643.51  119.898
5644.55  113.566
5645.59  70.4081
5646.63  99.2499
5647.67  108.647
5648.71  131.207
5649.75  128.342
5650.79  113.898
5651.83  100.31
5652.87  109.791
5653.91  124.816
5654.95  99.8961
5655.99  102.74
5657.03  110.859
5658.07  94.0937
5659.11  67.8395
5660.15  89.2175
5661.19  124.45
5662.23  141.5
5663.27  127.308
5664.31  81.3005
5665.35  54.5011
5666.39  72.0775
5667.43  67.2915
5668.47  128.602
5669.51  129.336
5670.55  139.724
5671.59  101.417
5672.63  144.274
5673.67  100.81
5674.71  107.656
5675.75  110.999
5676.79  94.2291
5677.83  100.147
5678.87  110.006
5679.91  109.044
5680.95  117.997
5681.99  116.015
5683.03  77.8131
5684.07  111.81
5685.11  105.36
5686.15  65.6681
5687.19  86.0606
5688.23  120.068
5689.27  118.649
5690.31  97.148
5691.35  77.3699
5692.39  116.332
5693.43  103.911
5694.47  89.3206
5695.51  108.033
5696.55  141.578
5697.59  117.323
5698.63  80.8735
5699.67  77.8236
5700.71  62.3734
5701.75  90.9062
5702.79  139.861
5703.83  132.62
5704.87  109.222
5705.91  161.529
5706.95  130.095
5707.99  80.5669
5709.03  156.006
5710.07  134.529
5711.11  156.3
5712.15  114.658
5713.19  128.235
5714.23  127.199
5715.27  68.861
5716.31  87.6318
5717.35  68.5975
5718.39  81.521
5719.43  145.561
5720.47  113.82
5721.51  54.4274
5722.55  128.691
5723.59  123.107
5724.63  56.5325
5725.67  120.053
5726.71  107.514
5727.75  67.4827
5728.79  82.2631
5729.83  119.772
5730.87  108.795
5731.91  78.7892
5732.95  137.485
5733.99  70.9754
5735.03  57.629
5736.07  122.442
5737.11  179.657
5738.15  188.201
5739.19  147.601
5740.23  135.397
5741.27  163.283
5742.31  106.125
5743.35  75.4533
5744.39  137.812
5745.43  146.909
5746.47  116.691
5747.51  146.486
5748.55  136.042
5749.59  150.043
5750.63  125.21
5751.67  91.3583
5752.71  44.7773
5753.75  67.6439
5754.79  166.417
5755.83  145.382
5756.87  80.1421
5757.91  70.6197
5758.95  77.3945
5759.99  89.9851
5761.03  105.73
5762.07  113.999
5763.11  106.848
5764.15  89.0006
5765.19  80.9092
5766.23  95.4684
5767.27  108.386
5768.31  133.026
5769.35  143.959
5770.39  81.7922
5771.43  67.3828
5772.47  71.6785
5773.51  81.9125
5774.55  102.495
5775.59  84.5497
5776.63  98.4445
5777.67  83.6271
5778.71  104.421
5779.75  102.952
5780.79  28.7798
5781.83  63.392
5782.87  89.5986
5783.91  90.9277
5784.95  99.1999
5785.99  74.0242
5787.03  91.2956
5788.07  95.7844
5789.11  127.366
5790.15  115.144
5791.19  118.47
5792.23  159.419
5793.27  200.685
5794.31  207.39
5795.35  166.491
5796.39  136.667
5797.43  108.872
5798.47  81.4767
5799.51  63.9895
5800.55  70.8698
5801.59  81.3548
5802.63  74.9546
5803.67  74.5214
5804.71  104.205
5805.75  112.317
5806.79  92.599
5807.83  68.2061
5808.87  46.2369
5809.91  59.8265
5810.95  80.1171
5811.99  100.616
5813.03  92.4844
5814.07  81.9339
5815.11  90.0794
5816.15  91.0612
5817.19  87.2356
5818.23  71.9031
5819.27  80.4269
5820.31  108.727
5821.35  102.998
5822.39  94.3173
5823.43  92.7749
5824.47  73.9411
5825.51  60.3091
5826.55  77.3353
5827.59  91.5233
5828.63  97.4801
5829.67  65.2501
5830.71  54.5185
5831.75  70.7824
5832.79  70.8033
5833.83  73.9847
5834.87  89.1935
5835.91  95.3252
5836.95  94.9433
5837.99  85.6347
5839.03  74.0029
5840.07  64.9901
5841.11  83.2323
5842.15  88.0479
5843.19  71.8483
5844.23  81.9623
5845.27  94.2806
5846.31  99.6861
5847.35  84.5279
5848.39  69.2342
5849.43  91.6268
5850.47  100.79
5851.51  98.4519
5852.55  103.52
5853.59  104.11
5854.63  97.3575
5855.67  74.7665
5856.71  60.0793
5857.75  77.9014
5858.79  93.9346
5859.83  108.589
5860.87  117.505
5861.91  114.324
5862.95  99.3633
5863.99  77.7014
5865.03  65.7662
5866.07  73.5684
5867.11  67.6762
5868.15  67.1467
5869.19  96.2855
5870.23  97.0996
5871.27  81.9192
5872.31  75.498
5873.35  70.4117
5874.39  67.507
5875.43  87.9045
5876.47  101.714
5877.51  92.3548
5878.55  69.9765
5879.59  58.2542
5880.63  107.765
5881.67  118.782
5882.71  100.949
5883.75  83.8173
5884.79  74.3111
5885.83  75.2025
5886.87  45.4343
5887.91  40.6646
5888.95  117.405
5889.99  134.987
5891.03  125.684
5892.07  109.451
5893.11  88.9117
5894.15  70.3133
5895.19  91.8111
5896.23  105.219
5897.27  95.0995
5898.31  92.9138
5899.35  96.4873
5900.39  116.389
5901.43  98.3983
5902.47  70.4965
5903.51  90.7742
5904.55  101.758
5905.59  100.81
5906.63  112.129
5907.67  113.176
5908.71  93.0123
5909.75  77.0999
5910.79  69.1247
5911.83  80.4654
5912.87  96.9926
5913.91  111.348
5914.95  94.2895
5915.99  85.0136
5917.03  88.7433
5918.07  85.7489
5919.11  88.6287
5920.15  107.856
5921.19  103.344
5922.23  93.2415
5923.27  96.6245
5924.31  95.8435
5925.35  92.5856
5926.39  94.0843
5927.43  95.3016
5928.47  95.4546
5929.51  101.909
5930.55  102.95
5931.59  84.3944
5932.63  90.6902
5933.67  102.
5934.71  87.4392
5935.75  84.671
5936.79  92.8606
5937.83  99.0841
5938.87  95.1623
5939.91  75.2418
5940.95  87.1699
5941.99  102.779
5943.03  102.378
5944.07  94.1324
5945.11  85.519
5946.15  97.9077
5947.19  109.215
5948.23  115.496
5949.27  99.8033
5950.31  86.5282
5951.35  87.8344
5952.39  77.3767
5953.43  67.3944
5954.47  66.174
5955.51  82.8583
5956.55  107.44
5957.59  111.503
5958.63  102.102
5959.67  81.3523
5960.71  87.4636
5961.75  94.6209
5962.79  89.9491
5963.83  84.4836
5964.87  82.3785
5965.91  95.3729
5966.95  102.572
5967.99  102.976
5969.03  89.0441
5970.07  82.0015
5971.11  87.421
5972.15  93.1469
5973.19  93.6873
5974.23  77.4655
5975.27  83.3694
5976.31  94.7964
5977.35  87.9128
5978.39  80.6825
5979.43  74.9373
5980.47  77.0362
5981.51  79.6294
5982.55  80.6786
5983.59  73.3111
5984.63  69.0667
5985.67  80.8997
5986.71  91.5031
5987.75  97.7404
5988.79  85.0557
5989.83  77.6796
5990.87  78.1155
5991.91  81.6031
5992.95  86.5755
5993.99  92.4076
5995.03  92.8495
5996.07  91.4534
5997.11  91.7114
5998.15  89.277
5999.19  85.0443
6000.23  81.161
6001.27  80.4032
6002.31  83.2642
6003.35  86.8026
6004.39  89.004
6005.43  86.6312
6006.47  91.6669
6007.51  96.4837
6008.55  89.2089
6009.59  90.713
6010.63  96.5193
6011.67  81.8944
6012.71  73.2424
6013.75  77.2316
6014.79  89.168
6015.83  97.8881
6016.87  90.7323
6017.91  87.7094
6018.95  88.2267
6019.99  97.5703
6021.03  101.872
6022.07  101.996
6023.11  113.258
6024.15  115.499
6025.19  100.207
6026.23  93.3058
6027.27  85.2784
6028.31  65.188
6029.35  66.9003
6030.39  81.7143
6031.43  98.3429
6032.47  100.424
6033.51  87.1916
6034.55  80.4991
6035.59  77.2515
6036.63  78.303
6037.67  82.5085
6038.71  87.0948
6039.75  88.7057
6040.79  86.0433
6041.83  80.246
6042.87  72.8779
6043.91  71.5164
6044.95  77.8012
6045.99  87.1293
6047.03  93.9397
6048.07  94.0599
6049.11  86.0124
6050.15  77.756
6051.19  84.991
6052.23  83.4671
6053.27  76.3236
6054.31  84.3845
6055.35  84.9382
6056.39  71.378
6057.43  82.9209
6058.47  97.7617
6059.51  103.75
6060.55  101.407
6061.59  95.427
6062.63  92.4293
6063.67  104.676
6064.71  126.828
6065.75  107.07
6066.79  92.427
6067.83  99.9413
6068.87  108.406
6069.91  113.243
6070.95  102.671
6071.99  103.243
6073.03  106.526
6074.07  90.3485
6075.11  82.7831
6076.15  86.4347
6077.19  86.0343
6078.23  86.6671
6079.27  89.6097
6080.31  93.9156
6081.35  100.712
6082.39  114.787
6083.43  116.958
6084.47  110.358
6085.51  103.13
6086.55  101.547
6087.59  107.191
6088.63  103.519
6089.67  96.2674
6090.71  85.4528
6091.75  83.6028
6092.79  84.576
6093.83  81.7626
6094.87  75.4634
6095.91  69.1536
6096.95  83.5946
6097.99  92.4399
6099.03  87.6953
6100.07  104.02
6101.11  115.238
6102.15  96.7305
6103.19  92.9275
6104.23  95.7521
6105.27  98.5079
6106.31  97.075
6107.35  92.6275
6108.39  100.616
6109.43  107.082
6110.47  107.322
6111.51  99.7569
6112.55  92.5669
6113.59  96.2931
6114.63  96.3459
6115.67  94.8832
6116.71  97.1711
6117.75  96.3143
6118.79  91.3612
6119.83  82.0017
6120.87  78.2895
6121.91  88.8383
6122.95  88.4306
6123.99  86.6439
6125.03  92.7194
6126.07  94.2429
6127.11  94.4306
6128.15  109.793
6129.19  109.975
6130.23  88.7158
6131.27  98.0765
6132.31  104.34
6133.35  84.9404
6134.39  71.918
6135.43  67.0276
6136.47  85.4366
6137.51  98.0282
6138.55  102.951
6139.59  95.5033
6140.63  89.0342
6141.67  87.6273
6142.71  95.1216
6143.75  103.642
6144.79  107.805
6145.83  103.945
6146.87  95.6469
6147.91  87.9108
6148.95  86.0278
6149.99  90.4906
6151.03  100.752
6152.07  108.891
6153.11  111.305
6154.15  107.27
6155.19  99.2483
6156.23  88.1399
6157.27  80.5384
6158.31  78.1387
6159.35  89.2647
6160.39  99.1038
6161.43  104.64
6162.47  93.7947
6163.51  90.4865
6164.55  115.018
6165.59  101.266
6166.63  82.2097
6167.67  96.0879
6168.71  100.388
6169.75  98.0973
6170.79  101.834
6171.83  103.477
6172.87  101.495
6173.91  94.2949
6174.95  89.6559
6175.99  95.1788
6177.03  98.5925
6178.07  97.3853
6179.11  75.2038
6180.15  84.3987
6181.19  117.778
6182.23  120.436
6183.27  108.712
6184.31  82.6105
6185.35  88.9726
6186.39  101.128
6187.43  100.697
6188.47  98.765
6189.51  98.0496
6190.55  111.179
6191.59  108.058
6192.63  89.4603
6193.67  93.6423
6194.71  99.6886
6195.75  101.091
6196.79  97.7826
6197.83  95.7203
6198.87  104.071
6199.91  104.524
6200.95  104.505
6201.99  133.426
6203.03  138.436
6204.07  112.556
6205.11  90.6926
6206.15  87.1928
6207.19  128.513
6208.23  104.99
6209.27  74.3275
6210.31  111.122
6211.35  109.992
6212.39  84.9678
6213.43  103.645
6214.47  108.622
6215.51  87.3595
6216.55  93.9104
6217.59  101.872
6218.63  94.0838
6219.67  99.7435
6220.71  107.677
6221.75  101.4
6222.79  96.3312
6223.83  94.1541
6224.87  103.276
6225.91  109.184
6226.95  106.564
6227.99  103.47
6229.03  102.606
6230.07  110.316
6231.11  111.046
6232.15  110.277
6233.19  123.01
6234.23  119.618
6235.27  99.7933
6236.31  95.2012
6237.35  93.7053
6238.39  92.244
6239.43  90.9034
6240.47  90.6226
6241.51  91.2438
6242.55  100.639
6243.59  112.846
6244.63  106.319
6245.67  106.538
6246.71  116.497
6247.75  105.288
6248.79  94.1494
6249.83  94.0662
6250.87  95.7979
6251.91  99.9931
6252.95  110.05
6253.99  103.782
6255.03  88.4535
6256.07  103.353
6257.11  103.306
6258.15  76.8542
6259.19  75.1619
6260.23  85.7118
6261.27  110.11
6262.31  123.429
6263.35  126.902
6264.39  110.699
6265.43  106.237
6266.47  112.4
6267.51  105.043
6268.55  99.4002
6269.59  99.69
6270.63  106.078
6271.67  110.448
6272.71  102.528
6273.75  96.138
6274.79  92.1373
6275.83  98.5589
6276.87  96.429
6277.91  84.8101
6278.95  80.9128
6279.99  81.3373
6281.03  86.7746
6282.07  87.7083
6283.11  92.4942
6284.15  116.617
6285.19  117.471
6286.23  103.855
6287.27  100.451
6288.31  100.722
6289.35  104.002
6290.39  96.8845
6291.43  89.1249
6292.47  85.9148
6293.51  80.3971
6294.55  80.2389
6295.59  106.791
6296.63  94.74
6297.67  58.5946
6298.71  83.2886
6299.75  80.7266
6300.79  26.5062
6301.83  71.9866
6302.87  115.573
6303.91  78.4449
6304.95  71.8075
6305.99  81.9494
6307.03  110.994
6308.07  125.864
6309.11  123.664
6310.15  97.5879
6311.19  83.9306
6312.23  100.044
6313.27  104.932
6314.31  105.436
6315.35  100.208
6316.39  100.127
6317.43  102.272
6318.47  100.727
6319.51  98.5687
6320.55  95.5946
6321.59  82.4508
6322.63  73.5544
6323.67  76.7699
6324.71  82.0879
6325.75  91.8526
6326.79  113.194
6327.83  111.868
6328.87  95.8325
6329.91  88.0305
6330.95  90.3576
6331.99  103.636
6333.03  101.36
6334.07  99.2559
6335.11  107.68
6336.15  107.117
6337.19  101.118
6338.23  87.8288
6339.27  83.8161
6340.31  89.0199
6341.35  104.833
6342.39  108.451
6343.43  91.6551
6344.47  89.8219
6345.51  96.7728
6346.55  116.961
6347.59  126.202
6348.63  123.257
6349.67  89.2033
6350.71  80.7971
6351.75  97.8852
6352.79  100.822
6353.83  98.3847
6354.87  89.5811
6355.91  98.4214
6356.95  99.7518
6357.99  54.68
6359.03  67.1639
6360.07  107.013
6361.11  108.557
6362.15  98.7797
6363.19  81.339
6364.23  72.3156
6365.27  74.5528
6366.31  93.5319
6367.35  118.042
6368.39  135.044
6369.43  119.354
6370.47  103.23
6371.51  89.0941
6372.55  87.9143
6373.59  90.4993
6374.63  95.1797
6375.67  100.702
6376.71  102.62
6377.75  94.0975
6378.79  95.7351
6379.83  103.154
6380.87  117.874
6381.91  119.445
6382.95  109.811
6383.99  102.428
6385.03  102.656
6386.07  113.939
6387.11  112.262
6388.15  108.088
6389.19  109.509
6390.23  96.1894
6391.27  80.9839
6392.31  92.8212
6393.35  97.8623
6394.39  94.9796
6395.43  102.096
6396.47  105.688
6397.51  99.892
6398.55  102.424
6399.59  104.385
6400.63  95.96
6401.67  96.598
6402.71  100.316
6403.75  89.0938
6404.79  85.4307
6405.83  92.5077
6406.87  110.719
6407.91  119.457
6408.95  102.897
6409.99  91.1041
6411.03  83.7429
6412.07  86.8653
6413.11  98.9216
6414.15  114.648
6415.19  112.022
6416.23  110.246
6417.27  112.921
6418.31  96.9324
6419.35  87.564
6420.39  108.392
6421.43  105.988
6422.47  98.9317
6423.51  112.298
6424.55  113.873
6425.59  106.989
6426.63  121.962
6427.67  129.159
6428.71  119.656
6429.75  98.9821
6430.79  85.6276
6431.83  105.464
6432.87  105.112
6433.91  96.1603
6434.95  92.5255
6435.99  96.0043
6437.03  106.243
6438.07  117.133
6439.11  124.559
6440.15  126.657
6441.19  110.8
6442.23  93.9182
6443.27  95.1283
6444.31  98.8046
6445.35  102.586
6446.39  94.5153
6447.43  95.9456
6448.47  109.004
6449.51  104.595
6450.55  98.2553
6451.59  95.94
6452.63  98.4925
6453.67  103.508
6454.71  109.454
6455.75  110.629
6456.79  107.697
6457.83  101.071
6458.87  99.4741
6459.91  105.534
6460.95  107.826
6461.99  111.825
6463.03  125.402
6464.07  112.014
6465.11  92.2201
6466.15  100.383
6467.19  97.8255
6468.23  86.7062
6469.27  95.4914
6470.31  98.562
6471.35  87.0873
6472.39  89.9163
6473.43  93.6312
6474.47  88.8182
6475.51  82.8101
6476.55  79.3557
6477.59  92.6319
6478.63  99.3363
6479.67  97.9782
6480.71  101.894
6481.75  99.6227
6482.79  84.1618
6483.83  84.9103
6484.87  90.1329
6485.91  90.948
6486.95  93.2437
6487.99  95.6821
6489.03  93.234
6490.07  94.2125
6491.11  99.7526
6492.15  102.831
6493.19  106.231
6494.23  111.954
6495.27  113.711
6496.31  110.33
6497.35  94.5537
6498.39  87.3778
6499.43  87.5649
6500.47  90.3851
6501.51  90.8346
6502.55  87.1108
6503.59  86.0223
6504.63  89.271
6505.67  104.337
6506.71  97.6393
6507.75  85.1413
6508.79  91.5657
6509.83  97.0671
6510.87  101.461
6511.91  113.727
6512.95  115.763
6513.99  99.4714
6515.03  91.6862
6516.07  91.1884
6517.11  105.129
6518.15  109.839
6519.19  110.038
6520.23  112.528
6521.27  114.995
6522.31  116.865
6523.35  115.87
6524.39  109.177
6525.43  92.0899
6526.47  93.8436
6527.51  99.8021
6528.55  97.9593
6529.59  89.9033
6530.63  81.1135
6531.67  91.481
6532.71  104.311
6533.75  116.405
6534.79  117.694
6535.83  115.505
6536.87  112.52
6537.91  113.432
6538.95  113.855
6539.99  106.817
6541.03  101.5
6542.07  98.6185
6543.11  101.016
6544.15  102.312
6545.19  100.421
6546.23  113.37
6547.27  121.528
6548.31  106.663
6549.35  96.3616
6550.39  92.2771
6551.43  107.965
6552.47  118.687
6553.51  121.221
6554.55  102.046
6555.59  90.0402
6556.63  97.5069
6557.67  97.574
6558.71  100.08
6559.75  114.091
6560.79  121.025
6561.83  120.531
6562.87  104.28
6563.91  94.4146
6564.95  93.5002
6565.99  91.2408
6567.03  92.4264
6568.07  100.321
6569.11  100.393
6570.15  99.2913
6571.19  104.477
6572.23  101.235
6573.27  94.863
6574.31  106.967
6575.35  107.521
6576.39  91.3203
6577.43  84.3646
6578.47  83.0521
6579.51  88.8244
6580.55  98.3884
6581.59  107.094
6582.63  103.514
6583.67  107.04
6584.71  114.815
6585.75  107.82
6586.79  107.739
6587.83  121.29
6588.87  108.046
6589.91  93.3678
6590.95  94.6826
6591.99  100.824
6593.03  105.54
6594.07  87.0958
6595.11  86.8721
6596.15  104.438
6597.19  112.966
6598.23  114.27
6599.27  105.401
6600.31  107.154
6601.35  111.031
6602.39  111.49
6603.43  111.391
6604.47  109.816
6605.51  102.209
6606.55  98.5623
6607.59  100.535
6608.63  114.43
6609.67  124.951
6610.71  125.048
6611.75  105.211
6612.79  85.4997
6613.83  95.958
6614.87  99.8161
6615.91  99.9797
6616.95  107.663
6617.99  108.83
6619.03  100.962
6620.07  104.919
6621.11  109.644
6622.15  109.798
6623.19  107.569
6624.23  105.671
6625.27  111.341
6626.31  110.201
6627.35  104.428
6628.39  110.463
6629.43  108.074
6630.47  90.143
6631.51  98.5582
6632.55  108.828
6633.59  102.228
6634.63  103.118
6635.67  107.327
6636.71  111.311
6637.75  114.773
6638.79  116.837
6639.83  111.766
6640.87  105.446
6641.91  99.3035
6642.95  100.908
6643.99  105.43
6645.03  108.875
6646.07  115.076
6647.11  121.821
6648.15  123.262
6649.19  124.019
6650.23  123.772
6651.27  102.692
6652.31  86.7669
6653.35  90.6236
6654.39  98.105
6655.43  108.461
6656.47  120.094
6657.51  118.341
6658.55  108.882
6659.59  115.034
6660.63  116.638
6661.67  109.656
6662.71  96.02
6663.75  89.0243
6664.79  104.948
6665.83  99.1499
6666.87  87.8721
6667.91  89.2044
6668.95  97.5062
6669.99  109.649
6671.03  108.282
6672.07  106.81
6673.11  109.39
6674.15  98.7348
6675.19  89.6862
6676.23  95.5603
6677.27  101.292
6678.31  105.43
6679.35  100.004
6680.39  96.3979
6681.43  95.4739
6682.47  94.0593
6683.51  93.774
6684.55  94.8786
6685.59  101.251
6686.63  106.931
6687.67  103.188
6688.71  107.225
6689.75  113.315
6690.79  104.031
6691.83  99.2935
6692.87  101.639
6693.91  103.104
6694.95  104.32
6695.99  105.613
6697.03  101.17
6698.07  96.2604
6699.11  97.7761
6700.15  101.911
6701.19  106.382
6702.23  99.7411
6703.27  96.7918
6704.31  100.963
6705.35  100.248
6706.39  102.424
6707.43  115.339
6708.47  118.376
6709.51  112.817
6710.55  88.169
6711.59  85.9608
6712.63  104.119
6713.67  121.275
6714.71  121.285
6715.75  94.0405
6716.79  91.8007
6717.83  98.4839
6718.87  110.648
6719.91  110.142
6720.95  104.954
6721.99  111.177
6723.03  116.892
6724.07  120.626
6725.11  118.167
6726.15  112.591
6727.19  103.889
6728.23  104.861
6729.27  107.804
6730.31  104.201
6731.35  110.703
6732.39  120.687
6733.43  113.151
6734.47  107.392
6735.51  106.412
6736.55  104.605
6737.59  104.088
6738.63  105.963
6739.67  108.209
6740.71  109.547
6741.75  107.251
6742.79  103.72
6743.83  100.287
6744.87  103.999
6745.91  106.13
6746.95  104.524
6747.99  113.527
6749.03  121.13
6750.07  120.174
6751.11  105.609
6752.15  91.5079
6753.19  108.708
6754.23  121.059
6755.27  125.451
6756.31  114.21
6757.35  104.461
6758.39  102.691
6759.43  99.8362
6760.47  100.051
6761.51  107.303
6762.55  115.665
6763.59  120.849
6764.63  104.241
6765.67  106.36
6766.71  127.729
6767.75  118.41
6768.79  110.118
6769.83  116.382
6770.87  113.557
6771.91  106.164
6772.95  92.9952
6773.99  86.2701
6775.03  85.0821
6776.07  88.5592
6777.11  95.3255
6778.15  104.541
6779.19  106.163
6780.23  105.37
6781.27  101.791
6782.31  115.674
6783.35  129.023
6784.39  114.263
6785.43  102.425
6786.47  96.4538
6787.51  110.778
6788.55  121.524
6789.59  122.243
6790.63  119.826
6791.67  113.368
6792.71  98.9686
6793.75  100.441
6794.79  109.565
6795.83  116.928
6796.87  119.316
6797.91  117.716
6798.95  124.211
6799.99  125.404
6801.03  115.218
6802.07  116.384
6803.11  121.058
6804.15  126.79
6805.19  125.244
6806.23  117.189
6807.27  99.283
6808.31  88.1859
6809.35  86.6884
6810.39  101.396
6811.43  113.558
6812.47  112.323
6813.51  116.251
6814.55  117.894
6815.59  107.677
6816.63  107.548
6817.67  111.662
6818.71  97.8072
6819.75  90.0226
6820.79  92.7159
6821.83  100.845
6822.87  106.218
6823.91  100.501
6824.95  98.9571
6825.99  98.9403
6827.03  99.8406
6828.07  101.076
6829.11  102.673
6830.15  107.045
6831.19  103.401
6832.23  87.7479
6833.27  96.1822
6834.31  106.164
6835.35  100.15
6836.39  106.35
6837.43  115.925
6838.47  115.501
6839.51  115.783
6840.55  116.967
6841.59  114.752
6842.63  109.586
6843.67  100.317
6844.71  103.326
6845.75  111.928
6846.79  125.568
6847.83  123.825
6848.87  113.25
6849.91  106.876
6850.95  102.619
6851.99  100.414
6853.03  98.1938
6854.07  98.8439
6855.11  105.158
6856.15  104.047
6857.19  102.314
6858.23  109.778
6859.27  100.993
6860.31  86.6174
6861.35  109.751
6862.39  127.569
6863.43  131.415
6864.47  101.798
6865.51  79.9315
6866.55  99.2022
6867.59  113.048
6868.63  115.748
6869.67  73.3341
6870.71  66.4507
6871.75  89.2606
6872.79  99.7866
6873.83  102.507
6874.87  95.494
6875.91  108.651
6876.95  120.789
6877.99  116.101
6879.03  108.218
6880.07  100.197
6881.11  102.844
6882.15  101.4
6883.19  96.7194
6884.23  109.932
6885.27  118.133
6886.31  111.412
6887.35  109.591
6888.39  110.21
6889.43  116.729
6890.47  113.368
6891.51  105.674
6892.55  106.803
6893.59  110.234
6894.63  114.606
6895.67  107.123
6896.71  102.199
6897.75  107.201
6898.79  120.312
6899.83  130.485
6900.87  117.307
6901.91  114.439
6902.95  117.716
6903.99  109.347
6905.03  107.256
6906.07  114.802
6907.11  114.613
6908.15  113.027
6909.19  114.836
6910.23  100.919
6911.27  84.9513
6912.31  85.7556
6913.35  102.404
6914.39  128.769
6915.43  132.209
6916.47  126.898
6917.51  115.015
6918.55  102.963
6919.59  95.5379
6920.63  101.086
6921.67  102.098
6922.71  102.75
6923.75  112.047
6924.79  109.667
6925.83  97.4091
6926.87  110.661
6927.91  118.63
6928.95  107.326
6929.99  112.273
6931.03  118.386
6932.07  112.544
6933.11  108.295
6934.15  106.609
6935.19  113.551
6936.23  118.872
6937.27  120.53
6938.31  111.643
6939.35  106.501
6940.39  116.643
6941.43  108.017
6942.47  98.0556
6943.51  108.784
6944.55  110.
6945.59  104.406
6946.63  102.79
6947.67  102.168
6948.71  102.422
6949.75  93.0705
6950.79  85.8667
6951.83  89.3804
6952.87  95.8106
6953.91  104.366
6954.95  113.96
6955.99  114.778
6957.03  108.038
6958.07  101.575
6959.11  100.899
6960.15  109.545
6961.19  107.765
6962.23  101.939
6963.27  92.624
6964.31  92.1034
6965.35  96.8552
6966.39  100.378
6967.43  112.475
6968.47  130.327
6969.51  117.139
6970.55  101.745
6971.59  93.8001
6972.63  104.263
6973.67  115.415
6974.71  103.579
6975.75  107.87
6976.79  118.979
6977.83  110.189
6978.87  102.993
6979.91  100.711
6980.95  102.38
6981.99  108.554
6983.03  122.314
6984.07  125.874
6985.11  122.091
6986.15  105.881
6987.19  103.03
6988.23  111.071
6989.27  120.537
6990.31  123.833
6991.35  118.01
6992.39  114.928
6993.43  114.725
6994.47  123.061
6995.51  112.325
6996.55  98.103
6997.59  105.723
6998.63  116.049
6999.67  125.436
7000.71  113.598
7001.75  106.926
7002.79  115.153
7003.83  116.158
7004.87  113.508
7005.91  106.343
7006.95  100.207
7007.99  96.0246
7009.03  97.7535
7010.07  102.922
7011.11  110.213
7012.15  106.756
7013.19  104.997
7014.23  112.495
7015.27  95.9508
7016.31  82.8892
7017.35  110.928
7018.39  111.756
7019.43  97.7405
7020.47  103.568
7021.51  110.727
7022.55  116.407
7023.59  114.71
7024.63  110.187
7025.67  103.19
7026.71  104.747
7027.75  108.393
7028.79  105.93
7029.83  107.092
7030.87  110.497
7031.91  109.864
7032.95  106.657
7033.99  100.86
7035.03  115.233
7036.07  127.105
7037.11  119.053
7038.15  105.925
7039.19  92.9805
7040.23  95.3351
7041.27  96.554
7042.31  96.5263
7043.35  103.28
7044.39  106.893
7045.43  103.334
7046.47  101.49
7047.51  101.686
7048.55  107.038
7049.59  108.206
7050.63  107.416
7051.67  108.973
7052.71  109.658
7053.75  109.448
7054.79  113.733
7055.83  114.371
7056.87  105.441
7057.91  110.449
7058.95  116.957
7059.99  112.477
7061.03  108.306
7062.07  105.08
7063.11  106.189
7064.15  106.604
7065.19  105.546
7066.23  107.131
7067.27  110.387
7068.31  116.938
7069.35  114.158
7070.39  108.766
7071.43  109.683
7072.47  104.705
7073.51  95.9701
7074.55  94.0304
7075.59  98.8873
7076.63  111.368
7077.67  119.115
7078.71  118.463
7079.75  99.7201
7080.79  91.1363
7081.83  88.6402
7082.87  91.2083
7083.91  95.7511
7084.95  101.721
7085.99  109.491
7087.03  110.09
7088.07  98.035
7089.11  99.8959
7090.15  104.974
7091.19  106.052
7092.23  109.056
7093.27  114.396
7094.31  126.778
7095.35  130.378
7096.39  123.258
7097.43  106.198
7098.47  94.4176
7099.51  97.3035
7100.55  105.366
7101.59  112.658
7102.63  108.24
7103.67  101.905
7104.71  96.7683
7105.75  107.105
7106.79  115.114
7107.83  117.429
7108.87  120.097
7109.91  119.325
7110.95  111.383
7111.99  107.365
7113.03  106.551
7114.07  113.833
7115.11  112.488
7116.15  104.751
7117.19  104.368
7118.23  106.696
7119.27  111.368
7120.31  116.656
7121.35  118.886
7122.39  113.809
7123.43  103.552
7124.47  95.3195
7125.51  109.89
7126.55  114.607
7127.59  109.852
7128.63  125.625
7129.67  131.228
7130.71  112.687
7131.75  112.486
7132.79  111.198
7133.83  89.2103
7134.87  82.4114
7135.91  88.7635
7136.95  116.003
7137.99  126.141
7139.03  114.916
7140.07  109.953
7141.11  109.3
7142.15  116.68
7143.19  116.711
7144.23  115.28
7145.27  118.205
7146.31  116.909
7147.35  111.678
7148.39  100.69
7149.43  95.0065
7150.47  97.253
7151.51  100.223
7152.55  104.223
7153.59  107.943
7154.63  116.145
7155.67  125.569
7156.71  131.313
7157.75  136.961
7158.79  140.282
7159.83  127.22
7160.87  114.967
7161.91  108.601
7162.95  100.806
7163.99  99.4563
7165.03  116.962
7166.07  114.412
7167.11  103.983
7168.15  105.812
7169.19  104.664
7170.23  100.701
7171.27  107.673
7172.31  110.583
7173.35  101.591
7174.39  108.759
7175.43  119.068
7176.47  123.278
7177.51  121.334
7178.55  115.959
7179.59  114.232
7180.63  113.018
7181.67  112.02
7182.71  113.758
7183.75  114.963
7184.79  114.309
7185.83  106.023
7186.87  98.6672
7187.91  104.244
7188.95  113.939
7189.99  123.891
7191.03  117.461
7192.07  109.417
7193.11  102.891
7194.15  111.352
7195.19  119.376
7196.23  115.736
7197.27  112.784
7198.31  110.776
7199.35  114.099
7200.39  113.734
7201.43  111.164
7202.47  118.403
7203.51  120.831
7204.55  113.368
7205.59  114.604
7206.63  115.328
7207.67  108.784
7208.71  100.837
7209.75  93.0312
7210.79  88.0335
7211.83  94.2076
7212.87  109.367
7213.91  102.016
7214.95  96.5675
7215.99  103.182
7217.03  104.715
7218.07  104.529
7219.11  103.308
7220.15  101.64
7221.19  102.121
7222.23  117.419
7223.27  121.535
7224.31  111.621
7225.35  123.201
7226.39  128.064
7227.43  106.397
7228.47  111.218
7229.51  120.041
7230.55  103.965
7231.59  114.305
7232.63  138.525
7233.67  116.925
7234.71  102.515
7235.75  106.988
7236.79  116.268
7237.83  125.035
7238.87  131.16
7239.91  109.043
7240.95  81.9721
7241.99  86.2941
7243.03  117.053
7244.07  158.167
7245.11  96.1487
7246.15  62.5274
7247.19  103.477
7248.23  125.629
7249.27  135.88
7250.31  121.684
7251.35  116.773
7252.39  116.07
7253.43  115.698
7254.47  108.01
7255.51  94.3823
7256.55  98.8431
7257.59  110.814
7258.63  131.57
7259.67  116.414
7260.71  93.5766
7261.75  87.1687
7262.79  97.0516
7263.83  115.054
7264.87  114.023
7265.91  114.63
7266.95  119.396
7267.99  118.065
7269.03  114.451
7270.07  108.654
7271.11  110.921
7272.15  110.33
7273.19  85.9327
7274.23  79.1294
7275.27  90.9914
7276.31  136.502
7277.35  150.803
7278.39  114.566
7279.43  122.8
7280.47  131.297
7281.51  112.123
7282.55  107.032
7283.59  104.789
7284.63  86.4222
7285.67  89.1004
7286.71  110.973
7287.75  124.479
7288.79  135.164
7289.83  143.499
7290.87  138.181
7291.91  129.508
7292.95  124.378
7293.99  130.992
7295.03  139.028
7296.07  116.549
7297.11  115.964
7298.15  139.141
7299.19  134.123
7300.23  122.51
7301.27  107.887
7302.31  116.242
7303.35  123.99
7304.39  99.8445
7305.43  92.2727
7306.47  97.0417
7307.51  107.493
7308.55  110.342
7309.59  103.206
7310.63  109.806
7311.67  113.307
7312.71  104.379
7313.75  87.4253
7314.79  76.0746
7315.83  101.453
7316.87  109.622
7317.91  102.263
7318.95  86.6354
7319.99  87.6414
7321.03  114.082
7322.07  135.747
7323.11  144.185
7324.15  121.827
7325.19  105.466
7326.23  95.0586
7327.27  101.009
7328.31  109.291
7329.35  119.259
7330.39  141.962
7331.43  142.905
7332.47  102.876
7333.51  111.659
7334.55  128.496
7335.59  125.121
7336.63  116.453
7337.67  106.716
7338.71  113.343
7339.75  103.872
7340.79  78.0095
7341.83  88.9041
7342.87  101.406
7343.91  101.726
7344.95  91.2339
7345.99  83.7081
7347.03  104.842
7348.07  101.264
7349.11  84.2576
7350.15  90.8321
7351.19  97.9872
7352.23  102.203
7353.27  112.189
7354.31  122.382
7355.35  132.309
7356.39  125.119
7357.43  115.041
7358.47  128.051
7359.51  118.685
7360.55  95.1604
7361.59  107.309
7362.63  119.022
7363.67  121.591
7364.71  125.329
7365.75  124.684
7366.79  113.724
7367.83  106.112
7368.87  106.035
7369.91  138.361
7370.95  129.242
7371.99  82.3031
7373.03  68.1871
7374.07  76.7923
7375.11  114.713
7376.15  112.312
7377.19  99.3718
7378.23  95.3758
7379.27  91.5575
7380.31  90.0545
7381.35  97.8282
7382.39  105.806
7383.43  112.092
7384.47  107.486
7385.51  104.876
7386.55  113.126
7387.59  105.635
7388.63  97.3553
7389.67  105.333
7390.71  113.826
7391.75  121.504
7392.79  123.174
7393.83  120.494
7394.87  114.008
7395.91  115.414
7396.95  116.623
7397.99  111.506
7399.03  113.276
7400.07  115.82
7401.11  110.036
7402.15  106.384
7403.19  105.392
7404.23  108.786
7405.27  110.863
7406.31  109.447
7407.35  114.496
7408.39  119.22
7409.43  121.141
7410.47  103.904
7411.51  83.6986
7412.55  98.1094
7413.59  105.131
7414.63  103.184
7415.67  112.702
7416.71  117.791
7417.75  112.539
7418.79  100.416
7419.83  91.1172
7420.87  97.341
7421.91  110.652
7422.95  124.965
7423.99  120.144
7425.03  112.787
7426.07  105.551
7427.11  103.6
7428.15  105.413
7429.19  112.953
7430.23  106.517
7431.27  101.787
7432.31  125.082
7433.35  117.71
7434.39  94.8246
7435.43  125.865
7436.47  131.385
7437.51  94.6154
7438.55  94.6466
7439.59  105.102
7440.63  117.877
7441.67  130.324
7442.71  136.672
7443.75  119.598
7444.79  112.81
7445.83  115.115
7446.87  109.436
7447.91  106.064
7448.95  107.804
7449.99  109.627
7451.03  111.032
7452.07  109.878
7453.11  112.224
7454.15  116.024
7455.19  118.279
7456.23  115.822
7457.27  109.288
7458.31  105.751
7459.35  107.227
7460.39  116.471
7461.43  120.134
7462.47  119.937
7463.51  113.631
7464.55  109.511
7465.59  107.852
7466.63  111.152
7467.67  116.771
7468.71  123.291
7469.75  106.739
7470.79  101.123
7471.83  131.712
7472.87  141.833
7473.91  143.407
7474.95  142.561
7475.99  128.318
7477.03  109.879
7478.07  130.304
7479.11  143.929
7480.15  140.594
7481.19  135.875
7482.23  129.669
7483.27  121.907
7484.31  120.745
7485.35  126.002
7486.39  144.456
7487.43  150.407
7488.47  144.235
7489.51  137.351
7490.55  130.185
7491.59  123.335
7492.63  122.119
7493.67  125.702
7494.71  137.728
7495.75  136.053
7496.79  128.125
7497.83  125.593
7498.87  134.93
7499.91  153.669
7500.95  145.903
7501.99  133.732
7503.03  124.617
7504.07  118.018
7505.11  117.261
7506.15  131.39
7507.19  132.59
7508.23  126.209
7509.27  124.416
7510.31  128.976
7511.35  140.047
7512.39  140.465
7513.43  136.437
7514.47  129.208
7515.51  123.398
7516.55  115.999
7517.59  96.2836
7518.63  109.355
7519.67  141.445
7520.71  125.59
7521.75  117.36
7522.79  129.248
7523.83  139.448
7524.87  142.769
7525.91  131.458
7526.95  108.469
7527.99  93.376
7529.03  140.097
7530.07  153.886
7531.11  135.187
7532.15  121.153
7533.19  126.181
7534.23  162.36
7535.27  163.859
7536.31  158.051
7537.35  165.528
7538.39  154.346
7539.43  134.107
7540.47  118.978
7541.51  121.368
7542.55  140.631
7543.59  149.893
7544.63  153.055
7545.67  147.993
7546.71  146.239
7547.75  143.364
7548.79  133.993
7549.83  131.182
7550.87  133.64
7551.91  140.285
7552.95  143.403
7553.99  141.508
7555.03  144.593
7556.07  144.64
7557.11  136.506
7558.15  125.567
7559.19  118.702
7560.23  132.582
7561.27  138.652
7562.31  138.007
7563.35  137.892
7564.39  135.256
7565.43  129.543
7566.47  124.326
7567.51  124.631
7568.55  138.166
7569.59  145.714
7570.63  148.623
7571.67  142.474
7572.71  140.604
7573.75  144.122
7574.79  158.475
7575.83  159.277
7576.87  132.862
7577.91  144.385
7578.95  165.628
7579.99  178.793
7581.03  190.702
7582.07  197.114
7583.11  185.884
7584.15  170.646
7585.19  154.03
7586.23  143.498
7587.27  137.482
7588.31  137.895
7589.35  127.504
7590.39  118.273
7591.43  120.601
7592.47  136.041
7593.51  167.63
7594.55  226.482
7595.59  304.384
7596.63  400.587
7597.67  556.276
7598.71  677.503
7599.75  707.242
7600.79  640.925
7601.83  498.518
7602.87  264.412
7603.91  144.689
7604.95  132.234
7605.99  184.399
7607.03  204.777
7608.07  157.284
7609.11  140.089
7610.15  134.79
7611.19  142.471
7612.23  148.361
7613.27  148.701
7614.31  119.18
7615.35  131.2
7616.39  180.501
7617.43  185.47
7618.47  194.384
7619.51  221.85
7620.55  264.335
7621.59  311.668
7622.63  361.056
7623.67  370.366
7624.71  345.306
7625.75  280.832
7626.79  229.372
7627.83  197.305
7628.87  148.024
7629.91  121.193
7630.95  143.31
7631.99  145.845
7633.03  147.459
7634.07  163.223
7635.11  168.184
7636.15  161.872
7637.19  134.412
7638.23  122.511
7639.27  134.072
7640.31  139.864
7641.35  144.651
7642.39  151.41
7643.43  138.18
7644.47  121.494
7645.51  126.324
7646.55  134.072
7647.59  141.969
7648.63  137.413
7649.67  131.587
7650.71  126.792
7651.75  137.86
7652.79  152.739
7653.83  165.884
7654.87  161.529
7655.91  148.924
7656.95  144.068
7657.99  140.081
7659.03  137.984
7660.07  151.32
7661.11  165.797
7662.15  178.24
7663.19  157.326
7664.23  129.576
7665.27  117.366
7666.31  121.437
7667.35  134.371
7668.39  135.755
7669.43  138.565
7670.47  143.558
7671.51  134.79
7672.55  129.48
7673.59  139.417
7674.63  132.607
7675.67  126.781
7676.71  147.64
7677.75  144.951
7678.79  127.632
7679.83  130.035
7680.87  132.572
7681.91  131.937
7682.95  133.128
7683.99  133.938
7685.03  133.065
7686.07  130.4
7687.11  128.258
7688.15  130.996
7689.19  137.612
7690.23  145.345
7691.27  140.583
7692.31  130.144
7693.35  114.482
7694.39  121.279
7695.43  131.218
7696.47  128.465
7697.51  135.283
7698.55  141.968
7699.59  123.918
7700.63  121.684
7701.67  136.724
7702.71  148.351
7703.75  151.045
7704.79  138.284
7705.83  133.813
7706.87  131.982
7707.91  129.086
7708.95  134.813
7709.99  145.344
7711.03  152.942
7712.07  146.864
7713.11  127.59
7714.15  155.584
7715.19  168.995
7716.23  129.923
7717.27  92.1087
7718.31  70.6055
7719.35  107.495
7720.39  147.495
7721.43  183.221
7722.47  186.076
7723.51  168.05
7724.55  131.092
7725.59  136.724
7726.63  149.622
7727.67  151.093
7728.71  151.173
7729.75  149.484
7730.79  146.75
7731.83  139.453
7732.87  129.842
7733.91  131.149
7734.95  137.032
7735.99  146.554
7737.03  148.467
7738.07  144.815
7739.11  132.214
7740.15  131.49
7741.19  135.505
7742.23  131.519
7743.27  127.321
7744.31  123.91
7745.35  123.303
7746.39  124.525
7747.43  128.221
7748.47  123.554
7749.51  123.445
7750.55  148.517
7751.59  158.38
7752.63  150.284
7753.67  95.2472
7754.71  76.7556
7755.75  107.786
7756.79  131.326
7757.83  138.424
7758.87  107.577
7759.91  108.981
7760.95  120.632
7761.99  128.615
7763.03  121.732
7764.07  109.855
7765.11  144.183
7766.15  166.625
7767.19  163.187
7768.23  136.833
7769.27  117.512
7770.31  135.209
7771.35  143.177
7772.39  151.943
7773.43  172.007
7774.47  200.232
7775.51  235.55
7776.55  278.956
7777.59  302.103
7778.63  294.355
7779.67  249.865
7780.71  197.905
7781.75  165.178
7782.79  147.76
7783.83  142.216
7784.87  142.931
7785.91  141.412
7786.95  137.046
7787.99  134.113
7789.03  141.818
7790.07  167.593
7791.11  191.043
7792.15  209.283
7793.19  208.298
7794.23  228.141
7795.27  253.034
7796.31  234.951
7797.35  197.715
7798.39  147.644
7799.43  183.462
7800.47  198.895
7801.51  110.72
7802.55  115.8
7803.59  144.433
7804.63  126.342
7805.67  123.708
7806.71  133.31
7807.75  137.15
7808.79  138.243
7809.83  136.511
7810.87  123.424
7811.91  112.839
7812.95  115.607
7813.99  127.078
7815.03  139.233
7816.07  132.916
7817.11  124.934
7818.15  119.152
7819.19  139.138
7820.23  154.397
7821.27  153.227
7822.31  153.705
7823.35  148.286
7824.39  124.096
7825.43  129.922
7826.47  149.167
7827.51  144.815
7828.55  150.399
7829.59  165.931
7830.63  143.039
7831.67  122.562
7832.71  123.013
7833.75  127.009
7834.79  133.536
7835.83  140.772
7836.87  135.656
7837.91  125.207
7838.95  132.066
7839.99  143.523
7841.03  157.442
7842.07  160.434
7843.11  164.575
7844.15  181.11
7845.19  174.414
7846.23  159.26
7847.27  151.664
7848.31  138.954
7849.35  125.29
7850.39  132.824
7851.43  147.585
7852.47  167.612
7853.51  130.148
7854.55  92.6456
7855.59  91.6168
7856.63  143.489
7857.67  204.53
7858.71  175.56
7859.75  168.48
7860.79  184.204
7861.83  162.279
7862.87  147.769
7863.91  157.935
7864.95  153.298
7865.99  146.083
7867.03  141.659
7868.07  147.228
7869.11  152.335
7870.15  116.704
7871.19  121.295
7872.23  171.404
7873.27  184.654
7874.31  182.503
7875.35  167.507
7876.39  139.072
7877.43  116.048
7878.47  130.717
7879.51  138.161
7880.55  139.477
7881.59  130.42
7882.63  145.065
7883.67  189.34
7884.71  169.427
7885.75  143.082
7886.79  141.541
7887.83  141.311
7888.87  141.323
7889.91  135.25
7890.95  124.077
7891.99  114.751
7893.03  152.913
7894.07  168.263
7895.11  138.48
7896.15  122.723
7897.19  115.356
7898.23  121.41
7899.27  133.051
7900.31  143.401
7901.35  132.325
7902.39  123.134
7903.43  118.586
7904.47  127.971
7905.51  133.104
7906.55  125.703
7907.59  118.656
7908.63  117.002
7909.67  133.253
7910.71  138.995
7911.75  137.261
7912.79  125.474
7913.83  138.517
7914.87  178.59
7915.91  189.651
7916.95  195.377
7917.99  205.515
7919.03  202.458
7920.07  190.976
7921.11  167.736
7922.15  171.453
7923.19  132.229
7924.23  111.592
7925.27  143.497
7926.31  113.916
7927.35  87.6047
7928.39  101.733
7929.43  124.332
7930.47  144.35
7931.51  126.925
7932.55  133.58
7933.59  155.37
7934.63  119.491
7935.67  104.832
7936.71  137.198
7937.75  131.142
7938.79  119.561
7939.83  120.506
7940.87  127.367
7941.91  133.234
7942.95  117.296
7943.99  109.298
7945.03  112.383
7946.07  129.863
7947.11  145.871
7948.15  151.538
7949.19  175.38
7950.23  194.784
7951.27  185.291
7952.31  171.298
7953.35  154.984
7954.39  144.659
7955.43  138.961
7956.47  137.318
7957.51  128.697
7958.55  123.906
7959.59  129.503
7960.63  133.823
7961.67  137.641
7962.71  136.961
7963.75  152.226
7964.79  168.925
7965.83  113.108
7966.87  92.368
7967.91  131.508
7968.95  156.726
7969.99  167.932
7971.03  150.756
7972.07  137.363
7973.11  124.258
7974.15  108.909
7975.19  112.152
7976.23  128.656
7977.27  116.073
7978.31  115.032
7979.35  140.684
7980.39  107.09
7981.43  76.9837
7982.47  105.56
7983.51  125.446
7984.55  140.672
7985.59  149.21
7986.63  147.631
7987.67  137.968
7988.71  146.762
7989.75  150.778
7990.79  137.752
7991.83  149.401
7992.87  165.361
7993.91  170.156
7994.95  164.304
7995.99  153.304
7997.03  158.729
7998.07  146.413
7999.11  113.132
8000.15  110.5
8001.19  112.841
8002.23  108.227
8003.27  114.349
8004.31  125.02
8005.35  136.579
8006.39  139.39
8007.43  136.929
8008.47  145.43
8009.51  150.08
8010.55  147.443
8011.59  152.168
8012.63  152.043
8013.67  132.176
8014.71  141.093
8015.75  159.656
8016.79  163.782
8017.83  160.147
8018.87  151.865
8019.91  162.165
8020.95  162.079
8021.99  139.923
8023.03  141.786
8024.07  148.417
8025.11  149.58
8026.15  137.394
8027.19  128.346
8028.23  175.528
8029.27  183.98
8030.31  150.083
8031.35  149.564
8032.39  163.124
8033.43  194.462
8034.47  175.789
8035.51  147.006
8036.55  143.277
8037.59  151.988
8038.63  165.358
8039.67  155.918
8040.71  142.963
8041.75  129.7
8042.79  125.933
8043.83  124.634
8044.87  121.953
8045.91  123.334
8046.95  127.027
8047.99  133.822
8049.03  131.861
8050.07  124.452
8051.11  124.35
8052.15  139.345
8053.19  173.244
8054.23  170.368
8055.27  154.768
8056.31  128.469
8057.35  154.772
8058.39  189.16
8059.43  144.849
8060.47  128.874
8061.51  140.99
8062.55  128.491
8063.59  127.765
8064.63  151.046
8065.67  174.659
8066.71  194.973
8067.75  201.304
8068.79  218.34
8069.83  230.429
8070.87  195.45
8071.91  163.04
8072.95  140.099
8073.99  139.624
8075.03  139.861
8076.07  127.607
8077.11  140.641
8078.15  154.043
8079.19  137.645
8080.23  131.7
8081.27  134.15
8082.31  143.467
8083.35  148.915
8084.39  148.199
8085.43  143.154
8086.47  139.03
8087.51  140.623
8088.55  138.257
8089.59  137.075
8090.63  144.714
8091.67  149.561
8092.71  152.317
8093.75  159.925
8094.79  158.066
8095.83  142.027
8096.87  137.284
8097.91  138.771
8098.95  149.74
8099.99  145.692
8101.03  137.882
8102.07  148.975
8103.11  142.351
8104.15  121.66
8105.19  138.205
8106.23  143.108
8107.27  116.309
8108.31  115.234
8109.35  124.623
8110.39  141.924
8111.43  147.347
8112.47  147.418
8113.51  160.91
8114.55  152.17
8115.59  121.112
8116.63  130.118
8117.67  137.799
8118.71  124.067
8119.75  125.501
8120.79  133.36
8121.83  145.789
8122.87  149.668
8123.91  146.419
8124.95  139.19
8125.99  134.546
8127.03  133.84
8128.07  128.068
8129.11  122.089
8130.15  117.159
8131.19  120.497
8132.23  124.398
8133.27  111.637
8134.31  122.743
8135.35  151.265
8136.39  161.734
8137.43  154.708
8138.47  126.54
8139.51  140.898
8140.55  155.833
8141.59  138.328
8142.63  132.909
8143.67  133.434
8144.71  135.749
8145.75  140.084
8146.79  145.192
8147.83  140.934
8148.87  135.005
8149.91  128.386
8150.95  143.492
8151.99  158.645
8153.03  152.844
8154.07  138.118
8155.11  121.621
8156.15  125.242
8157.19  138.547
8158.23  158.398
8159.27  153.994
8160.31  147.421
8161.35  147.403
8162.39  159.347
8163.43  168.589
8164.47  153.194
8165.51  138.696
8166.55  126.118
8167.59  117.988
8168.63  120.671
8169.67  135.807
8170.71  150.54
8171.75  156.948
8172.79  143.319
8173.83  136.766
8174.87  132.758
8175.91  130.37
8176.95  126.148
8177.99  122.966
8179.03  140.833
8180.07  155.64
8181.11  160.773
8182.15  132.528
8183.19  116.643
8184.23  167.918
8185.27  169.348
8186.31  149.887
8187.35  148.628
8188.39  157.993
8189.43  173.729
8190.47  155.763
8191.51  140.63
8192.55  143.18
8193.59  143.282
8194.63  142.431
8195.67  136.949
8196.71  139.613
8197.75  147.805
8198.79  158.828
8199.83  158.999
8200.87  147.327
8201.91  150.615
8202.95  155.635
8203.99  158.554
8205.03  150.683
8206.07  144.306
8207.11  162.666
8208.15  155.451
8209.19  133.519
8210.23  142.322
8211.27  146.793
8212.31  140.153
8213.35  148.926
8214.39  155.383
8215.43  147.198
8216.47  138.476
8217.51  133.863
8218.55  150.944
8219.59  152.343
8220.63  140.831
8221.67  145.259
8222.71  146.748
8223.75  139.191
8224.79  157.224
8225.83  169.607
8226.87  143.375
8227.91  142.805
8228.95  152.684
8229.99  151.042
8231.03  146.408
8232.07  139.786
8233.11  136.301
8234.15  135.773
8235.19  139.707
8236.23  136.461
8237.27  134.341
8238.31  145.24
8239.35  139.464
8240.39  126.915
8241.43  135.713
8242.47  149.282
8243.51  164.243
8244.55  162.62
8245.59  161.073
8246.63  168.96
8247.67  173.559
8248.71  174.289
8249.75  167.064
8250.79  155.678
8251.83  141.15
8252.87  126.354
8253.91  122.311
8254.95  132.159
8255.99  143.521
8257.03  148.302
8258.07  133.57
8259.11  129.291
8260.15  132.914
8261.19  149.158
8262.23  166.404
8263.27  178.742
8264.31  146.255
8265.35  128.283
8266.39  146.709
8267.43  151.307
8268.47  153.75
8269.51  157.662
8270.55  160.86
8271.59  161.62
8272.63  153.835
8273.67  143.509
8274.71  132.991
8275.75  141.306
8276.79  152.309
8277.83  161.048
8278.87  146.335
8279.91  136.634
8280.95  176.17
8281.99  170.78
8283.03  141.22
8284.07  148.044
8285.11  139.899
8286.15  111.617
8287.19  138.364
8288.23  168.407
8289.27  177.253
8290.31  167.064
8291.35  153.123
8292.39  159.874
8293.43  166.027
8294.47  167.349
8295.51  135.789
8296.55  132.031
8297.59  173.164
8298.63  140.976
8299.67  118.156
8300.71  174.639
8301.75  167.66
8302.79  143.12
8303.83  163.015
8304.87  181.704
8305.91  193.159
8306.95  172.012
8307.99  152.237
8309.03  145.076
8310.07  151.079
8311.11  160.799
8312.15  162.054
8313.19  180.491
8314.23  199.248
8315.27  170.794
8316.31  153.993
8317.35  154.703
8318.39  156.187
8319.43  149.485
8320.47  124.305
8321.51  120.843
8322.55  127.286
8323.59  140.575
8324.63  140.209
8325.67  132.381
8326.71  133.887
8327.75  139.686
8328.79  148.884
8329.83  140.985
8330.87  132.437
8331.91  130.173
8332.95  143.904
8333.99  160.846
8335.03  164.899
8336.07  152.676
8337.11  132.853
8338.15  150.689
8339.19  162.533
8340.23  157.749
8341.27  132.669
8342.31  116.616
8343.35  137.768
8344.39  168.661
8345.43  198.276
8346.47  198.948
8347.51  175.279
8348.55  136.989
8349.59  153.384
8350.63  175.929
8351.67  190.556
8352.71  194.443
8353.75  190.361
8354.79  176.482
8355.83  171.21
8356.87  167.252
8357.91  139.828
8358.95  141.854
8359.99  175.455
8361.03  179.692
8362.07  166.023
8363.11  127.16
8364.15  127.726
8365.19  147.959
8366.23  184.694
8367.27  195.476
8368.31  188.141
8369.35  185.638
8370.39  182.695
8371.43  178.992
8372.47  143.231
8373.51  123.94
8374.55  163.846
8375.59  175.658
8376.63  175.048
8377.67  163.294
8378.71  161.502
8379.75  165.773
8380.79  149.959
8381.83  138.981
8382.87  139.325
8383.91  159.751
8384.95  174.611
8385.99  157.269
8387.03  150.704
8388.07  149.196
8389.11  150.867
8390.15  157.562
8391.19  166.902
8392.23  162.067
8393.27  152.686
8394.31  140.958
8395.35  131.004
8396.39  131.499
8397.43  160.736
8398.47  175.025
8399.51  179.245
8400.55  182.177
8401.59  173.747
8402.63  152.299
8403.67  107.075
8404.71  85.7611
8405.75  127.913
8406.79  106.616
8407.83  82.0637
8408.87  119.441
8409.91  147.047
8410.95  161.712
8411.99  142.432
8413.03  136.464
8414.07  153.56
8415.11  155.145
8416.15  162.551
8417.19  197.877
8418.23  182.42
8419.27  148.43
8420.31  129.318
8421.35  129.464
8422.39  144.075
8423.43  147.718
8424.47  146.546
8425.51  140.673
8426.55  133.693
8427.59  134.598
8428.63  155.672
8429.67  180.484
8430.71  192.512
8431.75  137.059
8432.79  106.268
8433.83  106.989
8434.87  122.019
8435.91  151.541
8436.95  201.625
8437.99  178.175
8439.03  134.364
8440.07  104.542
8441.11  121.205
8442.15  157.892
8443.19  138.085
8444.23  132.367
8445.27  148.792
8446.31  168.378
8447.35  170.593
8448.39  131.273
8449.43  132.064
8450.47  145.404
8451.51  152.897
8452.55  148.58
8453.59  140.846
8454.63  168.769
8455.67  189.191
8456.71  192.494
8457.75  180.823
8458.79  173.803
8459.83  195.511
8460.87  175.405
8461.91  143.057
8462.95  132.08
8463.99  136.373
8465.03  156.241
8466.07  209.967
8467.11  221.639
8468.15  160.296
8469.19  120.733
8470.23  94.8267
8471.27  86.8838
8472.31  117.449
8473.35  158.508
8474.39  141.174
8475.43  139.866
8476.47  156.931
8477.51  145.994
8478.55  135.751
8479.59  135.398
8480.63  156.48
8481.67  172.374
8482.71  142.215
8483.75  146.038
8484.79  167.96
8485.83  169.695
8486.87  168.693
8487.91  166.894
8488.95  158.891
8489.99  150.849
8491.03  144.704
8492.07  150.378
8493.11  160.525
8494.15  166.181
8495.19  173.698
8496.23  180.171
8497.27  173.362
8498.31  158.754
8499.35  137.603
8500.39  183.653
8501.43  214.739
8502.47  157.435
8503.51  151.501
8504.55  165.488
8505.59  173.408
8506.63  183.052
8507.67  193.643
8508.71  198.146
8509.75  202.832
8510.79  210.692
8511.83  201.256
8512.87  188.748
8513.91  183.238
8514.95  185.61
8515.99  185.622
8517.03  147.692
8518.07  136.352
8519.11  154.944
8520.15  163.765
8521.19  163.28
8522.23  145.981
8523.27  158.555
8524.31  177.195
8525.35  183.323
8526.39  176.223
8527.43  161.601
8528.47  154.341
8529.51  154.638
8530.55  163.042
8531.59  171.976
8532.63  174.6
8533.67  163.366
8534.71  159.571
8535.75  158.262
8536.79  157.575
8537.83  154.891
8538.87  152.141
8539.91  155.673
8540.95  168.619
8541.99  193.039
8543.03  173.665
8544.07  152.646
8545.11  161.418
8546.15  159.392
8547.19000000001  153.936
8548.23  151.106
8549.27  147.48
8550.31  144.968
8551.35  158.292
8552.39  175.67
8553.43  195.859
8554.47  176.481
8555.51  155.743
8556.55  172.81
8557.59  170.875
8558.63  159.165
8559.67  148.588
8560.71  150.789
8561.75  165.636
8562.79  171.733
8563.83  170.715
8564.87  160.067
8565.91  154.064
8566.95  150.54
8567.99  151.658
8569.03  149.055
8570.07  142.445
8571.11  123.732
8572.15  124.095
8573.19  148.596
8574.23  153.183
8575.27  155.841
8576.31  165.341
8577.35  167.095
8578.39  163.677
8579.43  152.864
8580.47  151.3
8581.51  157.676
8582.55  167.853
8583.59  169.901
8584.63  159.836
8585.67  153.368
8586.71  147.293
8587.75  141.396
8588.79  137.475
8589.83  137.471
8590.87  151.938
8591.91  147.363
8592.95  127.641
8593.99  140.738
8595.03  155.166
8596.07  162.362
8597.11  154.773
8598.15  147.202
8599.19  155.025
8600.23  164.857
8601.27  172.842
8602.31  162.085
8603.35  168.279
8604.39  190.755
8605.43  160.629
8606.47  137.35
8607.51  150.771
8608.55  147.313
8609.59  142.451
8610.63  145.905
8611.67  158.814
8612.71  171.906
8613.75  144.989
8614.79  142.747
8615.83  175.909
8616.87  163.532
8617.91  152.98
8618.95  174.716
8619.99  169.381
8621.03  158.082
8622.07  162.022
8623.11  171.536
8624.15  182.352
8625.19  168.972
8626.23  170.216
8627.27  198.501
8628.31  168.225
8629.35  141.369
8630.39  171.82
8631.43  163.387
8632.47  141.089
8633.51  137.363
8634.55  132.726
8635.59  127.963
8636.63  143.16
8637.67  149.506
8638.71  133.633
8639.75  123.885
8640.79  131.793
8641.83  188.472
8642.87  212.071
8643.91  210.42
8644.95  185.025
8645.99  161.151
8647.03  143.356
8648.07  130.497
8649.11  135.95
8650.15  175.816
8651.19  181.41
8652.23  164.038
8653.27  105.523
8654.31  109.347
8655.35  148.811
8656.39  125.091
8657.43  112.298
8658.47  123.037
8659.51  123.323
8660.55000000001  134.892
8661.59  177.648
8662.63  200.07
8663.67  199.79
8664.71  146.732
8665.75  110.968
8666.79  96.2071
8667.83  107.245
8668.87  134.826
8669.91  177.296
8670.95  203.923
8671.99  203.47
8673.03  140.611
8674.07  135.864
8675.11  156.226
8676.15  157.932
8677.19  144.495
8678.23  121.86
8679.27  141.842
8680.31  162.462
8681.35  169.412
8682.39  160.161
8683.43  153.109
8684.47  174.358
8685.51  173.083
8686.55  160.915
8687.59  159.084
8688.63  169.682
8689.67  191.479
8690.71  187.155
8691.75  173.652
8692.79  154.128
8693.83  145.794
8694.87  143.782
8695.91  146.485
8696.95  151.55
8697.99  159.935
8699.03  179.421
8700.07  185.109
8701.11  171.625
8702.15  181.602
8703.19  191.112
8704.23  190.595
8705.27  162.694
8706.31  134.83
8707.35  160.834
8708.39  169.063
8709.43  161.551
8710.47  168.25
8711.51  166.957
8712.55  150.743
8713.59  143.966
8714.63  144.691
8715.67  160.757
8716.71  153.698
8717.75  139.338
8718.79  148.162
8719.83  152.449
8720.87  150.951
8721.91  154.968
8722.95  161.887
8723.99  172.95
8725.03  170.031
8726.07  166.788
8727.11  179.43
8728.15  182.175
8729.19  177.034
8730.23  162.136
8731.27  156.333
8732.31  163.081
8733.35  177.621
8734.39  185.664
8735.43  176.892
8736.47  162.219
8737.51  148.761
8738.55  151.175
8739.59  154.409
8740.63  157.164
8741.67  150.644
8742.71  151.241
8743.75  163.056
8744.79  183.152
8745.83  194.661
8746.87  179.377
8747.91  172.757
8748.95  170.374
8749.99  176.792
8751.03  170.35
8752.07  154.616
8753.11  158.926
8754.15  165.814
8755.19  171.448
8756.23  167.651
8757.27  161.844
8758.31  159.308
8759.35  163.939
8760.39  173.043
8761.43  189.135
8762.47  172.206
8763.51  126.904
8764.55  144.596
8765.59  182.122
8766.63  230.008
8767.67  271.192
8768.71  277.964
8769.75  188.473
8770.79  145.941
8771.83  143.426
8772.87  198.049
8773.91  207.265
8774.95  155.209
8775.99  143.984
8777.03  151.221
8778.07  184.927
8779.11  173.282
8780.15  134.009
8781.19  57.7353
8782.23  37.3068
8783.27  71.1468
8784.31  177.165
8785.35  213.67
8786.39  139.738
8787.43  163.132
8788.47  187.671
8789.51  153.979
8790.55  147.457
8791.59  153.618
8792.63  165.833
8793.67  175.505
8794.71  178.978
8795.75  157.353
8796.79  125.976
8797.83  84.7204
8798.87  125.917
8799.91  169.691
8800.95  134.574
8801.99  154.5
8803.03  192.739
8804.07  178.156
8805.11  163.059
8806.15  154.043
8807.19  172.838
8808.23  183.344
8809.27  165.216
8810.31  159.108
8811.35  162.398
8812.39  187.039
8813.43  192.395
8814.47  182.02
8815.51  161.339
8816.55  140.558
8817.59  122.965
8818.63  134.884
8819.67  150.779
8820.71  156.525
8821.75  158.207
8822.79  157.422
8823.83  157.388
8824.87  151.978
8825.91  146.58
8826.95  172.544
8827.99  190.429
8829.03  189.334
8830.07  180.794
8831.11  173.424
8832.15  178.662
8833.19  170.048
8834.23  158.773
8835.27  166.978
8836.31  153.564
8837.35  125.457
8838.39  158.885
8839.43  180.575
8840.47  163.285
8841.51  163.606
8842.55  174.454
8843.59  209.711
8844.63  191.549
8845.67  149.445
8846.71  144.288
8847.75  148.081
8848.79  158.163
8849.83  170.807
8850.87  183.565
8851.91  196.691
8852.95  190.375
8853.99  167.883
8855.03  114.042
8856.07  108.958
8857.11  140.486
8858.15  187.03
8859.19  198.584
8860.23  164.47
8861.27  156.735
8862.31  153.137
8863.35  144.329
8864.39  153.263
8865.43  164.315
8866.47  153.218
8867.51  150.104
8868.55  153.604
8869.59  158.763
8870.63  140.021
8871.67  86.4879
8872.71  149.943
8873.75  200.615
8874.79  118.505
8875.83  125.03
8876.87  161.044
8877.91  142.538
8878.95  144.067
8879.99  165.023
8881.03  162.895
