3400.0 -2.0785476e-18 99999.0
3405.0 -2.0785476e-18 1.1041487e-18
3410.0 1.3788272e-18 1.106554e-18
3415.0 -6.5695954e-20 1.0699425e-18
3420.0 -6.9513249e-19 1.1710177e-18
3425.0 -2.2586849e-18 1.1454139e-18
3430.0 2.7460129e-18 1.2257181e-18
3435.0 4.2865828e-19 1.2087748e-18
3440.0 1.4509196e-18 1.1593665e-18
3445.0 4.900651e-18 1.1820368e-18
3450.0 2.3263789e-19 1.2758021e-18
3455.0 -4.1938536e-18 1.2867999e-18
3460.0 -1.0524025e-20 1.2459627e-18
3465.0 5.7979926e-19 1.272479e-18
3470.0 -6.245316e-19 1.2843409e-18
3475.0 -3.2936399e-18 1.1720702e-18
3480.0 1.7718264e-18 1.2466971e-18
3485.0 6.7796865e-20 1.1987063e-18
3490.0 2.673998e-18 1.1393381e-18
3495.0 4.3352393e-19 1.0649524e-18
3500.0 -7.6534387e-19 1.068797e-18
3505.0 -2.9428037e-19 1.0499007e-18
3510.0 1.415165e-18 1.0305911e-18
3515.0 -1.1342215e-18 9.3451994e-19
3520.0 -1.6212484e-18 9.3903009e-19
3525.0 9.6188838e-19 8.2381878e-19
3530.0 -7.7043465e-19 8.8072213e-19
3535.0 4.1318085e-19 8.5221241e-19
3540.0 4.6636459e-19 8.5445476e-19
3545.0 -8.2884117e-19 8.8689083e-19
3550.0 1.495159e-18 8.4971974e-19
3555.0 2.6854374e-18 8.1326158e-19
3560.0 1.2291404e-19 7.8862373e-19
3565.0 -9.4076983e-19 7.1170431e-19
3570.0 4.0804611e-20 6.6408011e-19
3575.0 6.4753202e-19 7.1555576e-19
3580.0 -4.2594816e-19 6.3561244e-19
3585.0 1.9997011e-18 6.51959e-19
3590.0 -6.3189659e-19 7.3537574e-19
3595.0 -2.0255559e-19 8.2075256e-19
3600.0 3.2311549e-18 8.7223431e-19
3605.0 -7.1936135e-19 8.3948203e-19
3610.0 -2.0506486e-18 8.3618147e-19
3615.0 2.1649861e-18 9.1352005e-19
3620.0 1.7546599e-20 8.7622857e-19
3625.0 9.0597124e-19 9.7156932e-19
3630.0 1.4339851e-18 9.4291101e-19
3635.0 2.578756e-18 9.605506e-19
3640.0 -6.3753361e-19 9.8348274e-19
3645.0 -3.1318897e-19 9.2844619e-19
3650.0 1.2945285e-18 8.853123e-19
3655.0 1.1535487e-18 9.2023509e-19
3660.0 -7.8362276e-20 9.0058201e-19
3665.0 4.7113314e-19 8.3307731e-19
3670.0 4.3653295e-19 7.9520478e-19
3675.0 5.4725984e-19 7.7078797e-19
3680.0 -5.815431e-19 7.1260653e-19
3685.0 -1.2591886e-19 6.887302e-19
3690.0 5.6260731e-19 6.7648406e-19
3695.0 1.3896905e-18 6.547324e-19
3700.0 3.4704317e-18 6.7865988e-19
3705.0 8.9282152e-20 5.9841135e-19
3710.0 -1.2305862e-19 5.8912954e-19
3715.0 1.4158884e-19 6.3356383e-19
3720.0 9.5753477e-19 5.1429873e-19
3725.0 1.3229569e-18 5.7937226e-19
3730.0 2.2813038e-18 5.7567499e-19
3735.0 8.9717398e-19 4.9189736e-19
3740.0 3.5134204e-19 5.8461917e-19
3745.0 8.0782652e-20 5.1692991e-19
3750.0 1.2435561e-18 5.001182e-19
3755.0 2.1103593e-18 6.0448671e-19
3760.0 1.0032226e-18 5.4076685e-19
3765.0 -9.4312841e-20 5.6057106e-19
3770.0 6.0543743e-19 5.9402056e-19
3775.0 8.4162032e-19 6.6321087e-19
3780.0 2.1071877e-18 6.8424619e-19
3785.0 1.2404563e-18 6.7842036e-19
3790.0 8.5695036e-19 6.6015071e-19
3795.0 1.3050231e-18 6.6052764e-19
3800.0 7.460215e-19 6.5109282e-19
3805.0 7.6232748e-19 7.0870817e-19
3810.0 2.8179986e-19 7.175604e-19
3815.0 2.2088139e-18 6.6019364e-19
3820.0 7.8555355e-19 6.445637e-19
3825.0 3.6822088e-19 6.1786637e-19
3830.0 9.3802309e-19 6.199591e-19
3835.0 1.2237213e-18 6.0102214e-19
3840.0 1.9771563e-18 5.8434546e-19
3845.0 9.6033556e-19 6.337084e-19
3850.0 4.9410583e-19 6.1310218e-19
3855.0 1.7633177e-18 5.7894484e-19
3860.0 5.1493022e-19 5.3672648e-19
3865.0 4.7860244e-19 5.8677443e-19
3870.0 2.0229364e-18 5.1980131e-19
3875.0 1.5572612e-18 5.3580465e-19
3880.0 1.0934967e-18 4.7954723e-19
3885.0 9.2607739e-19 4.645162e-19
3890.0 3.5273768e-19 4.8181561e-19
3895.0 4.2685683e-19 4.9562651e-19
3900.0 8.5383619e-19 4.9094534e-19
3905.0 1.6269019e-18 4.6116416e-19
3910.0 1.4432349e-18 5.0089666e-19
3915.0 -4.1626235e-19 4.891049e-19
3920.0 -9.7807944e-21 4.458558e-19
3925.0 8.1684276e-19 4.3856394e-19
3930.0 1.8023175e-18 3.5877429e-19
3935.0 8.712001e-19 3.2131418e-19
3940.0 5.433354e-19 4.0936832e-19
3945.0 1.1692464e-18 4.3766681e-19
3950.0 8.5890332e-19 4.7068809e-19
3955.0 1.5344141e-18 4.574722e-19
3960.0 1.2585734e-18 4.4333167e-19
3965.0 1.3028971e-18 3.8604506e-19
3970.0 1.5142592e-18 3.4583174e-19
3975.0 1.1632427e-18 4.4045958e-19
3980.0 1.4066952e-18 4.9911828e-19
3985.0 8.5357116e-19 4.9831857e-19
3990.0 9.3604424e-19 5.2897498e-19
3995.0 8.2325753e-19 5.2443803e-19
4000.0 1.2735646e-18 5.3164892e-19
4005.0 2.6786532e-19 5.2097727e-19
4010.0 1.3087631e-18 5.5978358e-19
4015.0 1.479986e-18 5.5583656e-19
4020.0 1.1107303e-18 5.5384236e-19
4025.0 1.8617054e-18 5.5732277e-19
4030.0 1.3129538e-18 5.4387142e-19
4035.0 1.0654943e-18 5.3370192e-19
4040.0 1.472378e-18 5.5601624e-19
4045.0 1.0920813e-18 5.0594924e-19
4050.0 1.4972675e-18 5.4910405e-19
4055.0 6.0992959e-19 5.191813e-19
4060.0 6.1256814e-19 5.1688834e-19
4065.0 1.2731284e-18 5.2361683e-19
4070.0 1.6878252e-18 5.204302e-19
4075.0 1.4591951e-18 5.1969427e-19
4080.0 1.4509413e-18 5.0315573e-19
4085.0 9.2158326e-19 4.9089054e-19
4090.0 1.4905846e-18 4.9815209e-19
4095.0 2.0760049e-18 4.6951861e-19
4100.0 5.3896732e-19 4.1976704e-19
4105.0 1.385402e-18 4.4121685e-19
4110.0 1.6316929e-18 4.4450534e-19
4115.0 4.688846e-19 4.5563143e-19
4120.0 1.4775228e-18 4.3899817e-19
4125.0 9.1383167e-19 4.4122304e-19
4130.0 1.0191841e-18 4.2352166e-19
4135.0 1.150642e-18 4.2477381e-19
4140.0 1.3214351e-18 4.4129544e-19
4145.0 1.7626096e-18 4.0928067e-19
4150.0 1.9404739e-18 4.2424925e-19
4155.0 5.0850929e-19 4.1560764e-19
4160.0 7.991956e-19 4.3211889e-19
4165.0 1.1398303e-18 4.4063056e-19
4170.0 1.1114974e-18 4.3298409e-19
4175.0 8.3855456e-19 4.2973091e-19
4180.0 1.9064092e-18 4.2568455e-19
4185.0 1.3234265e-18 4.2607515e-19
4190.0 1.9298902e-18 4.2838167e-19
4195.0 2.3764787e-18 4.4254201e-19
4200.0 3.5672745e-19 4.1106177e-19
4205.0 2.1243391e-18 4.429568e-19
4210.0 1.3753136e-18 4.5273607e-19
4215.0 1.5758194e-18 4.42782e-19
4220.0 1.0440357e-18 4.5732442e-19
4225.0 1.5981743e-18 4.0590483e-19
4230.0 4.7295791e-19 4.5644632e-19
4235.0 7.510575e-19 4.3924645e-19
4240.0 1.5182527e-18 4.5269619e-19
4245.0 -1.8071609e-20 4.5480949e-19
4250.0 1.5480878e-18 4.4299946e-19
4255.0 8.6230324e-19 4.5298733e-19
4260.0 1.0061212e-18 4.3329949e-19
4265.0 7.6507015e-19 4.659177e-19
4270.0 1.6431374e-18 4.2394088e-19
4275.0 1.7997687e-18 4.3491641e-19
4280.0 3.1196099e-18 4.4173209e-19
4285.0 1.9264136e-18 4.2998944e-19
4290.0 2.3309189e-18 4.4983117e-19
4295.0 1.5190307e-18 4.4574711e-19
4300.0 1.20155e-18 3.8695681e-19
4305.0 7.3771889e-19 3.8170268e-19
4310.0 1.7535828e-18 3.6016857e-19
4315.0 2.0784246e-18 4.1443587e-19
4320.0 1.7285114e-18 4.2746431e-19
4325.0 1.6384828e-18 3.5913733e-19
4330.0 6.3794562e-19 4.0158405e-19
4335.0 1.982072e-18 3.9116518e-19
4340.0 1.6299183e-18 3.3383113e-19
4345.0 1.1065917e-18 3.6959765e-19
4350.0 8.4735103e-19 3.695851e-19
4355.0 1.379566e-18 3.6463623e-19
4360.0 2.6416713e-18 3.7185139e-19
4365.0 1.8400998e-18 3.7109283e-19
4370.0 2.0345289e-18 3.6172909e-19
4375.0 1.4360543e-18 3.5484883e-19
4380.0 4.2778652e-19 3.5980819e-19
4385.0 1.2865622e-18 3.1136798e-19
4390.0 1.3194153e-18 3.4543881e-19
4395.0 1.5622122e-18 3.5462105e-19
4400.0 1.2694259e-18 3.549938e-19
4405.0 5.0630424e-19 3.4834014e-19
4410.0 7.5051606e-19 3.6676508e-19
4415.0 1.3012474e-18 3.6284431e-19
4420.0 1.8918742e-18 3.7902663e-19
4425.0 7.0252412e-19 3.7193244e-19
4430.0 9.8754311e-19 3.7362862e-19
4435.0 1.2957049e-18 3.6210859e-19
4440.0 1.0289836e-18 3.8356787e-19
4445.0 1.4903217e-18 3.7861834e-19
4450.0 2.6533224e-20 3.8790295e-19
4455.0 7.1344089e-19 3.711172e-19
4460.0 3.5767422e-19 3.7026396e-19
4465.0 1.1681661e-18 3.8808114e-19
4470.0 7.6248939e-19 3.8644295e-19
4475.0 1.3308943e-18 4.0075639e-19
4480.0 1.6664044e-18 3.9066506e-19
4485.0 9.1855428e-19 4.0538728e-19
4490.0 3.8613255e-19 3.9498894e-19
4495.0 7.1680468e-19 4.0150665e-19
4500.0 1.395249e-18 4.0636449e-19
4505.0 6.5878555e-19 4.1809151e-19
4510.0 8.6199152e-19 4.1472717e-19
4515.0 1.2453998e-18 4.0730732e-19
4520.0 2.2044806e-18 4.1124644e-19
4525.0 2.0141989e-18 4.0099798e-19
4530.0 1.3460435e-18 3.9341257e-19
4535.0 1.1541948e-18 4.0839528e-19
4540.0 2.1941155e-18 4.7005828e-19
4545.0 2.0646085e-18 4.5073335e-19
4550.0 1.2756588e-18 4.2620115e-19
4555.0 5.1190066e-19 4.1842544e-19
4560.0 7.9655692e-19 4.2096437e-19
4565.0 3.5011872e-19 3.9603341e-19
4570.0 1.6583012e-18 3.9058793e-19
4575.0 1.6084539e-18 3.9056092e-19
4580.0 1.6836372e-18 3.751148e-19
4585.0 2.6080044e-18 3.6579316e-19
4590.0 1.4912843e-18 3.6143125e-19
4595.0 1.4686297e-18 3.50603e-19
4600.0 1.8242044e-18 3.4276373e-19
4605.0 1.8991611e-18 3.4103782e-19
4610.0 8.767056e-19 3.406152e-19
4615.0 1.1175308e-18 3.3359269e-19
4620.0 8.2415662e-19 3.3091961e-19
4625.0 7.7659329e-19 3.2760034e-19
4630.0 1.8672107e-18 3.2882498e-19
4635.0 9.3419809e-19 3.2144434e-19
4640.0 4.8433637e-19 3.1662254e-19
4645.0 1.391476e-18 3.1339311e-19
4650.0 1.1736823e-18 3.1177024e-19
4655.0 1.6183073e-18 3.1338894e-19
4660.0 1.4211741e-18 3.2093066e-19
4665.0 1.5935777e-18 3.0529256e-19
4670.0 1.1747248e-18 3.0646633e-19
4675.0 1.5978335e-18 3.1539366e-19
4680.0 1.946112e-18 3.0805553e-19
4685.0 1.2539903e-18 3.1570023e-19
4690.0 1.3988413e-18 3.1294908e-19
4695.0 1.4864352e-18 3.18778e-19
4700.0 1.251634e-18 3.1075307e-19
4705.0 2.3094459e-18 3.1147212e-19
4710.0 4.7881021e-19 3.1705069e-19
4715.0 1.2824286e-18 3.2275417e-19
4720.0 1.2006893e-18 3.3143252e-19
4725.0 8.591128e-19 3.2404055e-19
4730.0 8.2897218e-19 3.1548452e-19
4735.0 2.7455868e-18 3.2243354e-19
4740.0 2.2107272e-18 3.2727799e-19
4745.0 1.6549413e-18 3.2971804e-19
4750.0 1.7504008e-18 3.2875451e-19
4755.0 6.253444e-19 3.2344429e-19
4760.0 1.2683951e-18 3.2826333e-19
4765.0 1.5339653e-18 3.2451085e-19
4770.0 2.6493709e-18 3.3509734e-19
4775.0 9.0411232e-19 3.3874378e-19
4780.0 1.3050692e-18 3.4241317e-19
4785.0 1.0397453e-18 3.3442547e-19
4790.0 2.1154019e-18 3.3955106e-19
4795.0 1.176153e-18 3.458059e-19
4800.0 1.1561661e-18 3.3987303e-19
4805.0 1.6575955e-18 3.4264298e-19
4810.0 1.1264114e-18 3.4157278e-19
4815.0 2.1603295e-18 3.5153153e-19
4820.0 1.4895547e-18 4.2729775e-19
4825.0 1.189919e-18 4.0488082e-19
4830.0 1.5830951e-18 3.956159e-19
4835.0 9.4337272e-19 3.8703175e-19
4840.0 9.0973276e-19 3.707352e-19
4845.0 1.0300817e-18 3.644874e-19
4850.0 7.2139899e-19 3.522278e-19
4855.0 1.2790127e-18 3.3418955e-19
4860.0 8.2682579e-19 3.0124285e-19
4865.0 1.7834105e-18 3.1372601e-19
4870.0 7.5041196e-19 3.0658486e-19
4875.0 7.3760952e-19 3.0981352e-19
4880.0 3.5437672e-19 3.0927704e-19
4885.0 1.0982864e-18 3.0010774e-19
4890.0 1.5921782e-18 2.8506913e-19
4895.0 1.3926956e-18 3.000162e-19
4900.0 1.6953764e-18 2.941554e-19
4905.0 1.6384587e-18 2.8765735e-19
4910.0 2.0585772e-18 2.780687e-19
4915.0 1.6508317e-18 2.8278102e-19
4920.0 1.5484636e-18 2.5730047e-19
4925.0 1.7151721e-18 2.7240663e-19
4930.0 1.6132996e-18 2.7456556e-19
4935.0 4.7937511e-19 2.6588374e-19
4940.0 8.9531632e-19 2.6072062e-19
4945.0 1.0071254e-18 2.6689797e-19
4950.0 1.3729773e-18 2.6903281e-19
4955.0 1.2243492e-18 2.5944886e-19
4960.0 1.3346613e-18 2.5868689e-19
4965.0 7.907353e-19 2.6435869e-19
4970.0 1.6867523e-18 2.6415951e-19
4975.0 1.4582981e-18 2.6663971e-19
4980.0 7.3158473e-19 2.5827186e-19
4985.0 1.043877e-18 2.4922948e-19
4990.0 1.8671018e-18 2.6365089e-19
4995.0 2.5721979e-18 2.6676094e-19
5000.0 2.4092059e-18 2.6280081e-19
5005.0 2.0696346e-18 2.5668592e-19
5010.0 1.280547e-18 2.6493521e-19
5015.0 1.4031195e-18 2.5879597e-19
5020.0 1.4244954e-18 2.634627e-19
5025.0 1.2732118e-18 2.6859737e-19
5030.0 5.5179596e-19 2.7327487e-19
5035.0 1.4437158e-18 2.7652123e-19
5040.0 1.7559196e-18 2.663975e-19
5045.0 1.6871542e-18 2.8806851e-19
5050.0 1.490223e-18 2.8166818e-19
5055.0 8.7100323e-19 2.9395317e-19
5060.0 1.0283462e-18 2.826649e-19
5065.0 9.5245442e-19 2.7601053e-19
5070.0 1.3857768e-18 2.7768347e-19
5075.0 1.0545764e-18 2.7700712e-19
5080.0 8.7307794e-19 2.7184026e-19
5085.0 1.4572658e-18 2.7950963e-19
5090.0 1.5658183e-18 2.8608907e-19
5095.0 1.5753938e-18 2.8418866e-19
5100.0 1.3942234e-18 2.7846987e-19
5105.0 1.9422191e-18 2.8284473e-19
5110.0 1.1420136e-18 2.800033e-19
5115.0 1.2835554e-18 2.866163e-19
5120.0 1.1924567e-18 2.869876e-19
5125.0 1.2503081e-18 2.812973e-19
5130.0 1.8085048e-18 2.8401371e-19
5135.0 1.5695917e-18 2.8753188e-19
5140.0 8.672075e-19 3.5521122e-19
5145.0 5.5415724e-19 3.5722991e-19
5150.0 1.2200016e-18 3.4866632e-19
5155.0 8.0037572e-19 3.4331418e-19
5160.0 2.1217937e-18 3.3745975e-19
5165.0 1.1102757e-18 3.0938862e-19
5170.0 9.7890118e-19 2.9050946e-19
5175.0 1.539076e-19 2.9291164e-19
5180.0 1.4142489e-18 3.0584861e-19
5185.0 7.1441697e-19 2.6863113e-19
5190.0 7.0503894e-19 2.8426375e-19
5195.0 6.0845721e-19 2.7993308e-19
5200.0 5.9572486e-19 2.8822299e-19
5205.0 1.0278997e-18 2.6982106e-19
5210.0 1.0307507e-18 2.662168e-19
5215.0 1.0595808e-18 2.6376847e-19
5220.0 1.0171226e-18 2.6713471e-19
5225.0 1.0341047e-18 2.4877121e-19
5230.0 8.4376643e-19 2.5352979e-19
5235.0 6.3525001e-19 2.4544178e-19
5240.0 6.3218238e-19 2.5358465e-19
5245.0 9.7183097e-19 2.4480535e-19
5250.0 6.2832711e-19 2.4186119e-19
5255.0 8.5895999e-19 2.4119833e-19
5260.0 1.2596745e-18 2.4036466e-19
5265.0 1.1670205e-18 2.2207638e-19
5270.0 6.115786e-19 2.2047507e-19
5275.0 1.2582026e-18 2.2873763e-19
5280.0 1.4100873e-18 2.318897e-19
5285.0 7.2048924e-19 2.284215e-19
5290.0 8.1853495e-19 2.3491367e-19
5295.0 1.6098414e-18 2.312154e-19
5300.0 1.771043e-18 2.2765119e-19
5305.0 1.2186035e-18 2.3292789e-19
5310.0 1.161894e-18 2.335497e-19
5315.0 1.3373166e-18 2.3119985e-19
5320.0 1.2205729e-18 2.319665e-19
5325.0 1.3275258e-18 2.2645555e-19
5330.0 1.3332934e-18 2.2477453e-19
5335.0 1.1281984e-18 2.3087434e-19
5340.0 1.2563551e-18 2.2713555e-19
5345.0 1.4445066e-18 2.3230234e-19
5350.0 1.0578071e-18 2.3131142e-19
5355.0 1.1591021e-18 2.3639035e-19
5360.0 1.2500562e-18 2.3592583e-19
5365.0 7.5699659e-19 2.3029696e-19
5370.0 5.0540128e-19 2.2576669e-19
5375.0 6.1138862e-19 2.3816593e-19
5380.0 9.1566835e-19 2.3772732e-19
5385.0 1.0739259e-18 2.3822577e-19
5390.0 1.2555492e-18 2.3810799e-19
5395.0 6.6892382e-19 2.3568337e-19
5400.0 1.1645654e-18 2.4050589e-19
5405.0 1.2412107e-18 2.3627101e-19
5410.0 9.7167669e-19 2.4246751e-19
5415.0 1.1936155e-18 2.4979537e-19
5420.0 1.5196168e-18 2.5536847e-19
5425.0 8.4930023e-19 2.5500582e-19
5430.0 1.0473365e-18 2.5847611e-19
5435.0 1.5270199e-18 2.636427e-19
5440.0 1.1470267e-18 2.7577517e-19
5445.0 1.7821296e-18 2.6612398e-19
5450.0 1.0777239e-18 2.5471326e-19
5455.0 1.4336122e-18 2.5291419e-19
5460.0 1.0270426e-18 2.6357196e-19
5465.0 1.5904968e-18 2.6068134e-19
5470.0 1.3273559e-18 2.720236e-19
5475.0 6.9392861e-19 2.6790617e-19
5480.0 9.6161831e-19 2.7706116e-19
5485.0 9.8806543e-19 2.8855201e-19
5490.0 1.3587546e-18 2.8960255e-19
5495.0 7.0092221e-19 2.9384853e-19
5500.0 1.2430095e-18 2.9818038e-19
5505.0 1.7603337e-18 4.002162e-19
5510.0 1.9478379e-18 4.0684747e-19
5515.0 7.170572e-19 3.8892464e-19
5520.0 9.8258685e-19 3.8599092e-19
5525.0 5.9631686e-19 3.7336908e-19
5530.0 5.9016078e-19 3.5544919e-19
5535.0 5.810513e-19 3.5125807e-19
5540.0 1.0467019e-18 3.4784332e-19
5545.0 8.0405275e-19 3.4308663e-19
5550.0 1.1231108e-18 3.4255342e-19
5555.0 4.4089609e-19 3.360517e-19
5560.0 1.3145191e-18 3.3632834e-19
5565.0 1.8341413e-19 3.4276963e-19
5570.0 1.4266809e-18 3.3624013e-19
5575.0 7.3397119e-19 3.8473912e-19
5580.0 1.4927894e-18 3.7159802e-19
5585.0 1.0295714e-18 3.3009882e-19
5590.0 9.8442267e-19 3.343582e-19
5595.0 1.2793028e-18 3.3696567e-19
5600.0 8.4065201e-19 3.4145501e-19
5605.0 1.9516911e-18 3.5014364e-19
5610.0 6.9823689e-19 4.3822569e-19
5615.0 1.6000965e-18 5.7845668e-19
5620.0 1.6986853e-18 5.4570095e-19
5625.0 1.5515392e-18 5.2059423e-19
5630.0 6.1129133e-19 4.9115634e-19
5635.0 1.1582805e-18 4.7256128e-19
5640.0 1.4228887e-18 4.592958e-19
5645.0 1.0429454e-18 4.437428e-19
5650.0 9.8532854e-19 4.3238985e-19
5655.0 -3.3057688e-19 4.1577225e-19
5660.0 1.4691104e-18 4.08224e-19
5665.0 8.0667591e-19 4.0386956e-19
5670.0 1.9958454e-18 4.0623501e-19
5675.0 1.2970418e-18 4.0122168e-19
5680.0 6.9005252e-19 3.982871e-19
5685.0 1.0464023e-18 3.9506475e-19
5690.0 1.2151119e-18 4.0010136e-19
5695.0 1.768044e-18 4.0870309e-19
5700.0 2.3565359e-18 4.111761e-19
5705.0 3.7549575e-19 4.183707e-19
5710.0 8.4502028e-19 3.940488e-19
5715.0 9.0093102e-19 3.9891857e-19
5720.0 4.8832153e-19 4.0667543e-19
5725.0 3.8356044e-19 4.1775829e-19
5730.0 1.1769196e-18 4.2471928e-19
5735.0 1.679855e-18 4.4673578e-19
5740.0 2.0760184e-18 5.7030001e-19
5745.0 7.2462476e-19 4.7097251e-19
5750.0 7.2672484e-19 4.4663767e-19
5755.0 8.2358067e-19 4.2444637e-19
5760.0 1.3535953e-18 4.0951333e-19
5765.0 3.4810965e-19 3.922493e-19
5770.0 1.149822e-18 3.832042e-19
5775.0 1.9712504e-18 3.7287118e-19
5780.0 9.8245311e-19 3.6349861e-19
5785.0 5.4716889e-19 3.5825495e-19
5790.0 1.6708689e-18 3.5388818e-19
5795.0 1.2030455e-18 3.5486999e-19
5800.0 1.2162027e-18 3.4727077e-19
5805.0 7.438303e-19 3.4415491e-19
5810.0 1.0143261e-18 3.4719907e-19
5815.0 1.2743389e-18 3.4220937e-19
5820.0 1.1627046e-18 3.4679746e-19
5825.0 1.1505292e-18 3.4260478e-19
5830.0 9.8947495e-19 3.428986e-19
5835.0 9.6311253e-19 3.4248294e-19
5840.0 1.1429201e-18 3.469626e-19
5845.0 5.0644703e-19 3.4300621e-19
5850.0 7.7806229e-19 3.496184e-19
5855.0 1.1880967e-18 3.4750429e-19
5860.0 1.4359402e-18 3.4771973e-19
5865.0 1.007594e-18 3.6195468e-19
5870.0 9.7930168e-19 3.6634793e-19
5875.0 7.1311364e-19 3.6498722e-19
5880.0 1.3259152e-18 3.6542316e-19
5885.0 1.1826908e-18 3.6887182e-19
5890.0 1.6558852e-18 3.8789619e-19
5895.0 1.4927183e-18 3.8290077e-19
5900.0 1.2389201e-18 3.906278e-19
5905.0 8.3054487e-19 4.0712078e-19
5910.0 1.3078853e-18 4.0908481e-19
5915.0 1.0703078e-18 3.9695255e-19
5920.0 1.4985726e-18 3.7590418e-19
5925.0 1.3274451e-18 3.7867595e-19
5930.0 1.8488851e-18 3.7370888e-19
5935.0 8.1549246e-19 3.8375909e-19
5940.0 8.8159366e-19 3.7121281e-19
5945.0 1.7396069e-18 4.2787303e-19
5950.0 7.3159472e-19 5.2180171e-19
5955.0 1.9849018e-18 5.0994572e-19
5960.0 1.4564227e-18 4.795467e-19
5965.0 9.8811922e-19 4.5284171e-19
5970.0 1.2525248e-18 4.4021421e-19
5975.0 1.5771086e-18 4.2375899e-19
5980.0 1.4635531e-18 4.0420152e-19
5985.0 9.7676824e-19 3.9860097e-19
5990.0 1.8742827e-18 3.8141288e-19
5995.0 7.8257477e-19 3.6967065e-19
6000.0 1.298149e-18 3.6111346e-19
6005.0 5.8552997e-19 3.6037873e-19
6010.0 9.0390215e-19 3.6238801e-19
6015.0 1.04697e-18 3.3369864e-19
6020.0 1.1212434e-18 3.282006e-19
6025.0 1.2206977e-18 3.2831283e-19
6030.0 1.7120655e-18 3.2733966e-19
6035.0 1.2385341e-18 3.2273125e-19
6040.0 1.3936238e-18 3.1413153e-19
6045.0 7.3743955e-19 3.0920368e-19
6050.0 1.2320054e-18 3.0685902e-19
6055.0 1.4869606e-18 3.0108511e-19
6060.0 1.0643388e-18 3.0038017e-19
6065.0 1.5020732e-18 2.9782669e-19
6070.0 8.9871221e-19 2.9843753e-19
6075.0 1.411762e-18 2.9509015e-19
6080.0 7.6188949e-19 2.9398427e-19
6085.0 7.6928444e-19 2.9271026e-19
6090.0 9.7941961e-19 2.9502154e-19
6095.0 8.4716451e-19 2.9699753e-19
6100.0 1.7705616e-18 3.0119345e-19
6105.0 8.3647886e-19 3.0209895e-19
6110.0 9.4194822e-19 3.171864e-19
6115.0 1.6873897e-18 3.1411754e-19
6120.0 1.6970245e-18 3.1642618e-19
6125.0 1.5517505e-18 3.2539512e-19
6130.0 8.2154337e-19 3.2866847e-19
6135.0 8.7950304e-19 3.2793275e-19
6140.0 1.1816888e-18 3.048544e-19
6145.0 7.6436267e-19 3.135674e-19
6150.0 1.487155e-18 3.098173e-19
6155.0 1.3069233e-18 3.1167139e-19
6160.0 7.7607684e-19 3.073329e-19
6165.0 8.6661229e-19 3.0070709e-19
6170.0 1.9271132e-18 3.8060169e-19
6175.0 8.2068625e-19 4.1696322e-19
6180.0 1.129611e-18 3.9877789e-19
6185.0 5.8318229e-19 3.8434006e-19
6190.0 1.0047879e-18 3.6145975e-19
6195.0 8.0772958e-19 3.5197249e-19
6200.0 1.4458596e-18 3.3930686e-19
6205.0 1.1500464e-18 3.330828e-19
6210.0 2.1282511e-19 3.168512e-19
6215.0 8.8786641e-19 3.0952651e-19
6220.0 7.9309891e-19 3.0431364e-19
6225.0 8.2771484e-19 2.9340277e-19
6230.0 8.7177923e-19 2.8995727e-19
6235.0 9.3283402e-19 3.0526995e-19
6240.0 1.0905913e-18 2.8271074e-19
6245.0 1.1027969e-18 2.7367208e-19
6250.0 1.2720566e-18 2.6802117e-19
6255.0 1.3039679e-18 2.6233793e-19
6260.0 1.0480755e-18 2.7369436e-19
6265.0 9.9891352e-19 2.6654495e-19
6270.0 8.9425416e-19 2.5780236e-19
6275.0 8.7025729e-19 2.5780876e-19
6280.0 9.4932565e-20 2.5381177e-19
6285.0 8.275855e-19 2.5719586e-19
6290.0 8.055687e-19 2.5525069e-19
6295.0 8.5880633e-19 2.5116233e-19
6300.0 9.8800443e-19 3.090249e-19
6305.0 1.1656325e-18 2.6449288e-19
6310.0 1.4136246e-18 2.5306231e-19
6315.0 6.3699299e-19 2.5253679e-19
6320.0 8.5788223e-19 2.5805922e-19
6325.0 6.1071644e-19 2.5901096e-19
6330.0 6.3629459e-19 2.7444918e-19
6335.0 1.0361649e-18 2.6360749e-19
6340.0 1.32663e-18 2.7143289e-19
6345.0 7.7092942e-19 2.7376347e-19
6350.0 1.0340902e-18 2.8482651e-19
6355.0 7.6088829e-19 2.920935e-19
6360.0 2.8446641e-19 2.8772536e-19
6365.0 6.0586176e-19 3.183491e-19
6370.0 6.6781304e-19 2.9143302e-19
6375.0 5.5608216e-19 3.1909757e-19
6380.0 1.0714886e-18 3.989403e-19
6385.0 9.6506124e-19 3.1094442e-19
6390.0 9.4219823e-19 2.7875439e-19
6395.0 3.0952854e-19 2.6811565e-19
6400.0 1.3886512e-18 2.6738711e-19
6405.0 7.9669003e-19 2.6673485e-19
6410.0 1.4002664e-18 2.9206617e-19
6415.0 1.866627e-18 3.6376634e-19
6420.0 1.3402437e-18 3.4711065e-19
6425.0 1.0410349e-18 3.318882e-19
6430.0 8.2046539e-19 3.1549438e-19
6435.0 1.5489881e-18 3.0846095e-19
6440.0 1.1456166e-18 2.9393183e-19
6445.0 1.1303398e-18 2.8646705e-19
6450.0 7.5547324e-19 2.760539e-19
6455.0 7.7670693e-19 2.7328321e-19
6460.0 9.5508812e-19 2.6516327e-19
6465.0 9.0421529e-19 2.6830268e-19
6470.0 1.0293332e-18 2.5924845e-19
6475.0 5.8519371e-19 2.4258492e-19
6480.0 9.4401939e-19 2.4088901e-19
6485.0 1.2074925e-18 2.3276504e-19
6490.0 1.4185806e-18 2.2995941e-19
6495.0 7.9214338e-19 2.222816e-19
6500.0 1.7711108e-18 2.3961083e-19
6505.0 1.6482742e-18 2.2854701e-19
6510.0 1.5615427e-18 2.2196976e-19
6515.0 1.2514639e-18 2.1796021e-19
6520.0 9.8043547e-19 2.1829027e-19
6525.0 1.461174e-18 2.1716288e-19
6530.0 1.3452174e-18 2.1471238e-19
6535.0 1.3016515e-18 2.2543271e-19
6540.0 1.1731716e-18 2.1584648e-19
6545.0 1.0573775e-18 2.1916918e-19
6550.0 1.0908782e-18 2.1358335e-19
6555.0 1.3740669e-18 2.2563363e-19
6560.0 1.1942738e-18 2.1005002e-19
6565.0 9.2639894e-19 2.1963983e-19
6570.0 1.2273165e-18 2.200315e-19
6575.0 7.8582404e-19 2.2351543e-19
6580.0 1.3637903e-18 2.2408082e-19
6585.0 1.0183084e-18 2.2429579e-19
6590.0 9.8953855e-19 2.2560672e-19
6595.0 9.9360132e-19 2.28326e-19
6600.0 1.0405246e-18 2.308824e-19
6605.0 1.4106265e-18 2.3885647e-19
6610.0 6.4602509e-19 2.3595358e-19
6615.0 4.6448129e-19 2.400594e-19
6620.0 8.7578151e-19 2.454716e-19
6625.0 8.2363896e-19 2.5096109e-19
6630.0 1.1609852e-18 2.5752054e-19
6635.0 1.3029851e-18 2.2986874e-19
6640.0 6.3122872e-19 2.2458438e-19
6645.0 8.6952839e-19 2.2408422e-19
6650.0 1.3639844e-18 2.2826847e-19
6655.0 1.2858389e-18 2.2675765e-19
6660.0 1.2624201e-18 2.2823199e-19
6665.0 8.1721125e-19 2.2338272e-19
6670.0 6.8813093e-19 2.3507317e-19
6675.0 3.1939763e-19 3.010007e-19
6680.0 5.201478e-19 2.8768516e-19
6685.0 1.4671841e-18 2.8084549e-19
6690.0 1.6295078e-18 2.717209e-19
6695.0 1.5964263e-18 2.62525e-19
6700.0 9.5494617e-19 2.5564015e-19
6705.0 7.9959683e-19 2.4812021e-19
6710.0 1.4199777e-18 2.4264679e-19
6715.0 1.0331285e-18 2.3921336e-19
6720.0 1.0806132e-18 2.2944218e-19
6725.0 1.2151054e-18 2.2516434e-19
6730.0 7.4609251e-19 2.2132704e-19
6735.0 8.6584894e-19 2.1396849e-19
6740.0 8.7383935e-19 2.1239474e-19
6745.0 1.0149859e-18 2.0996776e-19
6750.0 2.2564736e-19 2.0342195e-19
6755.0 9.9540779e-19 2.0284066e-19
6760.0 7.5424541e-19 2.0038674e-19
6765.0 5.8623042e-19 1.9774853e-19
6770.0 7.8712918e-19 1.942405e-19
6775.0 8.7884987e-19 1.9671815e-19
6780.0 4.6474526e-19 1.9381473e-19
6785.0 7.7274525e-19 1.9115137e-19
6790.0 7.7196554e-19 1.9121414e-19
6795.0 9.3568692e-19 1.8894194e-19
6800.0 6.1518209e-19 1.8975736e-19
6805.0 6.9667238e-19 1.8734453e-19
6810.0 1.1774655e-18 1.8829659e-19
6815.0 8.8681971e-19 1.8861493e-19
6820.0 6.2200789e-19 1.8779506e-19
6825.0 5.3446189e-19 1.9296567e-19
6830.0 1.2597954e-18 2.1455497e-19
6835.0 6.4402016e-19 2.0907076e-19
6840.0 1.3840874e-18 1.9761096e-19
6845.0 1.0588411e-18 1.9105509e-19
6850.0 7.0410581e-19 1.9536192e-19
6855.0 1.1269971e-18 1.9377546e-19
6860.0 1.0263467e-18 1.9790542e-19
6865.0 9.4259951e-19 2.2171731e-19
6870.0 5.7185648e-19 1.8466299e-19
6875.0 8.3204114e-19 1.8849305e-19
6880.0 1.0466303e-18 2.07924e-19
6885.0 6.2632284e-19 2.034364e-19
6890.0 7.3954689e-19 2.1463079e-19
6895.0 6.4029644e-19 2.0823926e-19
6900.0 5.4292785e-19 2.2533436e-19
6905.0 4.6339055e-19 2.1814202e-19
6910.0 5.911496e-19 2.2687193e-19
6915.0 8.7292665e-19 1.9990466e-19
6920.0 8.8855217e-19 1.9446925e-19
6925.0 6.2490959e-19 2.080796e-19
6930.0 7.9445152e-19 1.9253865e-19
6935.0 8.996535e-19 1.9227986e-19
6940.0 7.7556e-19 2.0162584e-19
6945.0 7.7602812e-19 1.9083003e-19
6950.0 9.7071332e-19 2.0610175e-19
6955.0 2.6544735e-19 2.173525e-19
6960.0 2.5550823e-19 2.4676225e-19
6965.0 9.8785573e-19 2.4115919e-19
6970.0 6.8885957e-19 2.3985938e-19
6975.0 6.8040336e-19 2.2415022e-19
6980.0 1.0854874e-18 2.307636e-19
6985.0 1.2352818e-18 2.1337679e-19
6990.0 1.0832499e-18 2.107605e-19
6995.0 1.2205815e-18 2.0258756e-19
7000.0 9.4463241e-19 2.0001138e-19
7005.0 9.6979247e-19 1.9625595e-19
7010.0 6.1995532e-19 1.9644279e-19
7015.0 8.4167912e-19 1.8238677e-19
7020.0 7.1879946e-19 1.8153745e-19
7025.0 8.9241557e-19 1.7657757e-19
7030.0 1.2491146e-18 1.7686124e-19
7035.0 1.1788106e-18 1.7383196e-19
7040.0 3.9778116e-19 1.7227891e-19
7045.0 9.0019969e-19 1.7364211e-19
7050.0 9.412076e-19 1.7843011e-19
7055.0 7.2954062e-19 1.6737589e-19
7060.0 6.5196258e-19 1.6502653e-19
7065.0 6.4128962e-19 1.6659822e-19
7070.0 1.1201241e-18 1.6347879e-19
7075.0 1.1279538e-18 1.6419035e-19
7080.0 7.7741438e-19 1.6188223e-19
7085.0 9.4324476e-19 1.5972859e-19
7090.0 8.5494038e-19 1.6214833e-19
7095.0 7.5531293e-19 1.5800236e-19
7100.0 1.0525617e-18 1.5853624e-19
7105.0 7.2676099e-19 1.5700995e-19
7110.0 1.1473921e-18 1.5636006e-19
7115.0 9.872456e-19 1.5560906e-19
7120.0 9.0346643e-19 1.5488668e-19
7125.0 8.0192091e-19 1.5719887e-19
7130.0 9.8459477e-19 1.5843019e-19
7135.0 9.5995867e-19 1.5891158e-19
7140.0 7.2773707e-19 1.6071154e-19
7145.0 9.9437788e-19 1.6613159e-19
7150.0 8.9030008e-19 1.6126143e-19
7155.0 9.1679337e-19 1.6184371e-19
7160.0 1.08588e-18 1.6629259e-19
7165.0 7.9592402e-19 1.6322777e-19
7170.0 4.3959714e-19 1.6317976e-19
7175.0 6.0879369e-19 1.6435601e-19
7180.0 8.5070715e-19 1.6789718e-19
7185.0 4.7014516e-19 1.626526e-19
7190.0 6.3895826e-19 1.6988598e-19
7195.0 3.1179989e-19 1.7141635e-19
7200.0 6.9613699e-19 1.7437689e-19
7205.0 9.1450901e-19 1.7880238e-19
7210.0 1.0272669e-18 1.8987052e-19
7215.0 1.1075752e-18 1.9366151e-19
7220.0 8.5905625e-19 1.6676981e-19
7225.0 4.2239947e-19 1.6550335e-19
7230.0 9.9872554e-19 1.6792967e-19
7235.0 7.2659417e-19 1.6365822e-19
7240.0 6.6289162e-19 2.1547242e-19
7245.0 1.1003979e-18 1.9488949e-19
7250.0 8.0104945e-19 1.6961822e-19
7255.0 8.3042942e-19 1.7879309e-19
7260.0 5.8962375e-19 1.6438193e-19
7265.0 7.0182238e-19 2.0323986e-19
7270.0 3.665741e-19 2.1406211e-19
7275.0 9.2015928e-19 2.5138717e-19
7280.0 6.6269023e-19 1.9954407e-19
7285.0 6.5872538e-19 2.1461575e-19
7290.0 7.5457543e-19 1.8530897e-19
7295.0 1.0619384e-18 1.9221839e-19
7300.0 9.8476916e-19 1.7886346e-19
7305.0 8.5775527e-19 1.8853451e-19
7310.0 6.6842423e-19 1.710197e-19
7315.0 6.0641373e-19 1.8768632e-19
7320.0 5.0014145e-19 1.638672e-19
7325.0 8.5610123e-19 1.6118616e-19
7330.0 8.578633e-19 1.7645527e-19
7335.0 6.4692756e-19 1.566251e-19
7340.0 7.0407576e-19 1.7805044e-19
7345.0 6.7737287e-19 1.5519902e-19
7350.0 4.9121641e-19 1.5368695e-19
7355.0 9.0423311e-19 1.5103348e-19
7360.0 1.0092262e-18 1.6216016e-19
7365.0 7.6141445e-19 1.4833679e-19
7370.0 7.6034916e-19 1.6552343e-19
7375.0 8.0302621e-19 1.4580511e-19
7380.0 8.3747512e-19 1.4371236e-19
7385.0 4.8988582e-19 1.4286798e-19
7390.0 6.792102e-19 1.5083213e-19
7395.0 5.4150618e-19 1.4282894e-19
7400.0 8.9976956e-19 1.5641654e-19
7405.0 9.5501296e-19 1.4035131e-19
7410.0 7.8264557e-19 1.3843194e-19
7415.0 8.8771828e-19 1.3902786e-19
7420.0 6.0116019e-19 1.3819106e-19
7425.0 9.1419513e-19 1.3874858e-19
7430.0 8.1180195e-19 1.4698559e-19
7435.0 4.983828e-19 1.3886303e-19
7440.0 6.3570063e-19 1.520447e-19
7445.0 6.6779314e-19 1.3813005e-19
7450.0 9.4031101e-19 1.3968832e-19
7455.0 7.3870066e-19 1.4044177e-19
7460.0 5.2817475e-19 1.4660175e-19
7465.0 7.6938735e-19 1.5224031e-19
7470.0 5.2749966e-19 1.5296641e-19
7475.0 5.2202912e-19 1.5326967e-19
7480.0 7.4220004e-19 1.6091217e-19
7485.0 6.9789577e-19 1.6025358e-19
7490.0 7.1598393e-19 1.4890888e-19
7495.0 9.1953112e-19 1.5459651e-19
7500.0 8.0020741e-19 1.5274284e-19
7505.0 6.8013074e-19 1.5279923e-19
7510.0 1.731536e-19 1.5332354e-19
7515.0 7.3561316e-19 1.6123259e-19
7520.0 7.4017964e-19 1.6562001e-19
7525.0 7.2943446e-19 1.9071355e-19
7530.0 6.8776905e-19 1.79263e-19
7535.0 9.2975233e-19 1.7104937e-19
7540.0 7.032961e-19 1.8018971e-19
7545.0 3.4717779e-19 1.7576009e-19
7550.0 7.9829852e-19 1.6422186e-19
7555.0 8.6885097e-19 1.5331221e-19
7560.0 6.2888933e-19 1.539772e-19
7565.0 6.759343e-19 1.5099876e-19
7570.0 7.0883852e-19 1.6707457e-19
7575.0 7.1590017e-19 1.5400412e-19
7580.0 4.636917e-19 1.4821035e-19
7585.0 1.4262814e-18 1.5611277e-19
7590.0 1.0587656e-18 1.4817033e-19
7595.0 2.7548575e-19 1.2876629e-19
7600.0 3.9615758e-19 1.4693701e-19
7605.0 4.5579316e-19 1.4719268e-19
7610.0 2.5753372e-19 1.4769954e-19
7615.0 5.6611979e-19 1.5313077e-19
7620.0 5.3458956e-19 1.7418394e-19
7625.0 3.9446412e-19 1.4535048e-19
7630.0 3.2531075e-19 1.4976341e-19
7635.0 3.5048443e-19 1.3713795e-19
7640.0 3.985953e-19 1.3717487e-19
7645.0 6.8176646e-19 1.3702553e-19
7650.0 1.4258779e-19 1.3595283e-19
7655.0 4.9903237e-19 1.4028824e-19
7660.0 1.9175063e-19 1.3833184e-19
7665.0 3.4572542e-19 1.3896202e-19
7670.0 5.5306972e-19 1.3704951e-19
7675.0 1.051638e-18 1.3766491e-19
7680.0 8.7607246e-19 1.3815874e-19
7685.0 8.2746822e-19 1.3758115e-19
7690.0 5.8917138e-19 1.3886648e-19
7695.0 6.8304681e-19 1.3515822e-19
7700.0 4.8226642e-19 1.397297e-19
7705.0 6.6292079e-19 1.3020164e-19
7710.0 8.3797361e-19 1.3935067e-19
7715.0 1.4346841e-19 1.9230026e-19
7720.0 4.4554297e-19 1.3996505e-19
7725.0 6.5100728e-19 1.4955971e-19
7730.0 9.3791306e-19 1.3012231e-19
7735.0 6.7334885e-19 1.3474447e-19
7740.0 6.6849674e-19 1.2907846e-19
7745.0 5.7210526e-19 1.2799776e-19
7750.0 7.4873869e-19 1.619439e-19
7755.0 3.9662334e-19 1.3047888e-19
7760.0 8.1477133e-19 1.4059575e-19
7765.0 1.043396e-18 1.2578484e-19
7770.0 3.9968504e-19 1.4339166e-19
7775.0 6.4690888e-19 1.7209819e-19
7780.0 6.8204375e-19 1.405596e-19
7785.0 5.0919365e-19 1.3118428e-19
7790.0 6.7066063e-19 1.3569562e-19
7795.0 2.6598705e-19 1.4800956e-19
7800.0 6.7697975e-19 1.2767459e-19
7805.0 6.8980532e-19 1.3018867e-19
7810.0 6.0369074e-19 1.4766171e-19
7815.0 8.0421768e-19 1.3613844e-19
7820.0 5.9308227e-19 1.5871293e-19
7825.0 6.4179733e-19 1.3351376e-19
7830.0 1.0299463e-18 1.3512595e-19
7835.0 7.0841315e-19 1.3608649e-19
7840.0 9.8328358e-19 1.4965285e-19
7845.0 4.5360359e-19 1.3416941e-19
7850.0 2.1994774e-19 1.5657124e-19
7855.0 6.657623e-19 1.637424e-19
7860.0 6.3236383e-19 1.6775502e-19
7865.0 4.9121201e-19 1.4341328e-19
7870.0 5.8427198e-19 1.7050064e-19
7875.0 6.651176e-19 1.4336509e-19
7880.0 9.5328196e-19 1.8236216e-19
7885.0 6.3674119e-19 1.5604049e-19
7890.0 5.0902219e-19 1.8246597e-19
7895.0 6.201654e-19 1.5845509e-19
7900.0 8.2454757e-19 1.5806401e-19
7905.0 4.6492831e-19 1.624674e-19
7910.0 8.076532e-19 1.7177203e-19
7915.0 1.211363e-18 1.7067055e-19
7920.0 7.3293713e-19 1.6336854e-19
7925.0 3.1982276e-19 1.3513862e-19
7930.0 8.636214e-19 1.5908351e-19
7935.0 7.9958032e-19 1.3421816e-19
7940.0 6.616826e-19 1.3406517e-19
7945.0 7.2191368e-19 1.3686861e-19
7950.0 5.1504336e-19 1.4852981e-19
7955.0 8.7058778e-19 1.3259095e-19
7960.0 1.7267494e-19 1.3137647e-19
7965.0 7.6018245e-19 1.5220803e-19
7970.0 3.3454674e-19 1.5256739e-19
7975.0 7.987561e-19 1.7794396e-19
7980.0 5.3054199e-19 1.8603152e-19
7985.0 2.6438625e-19 1.5833849e-19
7990.0 6.2987927e-19 1.6060751e-19
7995.0 3.5458929e-19 1.8348618e-19
8000.0 8.9845768e-19 1.5596719e-19
8005.0 6.5609326e-19 1.4876211e-19
8010.0 7.9456668e-19 1.4822623e-19
8015.0 9.9358548e-19 1.6094297e-19
8020.0 6.9119856e-19 1.488354e-19
8025.0 7.0953531e-19 1.6334476e-19
8030.0 6.3192759e-19 1.4996395e-19
8035.0 3.9071785e-19 1.3510268e-19
8040.0 7.2194062e-19 1.3404155e-19
8045.0 4.8346979e-19 1.3252768e-19
8050.0 5.9543875e-19 1.4700212e-19
8055.0 6.1024927e-19 1.291649e-19
8060.0 2.0910317e-19 1.3923796e-19
8065.0 5.8965511e-19 1.3154628e-19
8070.0 6.5541965e-19 1.2308718e-19
8075.0 6.4379265e-19 1.2541029e-19
8080.0 6.5786973e-19 1.2622685e-19
8085.0 7.5653886e-19 1.2600548e-19
8090.0 5.3887776e-19 1.1894185e-19
8095.0 5.0537961e-19 1.2726344e-19
8100.0 5.8710622e-19 1.2404059e-19
8105.0 6.0149678e-19 1.2601061e-19
8110.0 8.1270944e-19 1.1767892e-19
8115.0 8.7498827e-19 1.1707381e-19
8120.0 5.3664433e-19 1.1493582e-19
8125.0 6.6355968e-19 1.1556764e-19
8130.0 8.1754261e-19 1.1665566e-19
8135.0 4.5205056e-19 1.1312306e-19
8140.0 7.0912417e-19 1.1945415e-19
8145.0 9.0641137e-19 1.2020094e-19
8150.0 4.9691932e-19 1.1186511e-19
8155.0 6.3619796e-19 1.0995623e-19
8160.0 5.6119216e-19 1.0899853e-19
8165.0 4.2397156e-19 1.0941793e-19
8170.0 4.7936448e-19 1.0912788e-19
8175.0 7.6382124e-19 1.1153129e-19
8180.0 3.6980876e-19 1.088386e-19
8185.0 5.3597211e-19 1.1171954e-19
8190.0 6.7179462e-19 1.1712814e-19
8195.0 4.9498878e-19 1.1643011e-19
8200.0 5.3751978e-19 1.11906e-19
8205.0 5.8472982e-19 1.1946671e-19
8210.0 6.9583244e-19 1.1875751e-19
8215.0 8.6594556e-19 1.2010027e-19
8220.0 6.1014785e-19 1.1730238e-19
8225.0 7.7511912e-19 1.1811281e-19
8230.0 3.7801436e-19 1.100593e-19
8235.0 3.6554269e-19 1.2078455e-19
8240.0 7.0204671e-19 1.2636339e-19
8245.0 7.171385e-19 1.2599502e-19
8250.0 5.9939384e-19 1.2948351e-19
8255.0 5.9036674e-19 1.2671764e-19
8260.0 7.7173128e-19 1.2821711e-19
8265.0 4.8106022e-19 1.2954527e-19
8270.0 7.9742707e-19 1.3216798e-19
8275.0 5.4601422e-19 1.3048193e-19
8280.0 4.8300362e-19 1.9274145e-19
8285.0 6.3915583e-19 1.5951522e-19
8290.0 5.3558132e-19 1.6534292e-19
8295.0 5.9506236e-19 1.5172508e-19
8300.0 6.3124484e-19 1.6922686e-19
8305.0 6.9684832e-19 1.4851568e-19
8310.0 5.812767e-19 1.6515486e-19
8315.0 5.4622477e-19 1.4631938e-19
8320.0 4.540263e-19 1.2305033e-19
8325.0 6.9087254e-19 1.2213786e-19
8330.0 6.4013846e-19 1.2053164e-19
8335.0 4.5106969e-19 1.2164542e-19
8340.0 8.1199995e-19 1.2633867e-19
8345.0 8.599399e-19 1.6564286e-19
8350.0 6.5089328e-19 1.3326485e-19
8355.0 4.2696199e-19 1.3677491e-19
8360.0 7.5809444e-19 1.2891943e-19
8365.0 9.1241747e-19 1.4363697e-19
8370.0 4.2209373e-19 1.2125663e-19
8375.0 3.7429646e-19 1.2171012e-19
8380.0 3.0140072e-19 1.6708282e-19
8385.0 6.1662384e-19 1.5675194e-19
8390.0 6.7015044e-19 1.4996223e-19
8395.0 2.6447642e-19 1.4253919e-19
8400.0 5.0161514e-20 1.7233427e-19
8405.0 3.881766e-19 1.3761727e-19
8410.0 7.7949619e-19 1.3712681e-19
8415.0 5.8821307e-19 1.543886e-19
8420.0 4.8539248e-19 1.317756e-19
8425.0 5.2636644e-19 1.3658921e-19
8430.0 5.5179711e-19 1.6331813e-19
8435.0 6.6905392e-19 1.3163718e-19
8440.0 5.7942362e-19 1.2577537e-19
8445.0 4.2883737e-19 1.426146e-19
8450.0 8.6042609e-19 1.3516019e-19
8455.0 9.341671e-19 1.2784298e-19
8460.0 4.3980796e-19 1.2060656e-19
8465.0 4.747187e-19 1.4367183e-19
8470.0 6.2077642e-19 1.1754471e-19
8475.0 5.2086848e-19 1.226074e-19
8480.0 7.6034149e-19 1.1566069e-19
8485.0 3.9233668e-19 1.1594791e-19
8490.0 6.7462097e-19 1.1317187e-19
8495.0 4.2034768e-19 1.3258979e-19
8500.0 3.4883784e-19 1.1321862e-19
8505.0 5.924357e-19 1.3820942e-19
8510.0 5.4350213e-19 1.1179505e-19
8515.0 4.1941321e-19 1.0908839e-19
8520.0 6.5512883e-19 1.1179128e-19
8525.0 4.8014631e-19 1.0991153e-19
8530.0 6.8802585e-19 1.08486e-19
8535.0 5.8786926e-19 1.0672131e-19
8540.0 4.4782818e-19 1.1260287e-19
8545.0 2.959355e-19 1.020043e-19
8550.0 4.784629e-19 1.2712831e-19
8555.0 3.384546e-19 1.0790216e-19
8560.0 5.002412e-19 1.0387446e-19
8565.0 4.9989772e-19 1.0737817e-19
8570.0 4.4982217e-19 1.0684142e-19
8575.0 4.7253515e-19 1.0936594e-19
8580.0 2.167684e-19 1.0496329e-19
8585.0 5.9308484e-19 1.0606721e-19
8590.0 3.9500272e-19 1.1458001e-19
8595.0 5.5523447e-19 1.1317652e-19
8600.0 4.5594306e-19 1.073387e-19
8605.0 4.0223601e-19 1.0874138e-19
8610.0 4.4425985e-19 1.1298137e-19
8615.0 4.8649902e-19 1.32539e-19
8620.0 7.6564637e-19 1.5428705e-19
8625.0 3.1949695e-19 1.602239e-19
8630.0 6.3599588e-19 1.6970896e-19
8635.0 3.7269956e-19 1.5852499e-19
8640.0 4.5212807e-19 1.3742687e-19
8645.0 6.0807476e-19 1.1945397e-19
8650.0 8.9663123e-19 1.4296248e-19
8655.0 5.2793072e-19 1.4565473e-19
8660.0 7.6464949e-19 1.3907411e-19
8665.0 6.4303104e-19 1.4189734e-19
8670.0 4.7169086e-19 1.4267133e-19
8675.0 7.1102807e-19 1.3878839e-19
8680.0 6.1546733e-19 1.3550415e-19
8685.0 7.6829403e-19 1.273142e-19
8690.0 7.1599656e-19 1.2304867e-19
8695.0 7.9269015e-19 1.2530237e-19
8700.0 7.6025357e-19 1.3049079e-19
8705.0 5.2776771e-19 1.2959167e-19
8710.0 5.3661205e-19 1.2635861e-19
8715.0 1.0726435e-18 1.259807e-19
8720.0 7.1776373e-19 1.2334133e-19
8725.0 7.6914059e-19 1.2959324e-19
8730.0 7.3161756e-19 1.2728856e-19
8735.0 7.3441775e-19 1.3015988e-19
8740.0 9.1135069e-19 1.3676298e-19
8745.0 1.0937025e-18 1.3845754e-19
8750.0 1.0383802e-18 1.3953483e-19
8755.0 6.7014104e-19 1.3994102e-19
8760.0 1.4195727e-18 2.2443475e-19
8765.0 3.5646466e-19 1.435248e-19
8770.0 7.3571974e-19 1.3959289e-19
8775.0 1.060573e-18 1.3529784e-19
8780.0 1.2051999e-18 1.3741319e-19
8785.0 9.3606967e-19 1.1674149e-19
8790.0 6.1638041e-19 1.3859132e-19
8795.0 1.0525518e-18 1.1588183e-19
8800.0 1.4117582e-18 1.1813114e-19
8805.0 7.2786196e-19 1.1342882e-19
8810.0 7.3589941e-19 1.2658856e-19
8815.0 8.2021522e-19 1.154776e-19
8820.0 8.8622411e-19 1.1622263e-19
8825.0 1.1419536e-18 1.5781658e-19
8830.0 4.4818855e-19 1.535041e-19
8835.0 9.0049546e-19 2.13235e-19
8840.0 5.6494635e-19 1.4308439e-19
8845.0 5.0350562e-19 1.4225646e-19
8850.0 9.2219809e-19 1.5910098e-19
8855.0 7.3575425e-19 1.3727218e-19
8860.0 5.4177381e-19 1.3628923e-19
8865.0 1.0887245e-18 1.4797429e-19
8870.0 8.2144546e-19 1.391466e-19
8875.0 9.6223591e-19 1.2386241e-19
8880.0 6.270058e-19 1.2194138e-19
8885.0 8.6053878e-19 1.5677992e-19
8890.0 3.848456e-19 1.2539028e-19
8895.0 6.1073727e-19 1.2489478e-19
8900.0 5.5175886e-19 1.2138761e-19
8905.0 2.5716965e-19 1.4113039e-19
8910.0 5.2711987e-19 1.2294209e-19
8915.0 5.9101683e-19 1.1352975e-19
8920.0 9.0574067e-19 1.5093846e-19
8925.0 1.0689714e-18 1.180402e-19
8930.0 8.8746241e-19 1.1759542e-19
8935.0 4.7032285e-19 1.1393223e-19
8940.0 7.25857e-19 1.1007481e-19
8945.0 7.7532348e-19 1.2747639e-19
8950.0 4.6493592e-19 1.0557736e-19
8955.0 6.0398333e-19 1.0831116e-19
8960.0 6.3801676e-19 1.2460281e-19
8965.0 6.6770277e-19 1.0087653e-19
8970.0 5.3514529e-19 1.0903803e-19
8975.0 3.4596404e-19 1.005805e-19
8980.0 4.2259871e-19 1.0778565e-19
8985.0 7.1327052e-19 1.0454724e-19
8990.0 4.3089077e-19 1.1440337e-19
8995.0 4.3100928e-19 1.0334915e-19
9000.0 4.485082e-19 1.2261753e-19
9005.0 7.4687591e-19 9.6689802e-20
9010.0 4.4992936e-19 9.3687409e-20
9015.0 4.9694358e-19 9.2422672e-20
9020.0 3.5390166e-19 9.9550949e-20
9025.0 3.9962379e-19 9.3721218e-20
9030.0 4.7145108e-19 1.034097e-19
9035.0 6.2349239e-19 1.0086407e-19
9040.0 2.8165033e-19 1.1255699e-19
9045.0 6.4742595e-19 1.0271484e-19
9050.0 5.6967228e-19 1.2435636e-19
9055.0 4.0305784e-19 1.0245421e-19
9060.0 5.2211376e-19 9.9266799e-20
9065.0 5.286406e-19 1.050846e-19
9070.0 4.5353205e-19 1.0309105e-19
9075.0 2.1474876e-19 1.0051461e-19
9080.0 4.6321286e-19 9.7324683e-20
9085.0 3.1425259e-19 1.0170426e-19
9090.0 2.9007343e-19 1.0557416e-19
9095.0 3.6483484e-19 1.1081537e-19
9100.0 2.1445799e-19 1.0551688e-19
9105.0 5.0902929e-19 1.1274079e-19
9110.0 5.3473945e-19 1.0393988e-19
9115.0 6.0097488e-19 1.0441902e-19
9120.0 3.1631694e-19 1.0211129e-19
9125.0 5.5512377e-19 1.0764068e-19
9130.0 5.4752444e-19 1.0435465e-19
9135.0 4.9895109e-19 1.0722931e-19
9140.0 7.5326868e-19 1.1298897e-19
9145.0 5.4299474e-19 1.1273313e-19
9150.0 1.5354529e-19 1.2187067e-19
9155.0 5.940935e-19 1.1694445e-19
9160.0 3.4367372e-19 1.3769698e-19
9165.0 4.6512037e-19 1.2207291e-19
9170.0 4.2526277e-20 1.1889427e-19
9175.0 2.1980327e-19 1.2307202e-19
9180.0 3.6013136e-19 1.3372324e-19
9185.0 5.2232611e-19 1.2282461e-19
9190.0 2.7430597e-19 1.2613159e-19
9195.0 4.4501718e-19 1.2474633e-19
9200.0 4.0617308e-19 1.3120484e-19
9205.0 5.6249937e-19 1.3236742e-19
9210.0 7.5495101e-19 1.3655506e-19
9215.0 5.1286199e-19 1.4657876e-19
9220.0 4.408821e-19 1.4039651e-19
9225.0 6.8629845e-19 1.6317536e-19
9230.0 5.1173836e-19 1.4437365e-19
9235.0 3.8505752e-19 1.4613e-19
9240.0 6.5841008e-19 1.4888946e-19
9245.0 5.7261064e-19 1.530921e-19
9250.0 -5.756607e-20 1.6706209e-19
9255.0 7.1417303e-19 1.6398532e-19
9260.0 5.1922684e-19 1.4127571e-19
9265.0 5.5705872e-19 1.5563552e-19
9270.0 5.4983591e-19 1.2908857e-19
9275.0 1.4273795e-19 1.2771167e-19
9280.0 3.1568047e-19 1.2567566e-19
9285.0 6.1584396e-19 1.3691476e-19
9290.0 5.6438915e-19 1.328097e-19
9295.0 4.7132382e-19 1.4192674e-19
9300.0 4.3881247e-19 1.2693249e-19
9305.0 4.7463044e-19 1.7900655e-19
9310.0 -2.7327489e-20 2.1095119e-19
9315.0 1.5493979e-19 1.7391196e-19
9320.0 5.7137865e-19 1.5450075e-19
9325.0 -7.6594607e-20 1.7291777e-19
9330.0 3.8293793e-19 1.5473845e-19
9335.0 4.0550568e-20 1.5627996e-19
9340.0 2.4880328e-19 1.7665179e-19
9345.0 1.666044e-19 1.4088803e-19
9350.0 3.3351406e-19 1.9185753e-19
9355.0 1.724393e-19 1.4709567e-19
9360.0 2.4136261e-19 1.5222816e-19
9365.0 3.5050516e-19 1.4900044e-19
9370.0 -5.0259389e-20 1.5520931e-19
9375.0 -3.2926714e-19 3.1759837e-19
9380.0 1.1726074e-19 1.5152008e-19
9385.0 8.6000078e-19 1.6864232e-19
9390.0 2.2055652e-19 1.5028008e-19
9395.0 2.6719743e-19 1.6284032e-19
9400.0 3.3389507e-19 1.7191194e-19
9405.0 7.2852227e-19 1.6123835e-19
9410.0 5.1284921e-19 1.4321029e-19
9415.0 2.834261e-19 1.4959484e-19
9420.0 2.6699948e-19 2.0190295e-19
9425.0 3.2017064e-19 1.509416e-19
9430.0 3.8132172e-19 1.3330846e-19
9435.0 3.5050465e-19 1.5350116e-19
9440.0 -3.5294031e-20 2.2491839e-19
9445.0 -2.2141416e-19 1.4329186e-19
9450.0 5.9948711e-19 1.6379721e-19
9455.0 1.1846168e-19 1.4341165e-19
9460.0 3.4439209e-19 1.7695843e-19
9465.0 3.9628454e-19 1.4008778e-19
9470.0 4.1958722e-19 1.3855242e-19
9475.0 6.4081344e-19 1.8620749e-19
9480.0 2.7426988e-19 1.4777579e-19
9485.0 2.2265324e-20 1.4363292e-19
9490.0 6.2537942e-19 1.5277729e-19
9495.0 7.2935735e-19 1.3031666e-19
9500.0 2.120187e-20 1.3780585e-19
9505.0 5.8678466e-19 1.6923554e-19
9510.0 8.2117231e-19 1.4368268e-19
9515.0 4.3018064e-19 1.3772936e-19
9520.0 1.19007e-19 1.7563499e-19
9525.0 4.104866e-19 1.3637503e-19
9530.0 4.265642e-19 1.4767761e-19
9535.0 7.4637075e-19 1.5631403e-19
9540.0 4.4719765e-19 1.3662577e-19
9545.0 4.1690884e-19 1.2818213e-19
9550.0 7.0660556e-19 1.5521703e-19
9555.0 3.2982421e-19 1.4276337e-19
9560.0 6.5854124e-19 1.4547126e-19
9565.0 4.3119875e-19 1.5953501e-19
9570.0 5.3555856e-19 1.7094999e-19
9575.0 3.5931169e-19 1.4597199e-19
9580.0 1.0378513e-19 1.2888924e-19
9585.0 6.2133666e-19 1.3755649e-19
9590.0 -5.1349825e-20 1.3145442e-19
9595.0 3.2722368e-19 1.3870072e-19
9600.0 1.9278118e-19 1.3828727e-19
9605.0 6.661474e-19 1.4952383e-19
9610.0 4.5425408e-20 1.6223707e-19
9615.0 1.8863198e-19 1.4775202e-19
9620.0 -1.9154965e-20 1.8417007e-19
9625.0 1.8003855e-19 1.5506198e-19
9630.0 4.2828983e-19 1.6323474e-19
9635.0 2.6975712e-19 1.4771558e-19
9640.0 5.485211e-19 1.5034527e-19
9645.0 5.4984793e-19 1.4570404e-19
9650.0 1.6675187e-19 1.5828679e-19
9655.0 3.9175641e-19 1.6905727e-19
9660.0 2.7464842e-19 1.6986659e-19
9665.0 5.9759368e-19 1.5988664e-19
9670.0 1.9036343e-19 2.1735586e-19
9675.0 -2.9635499e-19 1.8292848e-19
9680.0 1.6134362e-22 2.4732974e-19
9685.0 7.9408417e-19 1.9524848e-19
9690.0 5.977762e-19 1.9937828e-19
9695.0 4.0390558e-19 1.8307986e-19
9700.0 5.7129071e-19 2.4034032e-19
9705.0 3.0826502e-19 1.8472578e-19
9710.0 2.5838343e-19 2.1141225e-19
9715.0 5.1067903e-22 1.9060227e-19
9720.0 3.6196045e-19 2.8176085e-19
9725.0 6.6258155e-19 2.0318778e-19
9730.0 4.0880785e-19 2.0396823e-19
9735.0 7.6324977e-19 2.3884756e-19
9740.0 8.8986875e-20 2.3667471e-19
9745.0 2.7447754e-19 2.3988157e-19
9750.0 1.023955e-19 2.0724465e-19
9755.0 2.4201507e-19 2.1365452e-19
9760.0 4.1135478e-19 2.121682e-19
9765.0 3.8889976e-19 2.1917445e-19
9770.0 -1.3510216e-20 2.2001941e-19
9775.0 6.0521067e-19 2.3418129e-19
9780.0 -3.2146768e-19 2.3859217e-19
9785.0 3.2913825e-19 2.4986849e-19
9790.0 -4.0465693e-20 4.3473859e-19
9795.0 3.4265592e-19 2.5349e-19
9800.0 1.084444e-18 2.8270822e-19
9805.0 3.5835855e-19 2.3451804e-19
9810.0 3.4192288e-19 3.0498956e-19
9815.0 1.1527829e-18 3.9940494e-19
9820.0 1.2500239e-18 3.7375327e-19
9825.0 1.2188099e-18 3.5732112e-19
9830.0 8.7516351e-19 3.620922e-19
9835.0 -6.224362e-20 3.3695145e-19
9840.0 3.6089621e-19 3.2641101e-19
9845.0 5.045425e-19 3.4827137e-19
9850.0 2.1872845e-19 4.1108112e-19
9855.0 -9.6189612e-20 3.2068364e-19
9860.0 8.8699714e-19 3.1993656e-19
9865.0 6.4814608e-19 3.3240866e-19
9870.0 1.0414306e-18 4.4946334e-19
9875.0 -1.2455527e-19 3.9369008e-19
9880.0 -1.9276497e-19 3.1329048e-19
9885.0 -4.2963536e-19 3.4281948e-19
9890.0 -4.217252e-20 3.2041428e-19
9895.0 6.1980283e-19 4.4348135e-19
9900.0 6.4938709e-19 3.2062354e-19
9905.0 2.0091558e-19 3.1059535e-19
9910.0 1.7382954e-19 3.3680697e-19
9915.0 9.4117072e-19 5.3707392e-19
9920.0 3.4607972e-19 3.2218769e-19
9925.0 9.1153699e-19 3.0353322e-19
9930.0 8.5914724e-19 3.006374e-19
9935.0 4.3143403e-19 3.206214e-19
9940.0 7.8927689e-20 4.261663e-19
9945.0 2.0117831e-18 6.6457562e-19
9950.0 -1.7155352e-19 4.3862121e-19
9955.0 5.484026e-19 4.7947274e-19
9960.0 1.5930951e-18 5.4846622e-19
9965.0 1.0945264e-19 3.6389191e-19
9970.0 2.1040739e-19 3.7238183e-19
9975.0 -8.0959192e-19 3.7433279e-19
9980.0 -2.2909564e-19 3.5168152e-19
9985.0 9.4196744e-19 3.0708829e-19
9990.0 6.8496126e-19 3.1806383e-19
9995.0 6.8496126e-19 99999.0
10000.0 6.8496126e-19 99999.0
