3753.83  12.7499
3754.87  87.4327
3755.91  55.7707
3756.95  88.3319
3757.99  113.73
3759.03  -59.3438
3760.07  131.658
3761.11  157.681
3762.15  33.3114
3763.19  70.4235
3764.23  124.787
3765.27  -10.3599
3766.31  -109.582
3767.35  117.379
3768.39  9.84783
3769.43  -60.1881
3770.47  4.68888
3771.51  18.3689
3772.55  -85.0783
3773.59  80.5802
3774.63  128.163
3775.67  -82.7287
3776.71  61.8587
3777.75  163.413
3778.79  -41.5628
3779.83  -5.82398
3780.87  108.157
3781.91  48.5716
3782.95  27.619
3783.99  -52.5373
3785.03  7.33734
3786.07  34.145
3787.11  88.9016
3788.15  264.117
3789.19  44.7189
3790.23  -92.8749
3791.27  -18.7813
3792.31  -77.2648
3793.35  -34.4116
3794.39  23.41
3795.43  30.8975
3796.47  66.0144
3797.51  60.9903
3798.55  -90.3135
3799.59  -69.8818
3800.63  100.088
3801.67  53.0708
3802.71  29.7542
3803.75  9.04902
3804.79  -4.91482
3805.83  -56.0719
3806.87  77.7876
3807.91  -86.9736
3808.95  -59.7507
3809.99  -33.6157
3811.03  -27.0674
3812.07  -128.01
3813.11  -80.5298
3814.15  -101.755
3815.19  40.7968
3816.23  37.7641
3817.27  -140.028
3818.31  17.4042
3819.35  42.7423
3820.39  132.073
3821.43  170.702
3822.47  -27.9955
3823.51  46.1104
3824.55  169.23
3825.59  100.515
3826.63  -43.8239
3827.67  -46.7926
3828.71  40.0927
3829.75  -92.7157
3830.79  -58.1228
3831.83  58.2215
3832.87  164.365
3833.91  204.801
3834.95  39.803
3835.99  136.153
3837.03  1.69396
3838.07  24.0897
3839.11  -56.9741
3840.15  -33.005
3841.19  -144.524
3842.23  84.333
3843.27  132.067
3844.31  15.1857
3845.35  46.2236
3846.39  50.9656
3847.43  -70.5823
3848.47  -68.407
3849.51  17.3741
3850.55  40.85
3851.59  -23.8803
3852.63  101.673
3853.67  30.1671
3854.71  6.66358
3855.75  1.56546
3856.79  141.868
3857.83  47.5791
3858.87  27.4581
3859.91  -61.5402
3860.95  12.7246
3861.99  -43.2972
3863.03  -122.661
3864.07  -42.1821
3865.11  -27.9021
3866.15  20.8059
3867.19  80.0739
3868.23  -41.8053
3869.27  66.0123
3870.31  70.2612
3871.35  77.8297
3872.39  -32.8479
3873.43  255.491
3874.47  70.8594
3875.51  -88.3449
3876.55  45.9664
3877.59  17.0154
3878.63  -92.7297
3879.67  -11.0197
3880.71  8.08508
3881.75  84.2476
3882.79  106.516
3883.83  23.0829
3884.87  73.3998
3885.91  22.1272
3886.95  26.4679
3887.99  2.85746
3889.03  1.74583
3890.07  11.7124
3891.11  -42.0798
3892.15  8.16021
3893.19  35.6345
3894.23  -63.429
3895.27  12.7645
3896.31  69.4513
3897.35  227.895
3898.39  10.703
3899.43  -111.105
3900.47  -46.3613
3901.51  65.9042
3902.55  28.4616
3903.59  1.17351
3904.63  9.36866
3905.67  31.7198
3906.71  7.04446
3907.75  49.1869
3908.79  7.12992
3909.83  7.72143
3910.87  -17.0762
3911.91  -121.802
3912.95  -48.9833
3913.99  3.35523
3915.03  -30.8437
3916.07  119.399
3917.11  160.808
3918.15  107.175
3919.19  106.704
3920.23  6.99261
3921.27  13.3491
3922.31  87.1818
3923.35  7.12572
3924.39  -65.3494
3925.43  23.0424
3926.47  38.774
3927.51  -13.8763
3928.55  -3.61177
3929.59  -15.9165
3930.63  55.676
3931.67  48.9263
3932.71  56.262
3933.75  -84.3313
3934.79  22.3683
3935.83  3.02511
3936.87  73.5213
3937.91  100.316
3938.95  1.53099
3939.99  -98.3048
3941.03  -16.1443
3942.07  22.0791
3943.11  60.6496
3944.15  36.6089
3945.19  -12.0632
3946.23  72.2841
3947.27  82.1511
3948.31  -93.8919
3949.35  36.0245
3950.39  -7.29034
3951.43  90.0898
3952.47  149.969
3953.51  110.184
3954.55  81.8987
3955.59  66.2653
3956.63  81.4367
3957.67  109.874
3958.71  17.1417
3959.75  -2.72751
3960.79  -69.4081
3961.83  -12.9776
3962.87  -22.4028
3963.91  51.5099
3964.95  41.6868
3965.99  81.6187
3967.03  0.0721953
3968.07  -21.3649
3969.11  39.1514
3970.15  -40.4925
3971.19  -20.3309
3972.23  -35.6849
3973.27  -56.0394
3974.31  -30.2185
3975.35  -0.67355
3976.39  1.8266
3977.43  -38.0686
3978.47  18.621
3979.51  82.608
3980.55  -58.8757
3981.59  5.74342
3982.63  18.8545
3983.67  34.543
3984.71  15.3039
3985.75  -20.1646
3986.79  16.9031
3987.83  35.3699
3988.87  -5.76537
3989.91  74.3891
3990.95  60.6673
3991.99  -41.1247
3993.03  17.2008
3994.07  32.8854
3995.11  -6.35172
3996.15  -25.7509
3997.19  37.5491
3998.23  18.387
3999.27  -45.4228
4000.31  29.1724
4001.35  50.6143
4002.39  62.0503
4003.43  84.919
4004.47  135.967
4005.51  -13.5194
4006.55  -64.0891
4007.59  44.8722
4008.63  -21.2657
4009.67  -61.7921
4010.71  -30.8842
4011.75  9.31668
4012.79  154.682
4013.83  17.1719
4014.87  104.128
4015.91  6.13814
4016.95  45.2724
4017.99  47.9769
4019.03  -50.8978
4020.07  -48.5238
4021.11  9.2171
4022.15  0.200447
4023.19  91.4007
4024.23  81.9393
4025.27  -9.12799
4026.31  5.07056
4027.35  4.0285
4028.39  33.2987
4029.43  -3.79676
4030.47  28.6548
4031.51  -20.6138
4032.55  -64.4569
4033.59  -29.9696
4034.63  17.2253
4035.67  -21.9891
4036.71  67.4838
4037.75  106.319
4038.79  91.6798
4039.83  50.8111
4040.87  61.861
4041.91  -20.7947
4042.95  26.5959
4043.99  -101.48
4045.03  -3.39741
4046.07  61.2551
4047.11  93.1211
4048.15  50.8548
4049.19  9.45875
4050.23  68.8007
4051.27  63.0598
4052.31  66.0531
4053.35  61.8227
4054.39  75.3663
4055.43  16.6305
4056.47  48.6546
4057.51  11.3864
4058.55  27.0906
4059.59  76.491
4060.63  59.9405
4061.67  56.9957
4062.71  5.93842
4063.75  19.1039
4064.79  56.6343
4065.83  52.5624
4066.87  -51.9761
4067.91  -44.1549
4068.95  133.152
4069.99  93.16
4071.03  -28.6416
4072.07  45.4295
4073.11  9.76512
4074.15  54.3484
4075.19  99.4495
4076.23  51.295
4077.27  14.5748
4078.31  -24.5635
4079.35  -10.6743
4080.39  -50.4377
4081.43  -28.596
4082.47  72.7516
4083.51  110.14
4084.55  53.9803
4085.59  49.3894
4086.63  62.3087
4087.67  66.4437
4088.71  15.0859
4089.75  -4.8484
4090.79  3.80311
4091.83  50.523
4092.87  27.0097
4093.91  64.0401
4094.95  39.452
4095.99  39.0339
4097.03  -12.4178
4098.07  -0.918284
4099.11  9.58445
4100.15  20.2099
4101.19  -29.0658
4102.23  32.8146
4103.27  85.3357
4104.31  81.9687
4105.35  46.3943
4106.39  64.7781
4107.43  69.3108
4108.47  41.9643
4109.51  83.0263
4110.55  3.99288
4111.59  97.5549
4112.63  100.381
4113.67  -1.3801
4114.71  30.8484
4115.75  38.6838
4116.79  -2.44761
4117.83  12.8648
4118.87  -7.723
4119.91  31.0594
4120.95  51.7843
4121.99  22.782
4123.03  -30.6124
4124.07  89.6268
4125.11  79.8232
4126.15  13.4781
4127.19  14.8782
4128.23  84.2209
4129.27  94.5568
4130.31  -0.76648
4131.35  60.1922
4132.39  72.3345
4133.43  23.8325
4134.47  37.7079
4135.51  44.7267
4136.55  -8.46292
4137.59  -18.6129
4138.63  22.0006
4139.67  53.9226
4140.71  54.5494
4141.75  7.03464
4142.79  -13.3616
4143.83  68.4758
4144.87  71.4926
4145.91  7.19834
4146.95  -3.7963
4147.99  -15.8534
4149.03  10.9334
4150.07  49.9502
4151.11  -13.2065
4152.15  -13.1288
4153.19  61.8622
4154.23  49.4329
4155.27  81.2115
4156.31  24.1205
4157.35  -8.81881
4158.39  25.4988
4159.43  30.8847
4160.47  54.8482
4161.51  4.25209
4162.55  -39.5501
4163.59  -26.3417
4164.63  39.7203
4165.67  8.62389
4166.71  2.71508
4167.75  54.9839
4168.79  -7.31744
4169.83  35.7702
4170.87  -23.7686
4171.91  25.5886
4172.95  45.2562
4173.99  -31.4586
4175.03  65.2347
4176.07  88.3119
4177.11  31.2011
4178.15  19.4358
4179.19  26.4903
4180.23  63.5744
4181.27  16.6966
4182.31  11.7151
4183.35  39.1049
4184.39  1.60347
4185.43  -24.6268
4186.47  -51.9607
4187.51  -10.668
4188.55  12.3632
4189.59  -34.2862
4190.63  -9.78992
4191.67  43.0936
4192.71  8.97827
4193.75  1.30445
4194.79  35.6215
4195.83  80.0975
4196.87  52.1817
4197.91  -4.45363
4198.95  -7.9278
4199.99  1.9221
4201.03  15.7975
4202.07  3.8657
4203.11  23.5387
4204.15  79.599
4205.19  13.5491
4206.23  24.2714
4207.27  48.342
4208.31  52.6715
4209.35  25.7335
4210.39  33.7683
4211.43  24.0726
4212.47  54.2626
4213.51  65.9787
4214.55  64.1144
4215.59  46.7509
4216.63  49.699
4217.67  49.2952
4218.71  6.71006
4219.75  33.661
4220.79  43.6975
4221.83  26.8089
4222.87  14.4912
4223.91  5.45623
4224.95  31.5596
4225.99  28.8095
4227.03  10.6327
4228.07  46.2596
4229.11  78.0626
4230.15  73.3615
4231.19  59.3333
4232.23  89.5438
4233.27  -2.00876
4234.31  39.8843
4235.35  42.5565
4236.39  -26.3434
4237.43  -14.6709
4238.47  -17.344
4239.51  58.5844
4240.55  57.7411
4241.59  11.8282
4242.63  14.2064
4243.67  -0.475765
4244.71  31.3914
4245.75  38.8068
4246.79  3.31808
4247.83  60.7929
4248.87  32.375
4249.91  49.0167
4250.95  47.5112
4251.99  52.4573
4253.03  -20.04
4254.07  -75.8072
4255.11  -12.2161
4256.15  59.4938
4257.19  53.9141
4258.23  35.2358
4259.27  8.22055
4260.31  19.4233
4261.35  5.04312
4262.39  1.90166
4263.43  25.9986
4264.47  46.5361
4265.51  22.7229
4266.55  29.4861
4267.59  58.6164
4268.63  39.1503
4269.67  46.2425
4270.71  18.1512
4271.75  -29.6952
4272.79  32.9528
4273.83  9.74236
4274.87  43.3906
4275.91  55.8949
4276.95  51.49
4277.99  78.6243
4279.03  -22.411
4280.07  22.3291
4281.11  8.86228
4282.15  19.4986
4283.19  73.7692
4284.23  13.9917
4285.27  -17.3858
4286.31  15.7979
4287.35  35.3994
4288.39  -16.459
4289.43  56.2145
4290.47  8.69333
4291.51  -1.40184
4292.55  5.22098
4293.59  11.9747
4294.63  -26.3702
4295.67  -40.2715
4296.71  3.62397
4297.75  28.7136
4298.79  -13.0845
4299.83  37.3156
4300.87  17.6417
4301.91  37.8482
4302.95  25.2448
4303.99  19.9932
4305.03  44.7632
4306.07  73.4848
4307.11  16.1189
4308.15  86.636
4309.19  147.769
4310.23  147.401
4311.27  156.072
4312.31  281.59
4313.35  160.857
4314.39  88.5427
4315.43  46.9589
4316.47  50.616
4317.51  81.8647
4318.55  17.5191
4319.59  87.0351
4320.63  22.8616
4321.67  18.9764
4322.71  32.268
4323.75  15.8771
4324.79  14.6189
4325.83  9.3947
4326.87  99.803
4327.91  -28.5108
4328.95  6.29129
4329.99  27.531
4331.03  1.59035
4332.07  42.2954
4333.11  42.1141
4334.15  42.7679
4335.19  -21.5062
4336.23  63.3798
4337.27  14.0961
4338.31  -2.2615
4339.35  89.2133
4340.39  46.8515
4341.43  -0.821049
4342.47  0.994826
4343.51  39.4696
4344.55  44.2056
4345.59  1.43654
4346.63  31.8274
4347.67  -0.140288
4348.71  22.8459
4349.75  43.4432
4350.79  46.1649
4351.83  13.0937
4352.87  40.6888
4353.91  11.7329
4354.95  -7.21451
4355.99  -11.4117
4357.03  -12.2123
4358.07  33.3241
4359.11  16.6816
4360.15  26.721
4361.19  60.8612
4362.23  97.2795
4363.27  37.7026
4364.31  43.3468
4365.35  25.2456
4366.39  41.286
4367.43  67.7974
4368.47  -8.50085
4369.51  100.497
4370.55  22.6681
4371.59  75.3797
4372.63  15.4362
4373.67  -3.19135
4374.71  34.7192
4375.75  0.737365
4376.79  32.2299
4377.83  115.784
4378.87  37.5616
4379.91  6.27673
4380.95  49.9434
4381.99  6.73022
4383.03  13.1993
4384.07  40.6762
4385.11  51.3225
4386.15  57.3019
4387.19  35.6263
4388.23  8.19113
4389.27  5.99851
4390.31  -1.56237
4391.35  8.60196
4392.39  -3.86963
4393.43  20.0974
4394.47  -7.81078
4395.51  11.4202
4396.55  84.8751
4397.59  42.4988
4398.63  -19.8291
4399.67  57.4252
4400.71  40.2448
4401.75  -9.43224
4402.79  11.9091
4403.83  91.9399
4404.87  67.1312
4405.91  24.7224
4406.95  69.1809
4407.99  57.3481
4409.03  93.5501
4410.07  35.2171
4411.11  68.6199
4412.15  82.2288
4413.19  59.7397
4414.23  58.7064
4415.27  38.4348
4416.31  9.51265
4417.35  58.4521
4418.39  20.3604
4419.43  53.6699
4420.47  58.7437
4421.51  22.746
4422.55  80.9379
4423.59  46.6953
4424.63  6.26407
4425.67  41.8083
4426.71  0.825021
4427.75  27.8525
4428.79  17.0148
4429.83  25.6094
4430.87  31.2824
4431.91  21.2881
4432.95  62.2869
4433.99  -15.1873
4435.03  -21.5107
4436.07  36.7346
4437.11  65.7945
4438.15  -13.6598
4439.19  -17.8848
4440.23  77.6599
4441.27  93.6755
4442.31  64.8015
4443.35  19.6948
4444.39  20.0465
4445.43  51.2431
4446.47  50.7568
4447.51  61.4127
4448.55  58.1166
4449.59  15.0609
4450.63  -15.8212
4451.67  14.3395
4452.71  24.6761
4453.75  56.792
4454.79  54.5188
4455.83  32.7779
4456.87  10.9068
4457.91  15.4546
4458.95  73.5287
4459.99  8.05493
4461.03  -24.2238
4462.07  24.3063
4463.11  23.8017
4464.15  19.4412
4465.19  -0.732098
4466.23  24.8594
4467.27  36.4569
4468.31  5.16524
4469.35  88.3175
4470.39  107.201
4471.43  49.9235
4472.47  28.5645
4473.51  43.4333
4474.55  46.3358
4475.59  60.1165
4476.63  96.4676
4477.67  33.7625
4478.71  16.5859
4479.75  20.3467
4480.79  16.1752
4481.83  27.3151
4482.87  55.643
4483.91  17.5229
4484.95  7.51627
4485.99  28.7906
4487.03  58.5861
4488.07  37.6085
4489.11  52.6692
4490.15  60.4608
4491.19  16.4574
4492.23  6.55738
4493.27  6.34413
4494.31  33.1582
4495.35  52.4167
4496.39  68.4193
4497.43  61.4769
4498.47  51.0198
4499.51  40.0278
4500.55  7.78048
4501.59  -1.27711
4502.63  40.6243
4503.67  24.3641
4504.71  18.9039
4505.75  52.1713
4506.79  92.2389
4507.83  134.635
4508.87  52.5823
4509.91  9.5239
4510.95  28.8089
4511.99  46.5447
4513.03  71.8774
4514.07  27.7493
4515.11  8.96492
4516.15  73.6686
4517.19  89.9662
4518.23  7.60614
4519.27  21.3674
4520.31  56.1306
4521.35  55.0513
4522.39  17.2663
4523.43  11.1274
4524.47  27.473
4525.51  33.5432
4526.55  81.0848
4527.59  52.7692
4528.63  34.1702
4529.67  53.8048
4530.71  59.1264
4531.75  85.0476
4532.79  66.3686
4533.83  40.4085
4534.87  17.5677
4535.91  33.0399
4536.95  -6.89508
4537.99  13.0769
4539.03  82.6449
4540.07  78.251
4541.11  38.1724
4542.15  52.7631
4543.19  56.5513
4544.23  79.0346
4545.27  42.0006
4546.31  9.37972
4547.35  58.7185
4548.39  46.3319
4549.43  3.48697
4550.47  31.0528
4551.51  20.8506
4552.55  28.3481
4553.59  30.3681
4554.63  24.8822
4555.67  51.1694
4556.71  46.5979
4557.75  45.3051
4558.79  50.7845
4559.83  43.4896
4560.87  96.4358
4561.91  97.2479
4562.95  69.3765
4563.99  63.7872
4565.03  47.4331
4566.07  33.3882
4567.11  16.9215
4568.15  18.9024
4569.19  74.3405
4570.23  36.9693
4571.27  44.7493
4572.31  29.5918
4573.35  19.4675
4574.39  59.2196
4575.43  40.617
4576.47  25.6358
4577.51  8.9272
4578.55  57.3541
4579.59  59.2728
4580.63  17.6627
4581.67  20.7865
4582.71  43.4167
4583.75  58.0307
4584.79  41.0493
4585.83  13.6488
4586.87  31.4584
4587.91  17.8238
4588.95  16.3709
4589.99  22.1787
4591.03  63.1274
4592.07  40.4284
4593.11  12.3868
4594.15  42.9637
4595.19  23.9535
4596.23  1.98827
4597.27  -8.26775
4598.31  56.502
4599.35  16.4136
4600.39  32.3733
4601.43  10.7783
4602.47  9.51014
4603.51  22.2951
4604.55  60.8954
4605.59  64.5945
4606.63  27.8645
4607.67  14.468
4608.71  33.0686
4609.75  41.0058
4610.79  38.5368
4611.83  89.6561
4612.87  67.7792
4613.91  28.9469
4614.95  52.3373
4615.99  85.9823
4617.03  43.188
4618.07  52.9526
4619.11  71.1326
4620.15  63.6077
4621.19  -12.5379
4622.23  60.065
4623.27  36.4743
4624.31  51.7689
4625.35  51.3068
4626.39  85.6043
4627.43  28.0191
4628.47  58.6906
4629.51  52.9098
4630.55  31.6947
4631.59  74.7181
4632.63  89.3125
4633.67  80.9905
4634.71  78.3681
4635.75  50.3133
4636.79  53.9906
4637.83  44.753
4638.87  67.2167
4639.91  29.5536
4640.95  54.6198
4641.99  -11.2547
4643.03  38.5519
4644.07  53.6477
4645.11  76.8061
4646.15  57.8356
4647.19  27.908
4648.23  38.7565
4649.27  65.8317
4650.31  74.6426
4651.35  35.2038
4652.39  42.1736
4653.43  39.001
4654.47  74.8428
4655.51  74.5511
4656.55  31.5548
4657.59  24.5898
4658.63  35.9268
4659.67  39.8887
4660.71  65.2531
4661.75  51.9076
4662.79  35.0584
4663.83  60.5802
4664.87  80.9846
4665.91  71.6939
4666.95  9.03157
4667.99  23.2494
4669.03  81.7803
4670.07  68.1029
4671.11  24.4728
4672.15  61.1212
4673.19  34.3022
4674.23  46.7293
4675.27  67.4564
4676.31  67.7459
4677.35  75.7064
4678.39  77.1774
4679.43  -14.8364
4680.47  106.92
4681.51  30.8107
4682.55  44.6404
4683.59  41.6581
4684.63  64.3843
4685.67  57.3925
4686.71  23.8724
4687.75  63.1449
4688.79  66.2354
4689.83  41.9719
4690.87  31.7925
4691.91  95.2189
4692.95  104.957
4693.99  57.3569
4695.03  20.0991
4696.07  72.6651
4697.11  61.6724
4698.15  139.221
4699.19  85.3735
4700.23  69.62
4701.27  43.82
4702.31  51.9189
4703.35  79.9007
4704.39  50.432
4705.43  47.4732
4706.47  30.2241
4707.51  34.867
4708.55  -0.605007
4709.59  60.4646
4710.63  43.7819
4711.67  65.7628
4712.71  86.2321
4713.75  68.3481
4714.79  27.337
4715.83  44.46
4716.87  7.15185
4717.91  33.1283
4718.95  49.5102
4719.99  55.9559
4721.03  39.1079
4722.07  83.9017
4723.11  8.12487
4724.15  84.2317
4725.19  53.7515
4726.23  29.8611
4727.27  45.4849
4728.31  48.9647
4729.35  83.5103
4730.39  42.9595
4731.43  14.7439
4732.47  51.1625
4733.51  53.1681
4734.55  43.259
4735.59  -23.683
4736.63  116.676
4737.67  79.0967
4738.71  62.4192
4739.75  19.5571
4740.79  38.266
4741.83  40.4418
4742.87  11.2287
4743.91  8.0125
4744.95  72.8423
4745.99  93.6575
4747.03  55.067
4748.07  71.0817
4749.11  65.2389
4750.15  7.88404
4751.19  53.107
4752.23  73.9263
4753.27  47.3968
4754.31  81.2825
4755.35  76.6617
4756.39  64.667
4757.43  39.2559
4758.47  58.4749
4759.51  90.164
4760.55  51.9959
4761.59  43.5252
4762.63  48.0126
4763.67  51.9455
4764.71  37.5805
4765.75  18.5083
4766.79  47.9958
4767.83  43.2384
4768.87  30.5512
4769.91  101.89
4770.95  34.6249
4771.99  51.527
4773.03  16.4168
4774.07  85.8259
4775.11  45.8678
4776.15  81.
4777.19  48.7327
4778.23  31.2972
4779.27  41.2083
4780.31  59.8273
4781.35  50.8226
4782.39  56.638
4783.43  37.5782
4784.47  31.7805
4785.51  54.2676
4786.55  90.6028
4787.59  101.502
4788.63  76.5402
4789.67  52.0343
4790.71  71.7393
4791.75  53.8933
4792.79  19.1643
4793.83  34.4763
4794.87  47.3988
4795.91  44.3005
4796.95  52.5267
4797.99  61.8688
4799.03  40.1563
4800.07  60.7972
4801.11  54.0431
4802.15  59.4278
4803.19  65.819
4804.23  87.9738
4805.27  38.7208
4806.31  21.5728
4807.35  13.3514
4808.39  37.9824
4809.43  65.2354
4810.47  38.6403
4811.51  63.1598
4812.55  81.9543
4813.59  36.9007
4814.63  14.9496
4815.67  35.1521
4816.71  46.4982
4817.75  45.6375
4818.79  82.4773
4819.83  104.544
4820.87  103.851
4821.91  23.8481
4822.95  35.6616
4823.99  28.1351
4825.03  49.8112
4826.07  43.7315
4827.11  75.8235
4828.15  27.6273
4829.19  42.4356
4830.23  50.742
4831.27  36.0436
4832.31  59.0946
4833.35  48.9402
4834.39  84.9707
4835.43  81.5462
4836.47  80.8282
4837.51  36.9851
4838.55  33.1871
4839.59  41.1339
4840.63  47.5849
4841.67  51.8272
4842.71  63.4633
4843.75  37.2996
4844.79  32.1383
4845.83  64.4044
4846.87  26.4391
4847.91  39.6062
4848.95  43.2985
4849.99  59.8028
4851.03  83.4223
4852.07  82.0033
4853.11  32.7363
4854.15  -4.06204
4855.19  18.1837
4856.23  26.4525
4857.27  56.6082
4858.31  6.40431
4859.35  19.459
4860.39  41.8777
4861.43  48.209
4862.47  46.0627
4863.51  25.7007
4864.55  17.7704
4865.59  55.3999
4866.63  69.3479
4867.67  27.6227
4868.71  55.3949
4869.75  35.8287
4870.79  59.7565
4871.83  28.1573
4872.87  -11.8206
4873.91  39.817
4874.95  65.9704
4875.99  25.4232
4877.03  51.934
4878.07  59.8353
4879.11  59.5614
4880.15  80.8109
4881.19  43.6717
4882.23  51.1462
4883.27  20.6434
4884.31  48.3069
4885.35  45.3925
4886.39  32.435
4887.43  50.65
4888.47  47.7584
4889.51  29.3802
4890.55  32.4339
4891.59  61.7246
4892.63  88.1419
4893.67  40.9564
4894.71  69.5021
4895.75  40.4885
4896.79  19.0338
4897.83  36.944
4898.87  47.9387
4899.91  94.334
4900.95  65.7314
4901.99  16.7802
4903.03  26.562
4904.07  31.4653
4905.11  67.4061
4906.15  76.7463
4907.19  53.88
4908.23  29.3655
4909.27  69.1142
4910.31  42.1681
4911.35  38.8529
4912.39  56.6409
4913.43  41.4273
4914.47  78.1218
4915.51  85.2058
4916.55  67.4006
4917.59  40.535
4918.63  48.1039
4919.67  64.1561
4920.71  57.0129
4921.75  24.7242
4922.79  32.411
4923.83  4.60914
4924.87  69.7951
4925.91  80.1164
4926.95  39.1548
4927.99  17.5411
4929.03  58.4128
4930.07  31.8619
4931.11  7.34112
4932.15  33.5466
4933.19  55.2356
4934.23  55.8291
4935.27  71.9185
4936.31  108.759
4937.35  55.4183
4938.39  46.1223
4939.43  61.2386
4940.47  20.5936
4941.51  34.3515
4942.55  28.6148
4943.59  41.5304
4944.63  33.3015
4945.67  18.332
4946.71  28.4353
4947.75  53.141
4948.79  60.7511
4949.83  50.7867
4950.87  72.3669
4951.91  -5.89615
4952.95  43.4441
4953.99  56.258
4955.03  69.1653
4956.07  45.7254
4957.11  38.1117
4958.15  42.4241
4959.19  51.5776
4960.23  50.9785
4961.27  51.3473
4962.31  78.8221
4963.35  62.8838
4964.39  67.2014
4965.43  27.8041
4966.47  40.1863
4967.51  52.5522
4968.55  54.818
4969.59  52.7059
4970.63  42.9206
4971.67  22.4226
4972.71  44.6647
4973.75  55.2333
4974.79  35.1594
4975.83  69.3259
4976.87  78.4377
4977.91  51.3207
4978.95  55.4016
4979.99  50.2611
4981.03  69.872
4982.07  57.2137
4983.11  51.8962
4984.15  48.9061
4985.19  51.3896
4986.23  41.5299
4987.27  53.3756
4988.31  37.2264
4989.35  47.9991
4990.39  43.3531
4991.43  61.3535
4992.47  48.3972
4993.51  48.4657
4994.55  24.953
4995.59  77.6389
4996.63  92.5102
4997.67  93.4859
4998.71  51.129
4999.75  14.6399
5000.79  34.1793
5001.83  37.7522
5002.87  88.6553
5003.91  49.4826
5004.95  11.6756
5005.99  42.5665
5007.03  38.9946
5008.07  72.0266
5009.11  85.5351
5010.15  82.1781
5011.19  64.647
5012.23  35.5756
5013.27  37.0328
5014.31  43.5441
5015.35  59.6664
5016.39  15.6915
5017.43  21.3909
5018.47  58.9702
5019.51  59.6749
5020.55  53.8082
5021.59  88.379
5022.63  46.5179
5023.67  37.5001
5024.71  41.5295
5025.75  48.8255
5026.79  53.9473
5027.83  67.4752
5028.87  69.2523
5029.91  41.9069
5030.95  17.3606
5031.99  24.4015
5033.03  42.0395
5034.07  27.3488
5035.11  47.7857
5036.15  66.3424
5037.19  85.8089
5038.23  64.7347
5039.27  93.8198
5040.31  83.2632
5041.35  56.9033
5042.39  49.0109
5043.43  14.2718
5044.47  20.7028
5045.51  24.4313
5046.55  30.8608
5047.59  72.6442
5048.63  40.6328
5049.67  33.911
5050.71  84.0751
5051.75  86.1474
5052.79  42.586
5053.83  17.6735
5054.87  55.2579
5055.91  65.4007
5056.95  25.7143
5057.99  27.2935
5059.03  59.9718
5060.07  55.1653
5061.11  65.9963
5062.15  54.1742
5063.19  93.5696
5064.23  67.5768
5065.27  41.9437
5066.31  54.5999
5067.35  101.568
5068.39  83.2242
5069.43  55.0851
5070.47  14.42
5071.51  24.7938
5072.55  32.9195
5073.59  61.9034
5074.63  79.1684
5075.67  55.9556
5076.71  37.8863
5077.75  56.7621
5078.79  40.5401
5079.83  53.4143
5080.87  41.7521
5081.91  65.9609
5082.95  75.3027
5083.99  62.8807
5085.03  77.406
5086.07  37.485
5087.11  27.7129
5088.15  38.9794
5089.19  53.2123
5090.23  50.0304
5091.27  79.0024
5092.31  49.2397
5093.35  67.1262
5094.39  57.3752
5095.43  100.441
5096.47  65.5696
5097.51  76.6153
5098.55  46.6068
5099.59  69.544
5100.63  60.2126
5101.67  42.7303
5102.71  0.283074
5103.75  84.2193
5104.79  71.8428
5105.83  50.1294
5106.87  40.9532
5107.91  31.3923
5108.95  61.54
5109.99  68.6994
5111.03  64.1452
5112.07  53.4612
5113.11  86.2454
5114.15  75.9896
5115.19  48.3846
5116.23  81.0973
5117.27  70.3737
5118.31  93.5369
5119.35  8.40043
5120.39  27.4865
5121.43  18.5715
5122.47  76.6816
5123.51  6.82935
5124.55  42.2324
5125.59  39.653
5126.63  44.0363
5127.67  48.6525
5128.71  59.9186
5129.75  47.6353
5130.79  36.8909
5131.83  54.0729
5132.87  68.0622
5133.91  60.8696
5134.95  65.2983
5135.99  47.4945
5137.03  27.8242
5138.07  78.7628
5139.11  64.3068
5140.15  45.4589
5141.19  69.0529
5142.23  53.7823
5143.27  43.6721
5144.31  35.5632
5145.35  130.213
5146.39  66.4849
5147.43  71.6148
5148.47  11.1878
5149.51  55.8353
5150.55  50.8854
5151.59  66.725
5152.63  66.6832
5153.67  59.5952
5154.71  110.838
5155.75  23.9305
5156.79  36.9987
5157.83  101.818
5158.87  65.1625
5159.91  68.0342
5160.95  73.2302
5161.99  51.4134
5163.03  52.4062
5164.07  30.0014
5165.11  54.0201
5166.15  43.7228
5167.19  57.1034
5168.23  101.221
5169.27  36.2666
5170.31  69.5305
5171.35  82.3483
5172.39  63.1707
5173.43  73.3459
5174.47  56.4225
5175.51  72.9231
5176.55  53.4677
5177.59  37.5149
5178.63  56.8973
5179.67  30.7667
5180.71  66.4627
5181.75  79.7641
5182.79  50.8515
5183.83  96.258
5184.87  34.981
5185.91  28.7409
5186.95  70.5889
5187.99  89.0677
5189.03  97.6494
5190.07  81.7257
5191.11  86.0601
5192.15  52.1347
5193.19  88.4576
5194.23  66.9064
5195.27  51.2468
5196.31  25.1882
5197.35  65.6385
5198.39  40.6458
5199.43  46.8492
5200.47  78.7136
5201.51  87.6195
5202.55  68.8288
5203.59  70.4775
5204.63  54.9613
5205.67  25.5422
5206.71  81.1355
5207.75  88.977
5208.79  86.1825
5209.83  63.2448
5210.87  50.2468
5211.91  72.0691
5212.95  73.6022
5213.99  90.0586
5215.03  77.4073
5216.07  30.7823
5217.11  65.627
5218.15  111.561
5219.19  47.9885
5220.23  62.9793
5221.27  52.6689
5222.31  60.4305
5223.35  36.488
5224.39  90.7716
5225.43  73.3949
5226.47  75.1336
5227.51  77.3765
5228.55  42.4362
5229.59  88.0087
5230.63  98.6764
5231.67  89.7522
5232.71  71.3727
5233.75  97.1512
5234.79  84.673
5235.83  42.0319
5236.87  49.7409
5237.91  101.871
5238.95  54.36
5239.99  110.55
5241.03  77.6931
5242.07  73.2566
5243.11  56.0352
5244.15  60.9756
5245.19  51.7365
5246.23  79.3072
5247.27  57.6473
5248.31  53.5878
5249.35  72.1119
5250.39  27.0815
5251.43  68.8937
5252.47  69.7734
5253.51  75.024
5254.55  83.4319
5255.59  111.403
5256.63  79.2192
5257.67  59.4799
5258.71  60.3622
5259.75  67.4898
5260.79  59.4521
5261.83  76.43
5262.87  53.9267
5263.91  15.516
5264.95  47.9169
5265.99  49.1061
5267.03  53.1488
5268.07  45.28
5269.11  29.7276
5270.15  43.0574
5271.19  83.3998
5272.23  71.8194
5273.27  69.7615
5274.31  74.5081
5275.35  69.1175
5276.39  70.3197
5277.43  89.4241
5278.47  75.1057
5279.51  88.1335
5280.55  88.4421
5281.59  53.0041
5282.63  74.6123
5283.67  97.3764
5284.71  74.3435
5285.75  68.125
5286.79  49.7731
5287.83  58.8179
5288.87  61.7992
5289.91  61.5832
5290.95  77.7424
5291.99  68.9895
5293.03  86.0303
5294.07  85.2945
5295.11  74.8437
5296.15  115.209
5297.19  84.483
5298.23  70.952
5299.27  59.0854
5300.31  39.0731
5301.35  95.3275
5302.39  62.0832
5303.43  64.5611
5304.47  75.7625
5305.51  64.8261
5306.55  63.70958
5307.59  68.3757
5308.63  73.04182
5309.67  77.70794
5310.71  82.37406
5311.75  87.04018
5312.79  91.7063
5313.83  42.8867
5314.87  80.5303
5315.91  51.1781
5316.95  91.8877
5317.99  106.413
5319.03  112.914
5320.07  77.49
5321.11  53.1035
5322.15  104.249
5323.19  97.8197
5324.23  61.8411
5325.27  80.7499
5326.31  79.8205
5327.35  88.6394
5328.39  64.6921
5329.43  41.073
5330.47  75.7692
5331.51  110.231
5332.55  63.0258
5333.59  47.7706
5334.63  53.5391
5335.67  46.4278
5336.71  66.2947
5337.75  90.8686
5338.79  108.996
5339.83  93.3087
5340.87  55.4256
5341.91  102.074
5342.95  81.4483
5343.99  94.5356
5345.03  114.051
5346.07  112.631
5347.11  76.8615
5348.15  50.5763
5349.19  30.7984
5350.23  63.4697
5351.27  60.9684
5352.31  69.1825
5353.35  78.4886
5354.39  102.153
5355.43  35.1681
5356.47  91.742
5357.51  108.052
5358.55  82.2165
5359.59  98.442
5360.63  74.272
5361.67  113.078
5362.71  88.4026
5363.75  91.8426
5364.79  76.1354
5365.83  56.3693
5366.87  57.3185
5367.91  34.9421
5368.95  72.5411
5369.99  93.7909
5371.03  85.6315
5372.07  46.2743
5373.11  97.8364
5374.15  105.928
5375.19  95.5267
5376.23  80.5397
5377.27  118.759
5378.31  92.7804
5379.35  57.0552
5380.39  62.4726
5381.43  71.9684
5382.47  53.7184
5383.51  58.3635
5384.55  65.5081
5385.59  74.2314
5386.63  79.3573
5387.67  77.4102
5388.71  101.43
5389.75  73.5238
5390.79  55.2431
5391.83  52.1818
5392.87  82.6316
5393.91  84.6583
5394.95  42.3681
5395.99  46.746
5397.03  101.78
5398.07  125.683
5399.11  71.142
5400.15  84.6408
5401.19  85.6868
5402.23  43.5373
5403.27  18.6486
5404.31  58.1638
5405.35  116.141
5406.39  86.7843
5407.43  60.3858
5408.47  66.4977
5409.51  71.2399
5410.55  47.316
5411.59  80.0492
5412.63  89.516
5413.67  69.9431
5414.71  68.8922
5415.75  56.7837
5416.79  59.0623
5417.83  66.9333
5418.87  70.4013
5419.91  74.8801
5420.95  82.4274
5421.99  91.1752
5423.03  97.2454
5424.07  70.8058
5425.11  51.2016
5426.15  48.7302
5427.19  67.6263
5428.23  92.0231
5429.27  84.1764
5430.31  68.0665
5431.35  64.5228
5432.39  96.5618
5433.43  92.5473
5434.47  106.537
5435.51  81.6283
5436.55  80.0204
5437.59  94.7566
5438.63  91.1676
5439.67  57.3006
5440.71  73.2357
5441.75  99.9173
5442.79  94.7057
5443.83  60.9335
5444.87  53.9542
5445.91  60.0138
5446.95  38.9105
5447.99  38.4662
5449.03  51.468
5450.07  48.9981
5451.11  88.4914
5452.15  45.6467
5453.19  90.2074
5454.23  61.2419
5455.27  63.8559
5456.31  118.195
5457.35  97.6568
5458.39  101.038
5459.43  55.7105
5460.47  49.4652
5461.51  40.3355
5462.55  59.1471
5463.59  47.7845
5464.63  73.6586
5465.67  45.9453
5466.71  104.251
5467.75  69.2351
5468.79  111.086
5469.83  25.6902
5470.87  95.8565
5471.91  94.2026
5472.95  65.7243
5473.99  41.9116
5475.03  88.1692
5476.07  69.5417
5477.11  94.7239
5478.15  76.9647
5479.19  53.3898
5480.23  72.0762
5481.27  85.8534
5482.31  28.3559
5483.35  58.18
5484.39  80.6753
5485.43  86.2887
5486.47  39.1236
5487.51  59.1603
5488.55  61.0693
5489.59  38.4947
5490.63  95.5977
5491.67  68.77
5492.71  65.9077
5493.75  50.515
5494.79  68.758
5495.83  85.6352
5496.87  78.1149
5497.91  75.0652
5498.95  77.2072
5499.99  57.5665
5501.03  88.5732
5502.07  75.9568
5503.11  58.0244
5504.15  67.8084
5505.19  60.0972
5506.23  60.5444
5507.27  93.2907
5508.31  77.0277
5509.35  20.6626
5510.39  61.6273
5511.43  57.6141
5512.47  64.8801
5513.51  54.4413
5514.55  48.5812
5515.59  54.2065
5516.63  70.6262
5517.67  87.8801
5518.71  97.242
5519.75  81.2931
5520.79  78.4277
5521.83  100.664
5522.87  90.3251
5523.91  105.272
5524.95  112.305
5525.99  86.1416
5527.03  80.3383
5528.07  81.8891
5529.11  90.6175
5530.15  69.2795
5531.19  86.6155
5532.23  73.5017
5533.27  85.9218
5534.31  47.3559
5535.35  44.2665
5536.39  69.3018
5537.43  79.3078
5538.47  126.428
5539.51  68.5545
5540.55  94.7387
5541.59  61.5639
5542.63  73.8346
5543.67  20.58
5544.71  62.9721
5545.75  111.023
5546.79  99.6325
5547.83  80.8496
5548.87  123.594
5549.91  44.2122
5550.95  66.996
5551.99  116.131
5553.03  64.888
5554.07  42.1668
5555.11  75.9956
5556.15  67.3258
5557.19  87.9184
5558.23  36.4268
5559.27  54.2956
5560.31  57.8207
5561.35  32.8711
5562.39  50.0119
5563.43  101.697
5564.47  59.6178
5565.51  37.6099
5566.55  55.5002
5567.59  58.8937
5568.63  62.5044
5569.67  -61.3139
5570.71  14.6027
5571.75  48.592
5572.79  63.3487
5573.83  70.045
5574.87  42.0992
5575.91  73.076
5576.95  92.0656
5577.99  76.5053
5579.03  63.8136
5580.07  83.0844
5581.11  114.725
5582.15  77.4746
5583.19  117.703
5584.23  45.614
5585.27  57.1782
5586.31  64.3476
5587.35  37.4372
5588.39  76.6174
5589.43  101.303
5590.47  88.1222
5591.51  90.3944
5592.55  85.8451
5593.59  43.4328
5594.63  87.0949
5595.67  40.4776
5596.71  10.5342
5597.75  59.2814
5598.79  99.8934
5599.83  88.7012
5600.87  88.5186
5601.91  79.624
5602.95  92.0817
5603.99  46.16
5605.03  60.1721
5606.07  64.6822
5607.11  113.587
5608.15  103.05
5609.19  100.543
5610.23  114.946
5611.27  121.452
5612.31  86.2262
5613.35  60.9748
5614.39  59.9949
5615.43  90.671
5616.47  64.2228
5617.51  0.855138
5618.55  125.342
5619.59  55.8071
5620.63  41.9557
5621.67  62.7914
5622.71  111.642
5623.75  94.3287
5624.79  147.366
5625.83  201.484
5626.87  182.718
5627.91  99.345
5628.95  106.162
5629.99  95.7131
5631.03  72.7858
5632.07  90.0707
5633.11  94.4096
5634.15  83.0947
5635.19  85.
5636.23  86.5712
5637.27  90.4855
5638.31  104.866
5639.35  26.1878
5640.39  67.723
5641.43  106.845
5642.47  46.7113
5643.51  86.4896
5644.55  59.2453
5645.59  88.0654
5646.63  137.239
5647.67  106.388
5648.71  78.8321
5649.75  82.5023
5650.79  92.5249
5651.83  61.2637
5652.87  62.4311
5653.91  69.6805
5654.95  48.3421
5655.99  69.3869
5657.03  91.5644
5658.07  77.8491
5659.11  88.9166
5660.15  63.7213
5661.19  119.136
5662.23  119.183
5663.27  71.6835
5664.31  90.7636
5665.35  58.0295
5666.39  109.649
5667.43  118.103
5668.47  91.7026
5669.51  127.476
5670.55  110.514
5671.59  99.4619
5672.63  26.1009
5673.67  69.3476
5674.71  115.621
5675.75  87.7803
5676.79  106.872
5677.83  100.045
5678.87  55.3008
5679.91  118.257
5680.95  113.102
5681.99  107.812
5683.03  123.997
5684.07  118.224
5685.11  85.0555
5686.15  108.594
5687.19  68.8363
5688.23  66.9757
5689.27  17.9498
5690.31  142.091
5691.35  88.6138
5692.39  137.954
5693.43  99.4214
5694.47  91.8207
5695.51  133.108
5696.55  75.8456
5697.59  134.892
5698.63  34.0163
5699.67  82.3262
5700.71  58.597
5701.75  79.0932
5702.79  35.1564
5703.83  77.926
5704.87  112.684
5705.91  133.854
5706.95  75.4108
5707.99  103.285
5709.03  86.524
5710.07  45.1457
5711.11  35.5522
5712.15  76.4693
5713.19  79.9602
5714.23  80.1712
5715.27  68.3482
5716.31  60.1879
5717.35  115.472
5718.39  60.1797
5719.43  53.8409
5720.47  74.2828
5721.51  34.2986
5722.55  59.2276
5723.59  86.2434
5724.63  84.6851
5725.67  36.4152
5726.71  79.5826
5727.75  104.328
5728.79  92.1862
5729.83  124.085
5730.87  79.893
5731.91  94.6882
5732.95  45.8239
5733.99  70.8468
5735.03  74.1869
5736.07  30.8708
5737.11  126.452
5738.15  170.271
5739.19  94.6885
5740.23  106.27
5741.27  83.9561
5742.31  58.4252
5743.35  127.312
5744.39  74.9635
5745.43  80.4245
5746.47  45.3344
5747.51  73.706
5748.55  82.7391
5749.59  62.8122
5750.63  81.5152
5751.67  49.2168
5752.71  51.6598
5753.75  65.8177
5754.79  62.3441
5755.83  74.3733
5756.87  101.604
5757.91  53.4009
5758.95  31.7821
5759.99  32.9974
5761.03  100.417
5762.07  76.8015
5763.11  45.3027
5764.15  45.8805
5765.19  44.2603
5766.23  82.4445
5767.27  93.1469
5768.31  108.665
5769.35  104.748
5770.39  78.9422
5771.43  63.629
5772.47  49.3406
5773.51  61.008
5774.55  109.066
5775.59  104.557
5776.63  65.346
5777.67  27.7546
5778.71  37.5725
5779.75  83.2262
5780.79  111.031
5781.83  112.368
5782.87  71.3614
5783.91  38.6724
5784.95  44.6033
5785.99  105.359
5787.03  73.1836
5788.07  64.283
5789.11  85.1056
5790.15  106.846
5791.19  137.518
5792.23  83.2135
5793.27  101.785
5794.31  74.9348
5795.35  107.725
5796.39  108.713
5797.43  110.386
5798.47  105.103
5799.51  81.2926
5800.55  48.6409
5801.59  81.5528
5802.63  55.6615
5803.67  95.6095
5804.71  81.8983
5805.75  81.4557
5806.79  80.5453
5807.83  84.3938
5808.87  69.6494
5809.91  61.1698
5810.95  66.9523
5811.99  83.3161
5813.03  69.4013
5814.07  59.4249
5815.11  49.4579
5816.15  73.4166
5817.19  104.287
5818.23  101.477
5819.27  85.3932
5820.31  63.0386
5821.35  79.2799
5822.39  92.3941
5823.43  86.456
5824.47  96.9484
5825.51  106.515
5826.55  103.13
5827.59  82.6395
5828.63  56.6424
5829.67  55.8371
5830.71  63.5763
5831.75  75.7211
5832.79  55.8484
5833.83  45.73
5834.87  70.4403
5835.91  73.6078
5836.95  73.355
5837.99  87.8636
5839.03  81.9523
5840.07  63.2584
5841.11  53.1376
5842.15  63.3243
5843.19  96.3377
5844.23  90.0046
5845.27  74.0501
5846.31  58.5522
5847.35  56.9037
5848.39  64.1016
5849.43  83.1102
5850.47  75.7394
5851.51  50.954
5852.55  66.8251
5853.59  73.8364
5854.63  58.1218
5855.67  59.7686
5856.71  60.0453
5857.75  39.8316
5858.79  55.075
5859.83  83.4255
5860.87  88.2561
5861.91  87.1708
5862.95  82.0539
5863.99  80.8308
5865.03  77.521
5866.07  70.4409
5867.11  55.9381
5868.15  37.9214
5869.19  9.84503
5870.23  35.9086
5871.27  84.5922
5872.31  69.4339
5873.35  67.6262
5874.39  86.9337
5875.43  90.5147
5876.47  80.402
5877.51  48.597
5878.55  41.0395
5879.59  40.4515
5880.63  27.9382
5881.67  40.1916
5882.71  68.8661
5883.75  88.6036
5884.79  85.9612
5885.83  57.0049
5886.87  81.4114
5887.91  83.4675
5888.95  -11.8186
5889.99  1.11129
5891.03  53.2677
5892.07  77.8142
5893.11  74.032
5894.15  55.2338
5895.19  115.407
5896.23  131.287
5897.27  61.1603
5898.31  38.1801
5899.35  34.6607
5900.39  51.4774
5901.43  54.9643
5902.47  52.9889
5903.51  53.5391
5904.55  62.2137
5905.59  77.8181
5906.63  83.7527
5907.67  83.6546
5908.71  76.0975
5909.75  79.3079
5910.79  85.2514
5911.83  87.6632
5912.87  92.0141
5913.91  96.247
5914.95  92.1636
5915.99  96.3396
5917.03  109.709
5918.07  96.7119
5919.11  90.493
5920.15  117.896
5921.19  83.4042
5922.23  43.5412
5923.27  68.2264
5924.31  84.8027
5925.35  91.4925
5926.39  75.6226
5927.43  72.8891
5928.47  92.0361
5929.51  78.5487
5930.55  68.6388
5931.59  93.1649
5932.63  77.6138
5933.67  50.7528
5934.71  47.4727
5935.75  54.0826
5936.79  69.6115
5937.83  98.129
5938.87  106.53
5939.91  80.5519
5940.95  68.172
5941.99  64.6779
5943.03  78.1582
5944.07  78.8351
5945.11  72.527
5946.15  64.1063
5947.19  62.7664
5948.23  69.6216
5949.27  87.2423
5950.31  99.4881
5951.35  98.89
5952.39  83.5038
5953.43  63.6192
5954.47  44.7084
5955.51  62.5265
5956.55  96.9876
5957.59  90.1947
5958.63  70.818
5959.67  44.6422
5960.71  62.7811
5961.75  79.6587
5962.79  69.7245
5963.83  59.7415
5964.87  55.8454
5965.91  82.5774
5966.95  75.8861
5967.99  50.26
5969.03  74.4396
5970.07  93.0494
5971.11  93.9694
5972.15  75.0221
5973.19  56.8337
5974.23  55.2385
5975.27  64.2495
5976.31  77.8384
5977.35  87.0269
5978.39  79.7214
5979.43  61.2683
5980.47  74.6375
5981.51  80.1377
5982.55  63.5308
5983.59  73.3368
5984.63  79.7518
5985.67  52.0039
5986.71  53.0566
5987.75  66.0852
5988.79  58.9519
5989.83  58.901
5990.87  67.8784
5991.91  80.0258
5992.95  83.0484
5993.99  67.7447
5995.03  55.4461
5996.07  51.5899
5997.11  73.7483
5998.15  81.9479
5999.19  79.1712
6000.23  67.2539
6001.27  65.3984
6002.31  76.3146
6003.35  62.6993
6004.39  52.6516
6005.43  60.8492
6006.47  81.3187
6007.51  100.005
6008.55  89.8578
6009.59  82.3023
6010.63  78.8517
6011.67  87.0718
6012.71  89.2864
6013.75  80.5991
6014.79  77.9788
6015.83  73.9417
6016.87  60.5566
6017.91  63.7665
6018.95  76.3162
6019.99  95.2299
6021.03  95.0246
6022.07  77.8114
6023.11  70.0081
6024.15  63.1548
6025.19  55.4784
6026.23  54.572
6027.27  56.8844
6028.31  60.4669
6029.35  63.4393
6030.39  66.4038
6031.43  71.0891
6032.47  74.1547
6033.51  74.8672
6034.55  70.619
6035.59  62.1765
6036.63  45.7102
6037.67  62.9633
6038.71  84.076
6039.75  76.7154
6040.79  65.5561
6041.83  56.0239
6042.87  73.1096
6043.91  81.544
6044.95  75.1134
6045.99  69.0603
6047.03  68.6314
6048.07  82.5282
6049.11  88.813
6050.15  87.964
6051.19  71.7835
6052.23  58.1677
6053.27  50.2928
6054.31  64.7091
6055.35  76.1299
6056.39  77.5988
6057.43  66.2302
6058.47  55.3372
6059.51  52.3956
6060.55  79.6475
6061.59  111.966
6062.63  97.5074
6063.67  85.5867
6064.71  80.3987
6065.75  90.0363
6066.79  90.7705
6067.83  71.0729
6068.87  68.1526
6069.91  71.219
6070.95  79.9622
6071.99  63.3122
6073.03  44.0682
6074.07  91.6855
6075.11  108.6
6076.15  85.166
6077.19  65.266
6078.23  53.379
6079.27  59.0474
6080.31  52.1362
6081.35  50.3624
6082.39  77.4305
6083.43  94.8875
6084.47  99.6211
6085.51  70.876
6086.55  54.1749
6087.59  58.7366
6088.63  51.2016
6089.67  46.8292
6090.71  54.0275
6091.75  61.8833
6092.79  69.4115
6093.83  74.2326
6094.87  67.1394
6095.91  53.1825
6096.95  60.562
6097.99  68.4152
6099.03  71.6661
6100.07  77.4916
6101.11  82.0133
6102.15  83.1753
6103.19  75.2574
6104.23  67.9713
6105.27  85.9178
6106.31  93.9241
6107.35  90.4559
6108.39  88.2707
6109.43  81.9638
6110.47  68.5241
6111.51  70.8882
6112.55  78.836
6113.59  87.6341
6114.63  86.8657
6115.67  80.2094
6116.71  75.3981
6117.75  71.522
6118.79  69.2686
6119.83  82.2168
6120.87  83.037
6121.91  47.9594
6122.95  64.8436
6123.99  89.1961
6125.03  72.8672
6126.07  60.6099
6127.11  55.2926
6128.15  71.3731
6129.19  89.4152
6130.23  104.837
6131.27  103.515
6132.31  92.1128
6133.35  66.2027
6134.39  72.5143
6135.43  84.6264
6136.47  61.1754
6137.51  54.0388
6138.55  62.8556
6139.59  79.5444
6140.63  86.3934
6141.67  75.5559
6142.71  80.6694
6143.75  85.786
6144.79  81.3499
6145.83  69.5741
6146.87  58.1134
6147.91  68.3286
6148.95  70.7202
6149.99  64.2095
6151.03  60.93
6152.07  64.3001
6153.11  77.9407
6154.15  92.7845
6155.19  99.0192
6156.23  76.4085
6157.27  71.6909
6158.31  74.0826
6159.35  52.3247
6160.39  48.9068
6161.43  68.1413
6162.47  70.4741
6163.51  74.4968
6164.55  89.6952
6165.59  94.7195
6166.63  90.7134
6167.67  69.5279
6168.71  59.6956
6169.75  60.5918
6170.79  73.8307
6171.83  80.2249
6172.87  74.8217
6173.91  71.0018
6174.95  67.5019
6175.99  62.5219
6177.03  73.6534
6178.07  89.1013
6179.11  93.7751
6180.15  81.8556
6181.19  60.0441
6182.23  71.0073
6183.27  80.2901
6184.31  77.6874
6185.35  83.0522
6186.39  87.2161
6187.43  83.9841
6188.47  74.3731
6189.51  64.2454
6190.55  68.7476
6191.59  73.7087
6192.63  77.615
6193.67  79.7323
6194.71  79.6563
6195.75  76.2073
6196.79  79.7758
6197.83  82.6654
6198.87  74.1239
6199.91  79.606
6200.95  90.703
6201.99  80.1693
6203.03  83.899
6204.07  105.575
6205.11  102.006
6206.15  85.8479
6207.19  52.4605
6208.23  59.8705
6209.27  76.9585
6210.31  66.5688
6211.35  70.2234
6212.39  82.073
6213.43  75.0119
6214.47  68.6231
6215.51  66.8926
6216.55  68.8134
6217.59  71.6478
6218.63  72.8576
6219.67  76.4409
6220.71  81.1225
6221.75  87.1404
6222.79  86.9152
6223.83  79.6984
6224.87  59.8281
6225.91  52.3495
6226.95  68.1152
6227.99  74.0674
6229.03  74.1566
6230.07  63.7948
6231.11  62.4447
6232.15  66.5933
6233.19  70.608
6234.23  85.2615
6235.27  106.215
6236.31  68.7671
6237.35  46.3545
6238.39  76.0462
6239.43  87.0038
6240.47  89.2854
6241.51  78.9678
6242.55  72.0801
6243.59  71.3275
6244.63  93.2209
6245.67  102.491
6246.71  93.0938
6247.75  83.4937
6248.79  75.8194
6249.83  73.8478
6250.87  74.0019
6251.91  75.3766
6252.95  75.46
6253.99  80.4058
6255.03  85.4564
6256.07  65.4325
6257.11  47.2629
6258.15  37.3091
6259.19  74.7845
6260.23  104.535
6261.27  77.0542
6262.31  70.8081
6263.35  69.2201
6264.39  51.52
6265.43  52.1406
6266.47  69.5499
6267.51  79.9243
6268.55  87.7073
6269.59  93.3928
6270.63  82.3613
6271.67  70.5341
6272.71  74.846
6273.75  69.2834
6274.79  61.8512
6275.83  71.6242
6276.87  75.6948
6277.91  72.7698
6278.95  82.8689
6279.99  84.9122
6281.03  65.9889
6282.07  63.1917
6283.11  66.6393
6284.15  72.3913
6285.19  76.6242
6286.23  78.8793
6287.27  76.5936
6288.31  72.4752
6289.35  67.8927
6290.39  89.5511
6291.43  104.195
6292.47  87.5884
6293.51  77.8516
6294.55  71.3761
6295.59  73.2482
6296.63  68.8547
6297.67  61.0024
6298.71  65.7619
6299.75  68.7056
6300.79  66.0876
6301.83  74.8428
6302.87  84.5423
6303.91  87.1785
6304.95  96.8868
6305.99  104.296
6307.03  89.1901
6308.07  79.1823
6309.11  75.0348
6310.15  64.6182
6311.19  65.2358
6312.23  86.2752
6313.27  79.4602
6314.31  70.9315
6315.35  83.9785
6316.39  88.551
6317.43  86.5908
6318.47  73.4193
6319.51  74.6085
6320.55  91.0996
6321.59  86.4499
6322.63  77.1207
6323.67  65.8298
6324.71  75.6806
6325.75  90.7615
6326.79  94.7077
6327.83  97.3627
6328.87  99.1474
6329.91  106.128
6330.95  94.7487
6331.99  61.6641
6333.03  86.1561
6334.07  110.07
6335.11  98.8521
6336.15  88.4739
6337.19  76.3515
6338.23  62.1669
6339.27  64.7977
6340.31  79.7846
6341.35  82.9908
6342.39  80.2981
6343.43  71.7332
6344.47  71.8705
6345.51  73.9386
6346.55  73.2454
6347.59  79.4964
6348.63  86.8414
6349.67  84.5483
6350.71  76.2106
6351.75  65.6032
6352.79  82.545
6353.83  95.2837
6354.87  92.1481
6355.91  74.0496
6356.95  59.4899
6357.99  74.4676
6359.03  76.6372
6360.07  71.695
6361.11  65.9119
6362.15  73.5948
6363.19  94.3688
6364.23  84.4214
6365.27  75.3838
6366.31  84.1523
6367.35  75.4503
6368.39  63.0648
6369.43  58.4561
6370.47  58.6369
6371.51  64.8345
6372.55  88.513
6373.59  94.49
6374.63  75.3372
6375.67  70.4167
6376.71  76.7046
6377.75  105.633
6378.79  100.955
6379.83  82.5588
6380.87  66.8811
6381.91  64.0427
6382.95  71.4794
6383.99  73.7775
6385.03  74.8188
6386.07  74.7291
6387.11  76.1013
6388.15  75.57
6389.19  67.9062
6390.23  69.4859
6391.27  75.1931
6392.31  77.6937
6393.35  79.5193
6394.39  80.109
6395.43  73.3687
6396.47  67.6102
6397.51  65.3042
6398.55  79.9003
6399.59  94.1456
6400.63  88.6247
6401.67  82.7118
6402.71  76.6924
6403.75  71.3075
6404.79  76.7209
6405.83  93.1902
6406.87  97.616
6407.91  92.4918
6408.95  71.7708
6409.99  74.6767
6411.03  83.9525
6412.07  86.8967
6413.11  71.3044
6414.15  46.8136
6415.19  50.8622
6416.23  66.2791
6417.27  90.1014
6418.31  77.2396
6419.35  65.4949
6420.39  81.5347
6421.43  91.8728
6422.47  94.7851
6423.51  73.2057
6424.55  67.1308
6425.59  75.0101
6426.63  77.2909
6427.67  79.6438
6428.71  83.1352
6429.75  78.056
6430.79  72.055
6431.83  70.2938
6432.87  74.5396
6433.91  80.4013
6434.95  76.5093
6435.99  75.7949
6437.03  79.1478
6438.07  83.6237
6439.11  88.9963
6440.15  95.8419
6441.19  92.2822
6442.23  84.1821
6443.27  73.7303
6444.31  72.3947
6445.35  76.3208
6446.39  74.5019
6447.43  77.5655
6448.47  86.403
6449.51  87.3552
6450.55  86.9638
6451.59  88.0363
6452.63  87.8642
6453.67  85.839
6454.71  76.8846
6455.75  84.9425
6456.79  100.906
6457.83  81.9036
6458.87  68.4869
6459.91  69.7216
6460.95  83.8631
6461.99  95.5855
6463.03  91.6598
6464.07  81.8416
6465.11  73.5049
6466.15  86.7886
6467.19  92.2892
6468.23  89.0231
6469.27  76.6626
6470.31  77.744
6471.35  103.565
6472.39  91.3868
6473.43  75.7453
6474.47  85.5312
6475.51  77.5241
6476.55  65.4453
6477.59  79.621
6478.63  84.0487
6479.67  76.9059
6480.71  78.0552
6481.75  81.6456
6482.79  88.1784
6483.83  80.4174
6484.87  71.802
6485.91  77.4001
6486.95  79.6416
6487.99  79.7939
6489.03  81.4187
6490.07  77.4567
6491.11  67.1017
6492.15  60.0835
6493.19  62.4281
6494.23  85.8625
6495.27  80.4163
6496.31  67.8018
6497.35  71.0158
6498.39  69.6996
6499.43  66.9436
6500.47  83.4773
6501.51  82.8234
6502.55  55.0669
6503.59  61.9961
6504.63  75.1095
6505.67  80.9811
6506.71  79.0357
6507.75  74.8368
6508.79  76.5928
6509.83  89.9621
6510.87  110.037
6511.91  99.4435
6512.95  88.3377
6513.99  86.211
6515.03  82.2447
6516.07  78.0283
6517.11  72.1026
6518.15  73.4808
6519.19  81.4446
6520.23  102.635
6521.27  101.833
6522.31  78.028
6523.35  74.281
6524.39  68.6898
6525.43  51.0708
6526.47  52.29
6527.51  61.367
6528.55  72.938
6529.59  78.5475
6530.63  76.9262
6531.67  57.139
6532.71  49.6289
6533.75  60.216
6534.79  81.4118
6535.83  97.9717
6536.87  96.441
6537.91  98.9305
6538.95  96.0056
6539.99  70.7087
6541.03  63.2684
6542.07  71.3431
6543.11  82.1269
6544.15  90.7375
6545.19  94.9001
6546.23  82.0305
6547.27  70.506
6548.31  76.0918
6549.35  79.7722
6550.39  82.4428
6551.43  82.667
6552.47  78.1155
6553.51  68.7388
6554.55  49.077
6555.59  49.3095
6556.63  85.9671
6557.67  86.0087
6558.71  80.1415
6559.75  91.7234
6560.79  88.6606
6561.83  80.5111
6562.87  92.6739
6563.91  87.7169
6564.95  63.6187
6565.99  50.4383
6567.03  47.3667
6568.07  57.2663
6569.11  83.165
6570.15  105.547
6571.19  90.0108
6572.23  101.515
6573.27  122.812
6574.31  87.7835
6575.35  73.5547
6576.39  93.4475
6577.43  90.3354
6578.47  82.03
6579.51  70.7426
6580.55  76.4569
6581.59  88.7771
6582.63  96.8951
6583.67  102.762
6584.71  104.877
6585.75  94.327
6586.79  85.0614
6587.83  81.1791
6588.87  78.2942
6589.91  80.7099
6590.95  96.6252
6591.99  95.6331
6593.03  85.9755
6594.07  76.2574
6595.11  69.1202
6596.15  65.4519
6597.19  68.7425
6598.23  75.0773
6599.27  84.1838
6600.31  77.0701
6601.35  72.2812
6602.39  93.4372
6603.43  91.8604
6604.47  79.1086
6605.51  77.4968
6606.55  81.4668
6607.59  90.5518
6608.63  106.548
6609.67  111.136
6610.71  89.9051
6611.75  80.582
6612.79  73.3976
6613.83  58.1918
6614.87  68.7737
6615.91  92.445
6616.95  77.5175
6617.99  80.7683
6619.03  111.931
6620.07  82.7731
6621.11  58.649
6622.15  86.8218
6623.19  80.3159
6624.23  66.3765
6625.27  72.4064
6626.31  85.841
6627.35  101.727
6628.39  93.1488
6629.43  86.7273
6630.47  90.058
6631.51  82.9554
6632.55  76.2939
6633.59  78.2409
6634.63  78.9316
6635.67  79.2559
6636.71  80.3685
6637.75  77.8088
6638.79  72.2772
6639.83  72.6206
6640.87  77.8002
6641.91  89.5676
6642.95  87.8827
6643.99  83.9133
6645.03  88.7402
6646.07  84.1025
6647.11  77.4542
6648.15  92.6248
6649.19  96.1755
6650.23  84.6781
6651.27  82.0803
6652.31  80.3064
6653.35  77.5526
6654.39  67.7855
6655.43  61.6718
6656.47  77.2553
6657.51  83.9194
6658.55  84.9078
6659.59  93.8222
6660.63  96.9502
6661.67  91.4883
6662.71  89.9804
6663.75  86.9245
6664.79  76.4795
6665.83  80.7763
6666.87  90.708
6667.91  96.1776
6668.95  98.5399
6669.99  98.0677
6671.03  95.7309
6672.07  94.9326
6673.11  97.4537
6674.15  92.0759
6675.19  86.9834
6676.23  89.1445
6677.27  90.7349
6678.31  90.7464
6679.35  80.4852
6680.39  87.7113
6681.43  110.931
6682.47  111.339
6683.51  105.535
6684.55  97.2727
6685.59  90.7095
6686.63  83.8674
6687.67  71.8369
6688.71  76.6367
6689.75  91.5905
6690.79  102.408
6691.83  104.832
6692.87  97.8245
6693.91  88.6445
6694.95  81.4731
6695.99  81.0285
6697.03  75.399
6698.07  71.9799
6699.11  83.0447
6700.15  82.2716
6701.19  75.8895
6702.23  93.1717
6703.27  104.057
6704.31  101.951
6705.35  99.1266
6706.39  94.333
6707.43  86.7429
6708.47  84.1182
6709.51  85.3304
6710.55  94.7586
6711.59  86.3447
6712.63  65.6656
6713.67  73.1996
6714.71  90.6293
6715.75  116.37
6716.79  96.3066
6717.83  69.3458
6718.87  63.5849
6719.91  71.7494
6720.95  84.7869
6721.99  80.2617
6723.03  71.0694
6724.07  61.4454
6725.11  86.8504
6726.15  102.187
6727.19  85.0781
6728.23  76.9233
6729.27  76.1209
6730.31  95.0692
6731.35  93.6033
6732.39  80.5365
6733.43  76.9413
6734.47  81.0145
6735.51  92.0281
6736.55  79.909
6737.59  68.1566
6738.63  68.0977
6739.67  78.2867
6740.71  88.2197
6741.75  78.4199
6742.79  74.8482
6743.83  78.6917
6744.87  98.0595
6745.91  110.717
6746.95  110.621
6747.99  107.641
6749.03  107.357
6750.07  120.345
6751.11  111.592
6752.15  96.306
6753.19  98.5113
6754.23  93.3139
6755.27  82.4047
6756.31  87.8991
6757.35  90.4731
6758.39  83.8161
6759.43  74.5652
6760.47  73.2544
6761.51  98.201
6762.55  106.809
6763.59  102.222
6764.63  76.1543
6765.67  68.1281
6766.71  80.3822
6767.75  80.9452
6768.79  81.4191
6769.83  85.9963
6770.87  78.4621
6771.91  72.5975
6772.95  88.741
6773.99  82.9438
6775.03  68.4279
6776.07  89.9674
6777.11  102.954
6778.15  100.099
6779.19  94.9377
6780.23  86.2954
6781.27  72.0186
6782.31  70.4223
6783.35  75.8785
6784.39  88.3704
6785.43  85.4017
6786.47  74.6416
6787.51  97.9274
6788.55  113.896
6789.59  112.261
6790.63  108.308
6791.67  102.027
6792.71  93.9574
6793.75  90.7423
6794.79  90.8133
6795.83  93.4322
6796.87  95.1807
6797.91  95.223
6798.95  87.904
6799.99  87.6788
6801.03  101.692
6802.07  97.3903
6803.11  92.2974
6804.15  101.804
6805.19  105.497
6806.23  104.097
6807.27  93.5133
6808.31  87.7457
6809.35  88.2439
6810.39  88.3493
6811.43  89.428
6812.47  93.8288
6813.51  76.2823
6814.55  62.2596
6815.59  89.7786
6816.63  90.0455
6817.67  74.0378
6818.71  71.0803
6819.75  81.9117
6820.79  106.658
6821.83  95.0576
6822.87  83.7564
6823.91  97.6493
6824.95  87.9892
6825.99  72.7594
6827.03  69.4047
6828.07  73.3692
6829.11  83.5255
6830.15  100.599
6831.19  98.9934
6832.23  69.3981
6833.27  62.4811
6834.31  67.1839
6835.35  84.6198
6836.39  101.733
6837.43  110.402
6838.47  78.6343
6839.51  78.2973
6840.55  106.267
6841.59  93.9527
6842.63  79.1879
6843.67  72.5814
6844.71  72.7786
6845.75  76.577
6846.79  81.2517
6847.83  86.2534
6848.87  90.1099
6849.91  87.6695
6850.95  85.9609
6851.99  85.5457
6853.03  80.891
6854.07  77.8463
6855.11  78.8284
6856.15  88.5655
6857.19  95.6518
6858.23  79.9953
6859.27  80.4209
6860.31  89.4659
6861.35  79.3432
6862.39  78.9511
6863.43  92.6417
6864.47  57.1645
6865.51  26.997
6866.55  33.4702
6867.59  72.9095
6868.63  109.936
6869.67  69.8702
6870.71  55.0942
6871.75  65.9708
6872.79  96.0006
6873.83  100.635
6874.87  62.3627
6875.91  67.5888
6876.95  76.0933
6877.99  57.2535
6879.03  70.5145
6880.07  93.6788
6881.11  89.024
6882.15  80.0235
6883.19  71.2903
6884.23  92.5977
6885.27  103.198
6886.31  84.2119
6887.35  82.1358
6888.39  84.8512
6889.43  86.962
6890.47  93.584
6891.51  99.6889
6892.55  90.7264
6893.59  75.3085
6894.63  56.4821
6895.67  63.381
6896.71  77.3925
6897.75  91.5869
6898.79  108.684
6899.83  117.267
6900.87  94.5534
6901.91  81.7836
6902.95  80.5806
6903.99  104.887
6905.03  115.877
6906.07  104.329
6907.11  81.8889
6908.15  63.69
6909.19  62.244
6910.23  73.9522
6911.27  92.2504
6912.31  111.502
6913.35  102.751
6914.39  72.276
6915.43  58.133
6916.47  59.8801
6917.51  81.1331
6918.55  94.7539
6919.59  104.275
6920.63  110.462
6921.67  97.7941
6922.71  81.5755
6923.75  98.157
6924.79  107.629
6925.83  107.295
6926.87  103.813
6927.91  102.152
6928.95  107.068
6929.99  88.9427
6931.03  71.8442
6932.07  81.8592
6933.11  89.7909
6934.15  93.5532
6935.19  78.8004
6936.23  72.9902
6937.27  79.7358
6938.31  83.4888
6939.35  84.5762
6940.39  80.4057
6941.43  78.2799
6942.47  80.4475
6943.51  96.7312
6944.55  98.378
6945.59  89.9137
6946.63  90.145
6947.67  88.5313
6948.71  83.3867
6949.75  73.3463
6950.79  65.3254
6951.83  63.4816
6952.87  72.9693
6953.91  88.7624
6954.95  107.726
6955.99  108.059
6957.03  92.8817
6958.07  85.9089
6959.11  82.3268
6960.15  82.5087
6961.19  77.9613
6962.23  73.1031
6963.27  68.1752
6964.31  78.9643
6965.35  95.8834
6966.39  103.02
6967.43  90.3675
6968.47  62.3229
6969.51  78.1414
6970.55  96.5901
6971.59  104.11
6972.63  93.3614
6973.67  79.7526
6974.71  81.8848
6975.75  78.2509
6976.79  76.606
6977.83  108.923
6978.87  112.3
6979.91  79.0869
6980.95  78.3923
6981.99  91.5251
6983.03  124.273
6984.07  104.411
6985.11  72.6721
6986.15  76.3334
6987.19  76.833
6988.23  73.7188
6989.27  61.7002
6990.31  63.6376
6991.35  85.7309
6992.39  85.2739
6993.43  80.1086
6994.47  77.1808
6995.51  81.674
6996.55  88.4251
6997.59  90.2947
6998.63  86.3947
6999.67  77.9306
7000.71  70.855
7001.75  70.1873
7002.79  78.9381
7003.83  88.3253
7004.87  93.6614
7005.91  87.6394
7006.95  77.8496
7007.99  68.6606
7009.03  75.1912
7010.07  76.5748
7011.11  72.0758
7012.15  79.6635
7013.19  86.1419
7014.23  87.1629
7015.27  71.2098
7016.31  59.1773
7017.35  82.7373
7018.39  86.1136
7019.43  76.5558
7020.47  71.0227
7021.51  68.9578
7022.55  70.7381
7023.59  70.8247
7024.63  75.0124
7025.67  90.7773
7026.71  84.2384
7027.75  74.8115
7028.79  90.0915
7029.83  91.2593
7030.87  82.2896
7031.91  85.7115
7032.95  84.7812
7033.99  75.7535
7035.03  65.5774
7036.07  60.9779
7037.11  69.8998
7038.15  84.1026
7039.19  94.9556
7040.23  76.7501
7041.27  71.9842
7042.31  81.2336
7043.35  90.847
7044.39  95.4557
7045.43  91.159
7046.47  89.1215
7047.51  88.418
7048.55  87.9398
7049.59  101.939
7050.63  118.195
7051.67  105.834
7052.71  88.8014
7053.75  70.9079
7054.79  66.1584
7055.83  63.3365
7056.87  57.1996
7057.91  58.5832
7058.95  63.1108
7059.99  64.887
7061.03  81.4829
7062.07  102.941
7063.11  93.526
7064.15  84.7639
7065.19  81.5964
7066.23  61.3901
7067.27  52.1613
7068.31  76.9094
7069.35  89.0299
7070.39  97.9942
7071.43  113.231
7072.47  100.879
7073.51  70.52
7074.55  73.567
7075.59  77.4928
7076.63  75.0372
7077.67  77.163
7078.71  78.9881
7079.75  77.1735
7080.79  74.3894
7081.83  73.3451
7082.87  82.9156
7083.91  86.4978
7084.95  83.2643
7085.99  72.8225
7087.03  72.7582
7088.07  93.2636
7089.11  90.0797
7090.15  83.5508
7091.19  92.1957
7092.23  81.9734
7093.27  64.7145
7094.31  64.7628
7095.35  80.1828
7096.39  107.573
7097.43  94.4412
7098.47  80.9704
7099.51  85.2481
7100.55  89.4526
7101.59  90.8367
7102.63  78.679
7103.67  80.6346
7104.71  88.0099
7105.75  64.8123
7106.79  58.481
7107.83  77.7176
7108.87  81.4173
7109.91  81.9804
7110.95  83.6005
7111.99  81.6042
7113.03  79.2995
7114.07  84.9727
7115.11  77.4662
7116.15  60.9944
7117.19  59.7967
7118.23  63.7488
7119.27  71.1532
7120.31  89.6921
7121.35  101.058
7122.39  82.5292
7123.43  85.2043
7124.47  95.5214
7125.51  97.6283
7126.55  87.1434
7127.59  66.6291
7128.63  59.1385
7129.67  64.7053
7130.71  87.6184
7131.75  103.271
7132.79  104.657
7133.83  67.3153
7134.87  65.4176
7135.91  80.9576
7136.95  71.3285
7137.99  78.4683
7139.03  104.427
7140.07  96.0009
7141.11  83.9364
7142.15  80.8016
7143.19  80.5332
7144.23  79.5332
7145.27  67.5447
7146.31  73.4217
7147.35  89.9608
7148.39  92.2677
7149.43  85.979
7150.47  71.6375
7151.51  73.5566
7152.55  76.639
7153.59  69.8156
7154.63  78.2996
7155.67  91.2528
7156.71  96.4646
7157.75  93.3079
7158.79  84.3856
7159.83  84.1801
7160.87  88.0133
7161.91  95.68
7162.95  92.8814
7163.99  89.205
7165.03  92.0268
7166.07  93.9058
7167.11  95.597
7168.15  96.0596
7169.19  104.928
7170.23  95.4407
7171.27  80.2194
7172.31  94.2075
7173.35  85.7872
7174.39  51.9145
7175.43  62.96
7176.47  88.0924
7177.51  83.1628
7178.55  84.6951
7179.59  96.27
7180.63  96.2906
7181.67  90.1094
7182.71  75.0864
7183.75  78.6538
7184.79  85.986
7185.83  79.2219
7186.87  81.6735
7187.91  90.2882
7188.95  93.6157
7189.99  94.834
7191.03  94.0886
7192.07  82.9883
7193.11  70.6602
7194.15  59.2773
7195.19  72.0585
7196.23  93.3625
7197.27  103.353
7198.31  96.8825
7199.35  79.3253
7200.39  83.6489
7201.43  90.1758
7202.47  94.4466
7203.51  92.5609
7204.55  88.6037
7205.59  85.9287
7206.63  78.5482
7207.67  72.2716
7208.71  82.1881
7209.75  89.8582
7210.79  92.3981
7211.83  77.7661
7212.87  67.9747
7213.91  72.9488
7214.95  88.3077
7215.99  100.778
7217.03  90.8608
7218.07  81.659
7219.11  74.9279
7220.15  81.9262
7221.19  82.2118
7222.23  73.9581
7223.27  94.3263
7224.31  104.772
7225.35  78.2009
7226.39  74.3225
7227.43  78.1813
7228.47  82.825
7229.51  79.0055
7230.55  71.6654
7231.59  83.4114
7232.63  95.5238
7233.67  103.97
7234.71  96.0093
7235.75  81.6691
7236.79  62.4125
7237.83  63.6982
7238.87  73.4707
7239.91  74.6914
7240.95  78.6674
7241.99  86.6368
7243.03  113.246
7244.07  110.503
7245.11  55.73
7246.15  61.7207
7247.19  78.7844
7248.23  74.0273
7249.27  77.1109
7250.31  81.5762
7251.35  73.481
7252.39  72.5058
7253.43  78.617
7254.47  65.1776
7255.51  59.7498
7256.55  76.1518
7257.59  89.7541
7258.63  97.3383
7259.67  85.8427
7260.71  84.4261
7261.75  88.1277
7262.79  81.8762
7263.83  83.2229
7264.87  93.5911
7265.91  73.0117
7266.95  63.2057
7267.99  97.7387
7269.03  89.1733
7270.07  69.5775
7271.11  67.4081
7272.15  78.4734
7273.19  96.4155
7274.23  93.8735
7275.27  82.1114
7276.31  62.3008
7277.35  99.8688
7278.39  133.138
7279.43  112.224
7280.47  110.164
7281.51  110.212
7282.55  89.461
7283.59  85.0057
7284.63  95.9093
7285.67  103.165
7286.71  97.8646
7287.75  71.9522
7288.79  79.7884
7289.83  90.2914
7290.87  75.961
7291.91  74.251
7292.95  82.0988
7293.99  102.944
7295.03  112.078
7296.07  109.026
7297.11  134.158
7298.15  143.852
7299.19  113.446
7300.23  100.089
7301.27  92.4458
7302.31  89.1658
7303.35  79.5161
7304.39  70.584
7305.43  91.4747
7306.47  100.38
7307.51  90.1948
7308.55  84.4408
7309.59  80.3512
7310.63  78.2811
7311.67  81.5518
7312.71  87.0393
7313.75  88.9315
7314.79  99.2924
7315.83  112.785
7316.87  91.2124
7317.91  107.176
7318.95  183.615
7319.99  149.838
7321.03  102.73
7322.07  105.968
7323.11  93.2853
7324.15  79.1444
7325.19  82.0306
7326.23  89.4513
7327.27  99.1574
7328.31  100.964
7329.35  103.941
7330.39  110.38
7331.43  134.837
7332.47  151.127
7333.51  131.431
7334.55  95.1625
7335.59  58.0368
7336.63  70.8057
7337.67  79.5685
7338.71  79.0303
7339.75  87.706
7340.79  100.676
7341.83  121.747
7342.87  104.889
7343.91  78.9692
7344.95  68.2632
7345.99  88.2925
7347.03  119.047
7348.07  81.9065
7349.11  56.6874
7350.15  58.0214
7351.19  70.2188
7352.23  81.5171
7353.27  79.852
7354.31  85.323
7355.35  91.4551
7356.39  90.3151
7357.43  95.1469
7358.47  103.554
7359.51  101.252
7360.55  95.1149
7361.59  86.218
7362.63  91.3684
7363.67  93.7076
7364.71  75.1528
7365.75  77.6137
7366.79  91.5931
7367.83  111.627
7368.87  114.396
7369.91  99.3166
7370.95  70.4872
7371.99  62.8028
7373.03  97.8117
7374.07  88.5359
7375.11  74.0667
7376.15  86.1056
7377.19  88.5325
7378.23  85.6196
7379.27  84.2042
7380.31  81.8999
7381.35  78.7945
7382.39  78.1393
7383.43  79.1949
7384.47  81.6623
7385.51  89.0519
7386.55  93.409
7387.59  78.2163
7388.63  83.5579
7389.67  103.167
7390.71  122.718
7391.75  115.007
7392.79  74.1338
7393.83  80.0869
7394.87  91.238
7395.91  85.2655
7396.95  84.4918
7397.99  87.8252
7399.03  99.6138
7400.07  110.803
7401.11  117.543
7402.15  99.5914
7403.19  77.5707
7404.23  56.3406
7405.27  59.0505
7406.31  76.0435
7407.35  111.295
7408.39  113.265
7409.43  100.049
7410.47  98.9366
7411.51  102.995
7412.55  109.911
7413.59  101.289
7414.63  92.0587
7415.67  87.3516
7416.71  89.6624
7417.75  88.2728
7418.79  64.4891
7419.83  65.4966
7420.87  80.0997
7421.91  82.1758
7422.95  88.1252
7423.99  98.8229
7425.03  96.8291
7426.07  92.0924
7427.11  89.0948
7428.15  79.783
7429.19  73.799
7430.23  86.9642
7431.27  94.638
7432.31  97.8228
7433.35  102.24
7434.39  98.7441
7435.43  85.1832
7436.47  76.3422
7437.51  74.1438
7438.55  84.4612
7439.59  91.9416
7440.63  98.3907
7441.67  102.819
7442.71  109.547
7443.75  115.206
7444.79  94.4695
7445.83  81.713
7446.87  88.5103
7447.91  90.1665
7448.95  92.5625
7449.99  97.9089
7451.03  105.3
7452.07  110.243
7453.11  98.7635
7454.15  90.4531
7455.19  87.9579
7456.23  96.9357
7457.27  107.134
7458.31  114.75
7459.35  114.606
7460.39  109.411
7461.43  98.2067
7462.47  95.7832
7463.51  99.4484
7464.55  104.754
7465.59  106.868
7466.63  104.954
7467.67  104.089
7468.71  102.702
7469.75  99.3379
7470.79  104.207
7471.83  107.275
7472.87  86.7417
7473.91  104.411
7474.95  142.276
7475.99  117.442
7477.03  101.743
7478.07  110.611
7479.11  105.567
7480.15  98.2416
7481.19  89.8747
7482.23  98.6683
7483.27  114.009
7484.31  125.012
7485.35  114.144
7486.39  88.2141
7487.43  98.4462
7488.47  107.661
7489.51  104.857
7490.55  107.241
7491.59  111.245
7492.63  119.169
7493.67  108.147
7494.71  90.729
7495.75  95.0765
7496.79  97.5942
7497.83  96.5028
7498.87  97.2948
7499.91  98.2803
7500.95  100.297
7501.99  89.8292
7503.03  79.7137
7504.07  84.012
7505.11  92.3567
7506.15  102.496
7507.19  105.539
7508.23  110.878
7509.27  119.287
7510.31  108.564
7511.35  104.671
7512.39  129.554
7513.43  121.933
7514.47  105.894
7515.51  102.097
7516.55  114.802
7517.59  134.282
7518.63  116.617
7519.67  92.0769
7520.71  66.6855
7521.75  82.3285
7522.79  104.616
7523.83  112.164
7524.87  112.025
7525.91  112.468
7526.95  139.834
7527.99  135.009
7529.03  102.056
7530.07  89.9054
7531.11  89.1746
7532.15  101.105
7533.19  109.854
7534.23  110.903
7535.27  89.5624
7536.31  92.2632
7537.35  105.29
7538.39  100.887
7539.43  101.087
7540.47  107.542
7541.51  115.386
7542.55  121.152
7543.59  123.123
7544.63  113.746
7545.67  101.129
7546.71  90.9202
7547.75  97.5282
7548.79  113.331
7549.83  115.358
7550.87  112.106
7551.91  104.623
7552.95  98.9586
7553.99  98.5365
7555.03  108.335
7556.07  117.784
7557.11  122.217
7558.15  107.628
7559.19  97.5295
7560.23  92.9657
7561.27  98.551
7562.31  98.5656
7563.35  88.2429
7564.39  86.8955
7565.43  90.3568
7566.47  102.009
7567.51  94.7635
7568.55  80.8797
7569.59  75.8637
7570.63  85.3442
7571.67  108.161
7572.71  138.933
7573.75  149.052
7574.79  122.758
7575.83  108.095
7576.87  109.996
7577.91  153.386
7578.95  169.09
7579.99  166.891
7581.03  160.369
7582.07  141.163
7583.11  111.904
7584.15  111.364
7585.19  119.074
7586.23  130.585
7587.27  124.168
7588.31  116.862
7589.35  126.155
7590.39  144.063
7591.43  167.275
7592.47  177.645
7593.51  210.137
7594.55  272.055
7595.59  369.915
7596.63  456.964
7597.67  504.166
7598.71  508.525
7599.75  468.052
7600.79  358.259
7601.83  268.87
7602.87  198.65
7603.91  118.342
7604.95  78.8819
7605.99  96.9721
7607.03  99.5694
7608.07  99.3771
7609.11  95.4168
7610.15  95.3753
7611.19  94.9543
7612.23  79.0606
7613.27  92.7894
7614.31  132.385
7615.35  134.521
7616.39  152.218
7617.43  207.23
7618.47  246.188
7619.51  269.318
7620.55  259.77
7621.59  265.874
7622.63  276.18
7623.67  273.974
7624.71  228.592
7625.75  142.897
7626.79  132.781
7627.83  137.235
7628.87  133.257
7629.91  145.767
7630.95  149.522
7631.99  101.14
7633.03  83.0669
7634.07  90.0673
7635.11  113.307
7636.15  125.582
7637.19  120.27
7638.23  130.14
7639.27  139.921
7640.31  145.686
7641.35  127.663
7642.39  106.16
7643.43  114.014
7644.47  124.079
7645.51  132.209
7646.55  117.593
7647.59  108.007
7648.63  111.774
7649.67  113.63
7650.71  110.938
7651.75  90.9327
7652.79  111.692
7653.83  137.861
7654.87  84.6851
7655.91  89.787
7656.95  149.431
7657.99  128.151
7659.03  107.402
7660.07  115.698
7661.11  99.3007
7662.15  83.8408
7663.19  93.4348
7664.23  98.2009
7665.27  100.844
7666.31  105.578
7667.35  109.958
7668.39  113.289
7669.43  106.584
7670.47  101.565
7671.51  106.021
7672.55  101.014
7673.59  98.046
7674.63  114.617
7675.67  116.714
7676.71  108.584
7677.75  108.24
7678.79  96.6977
7679.83  70.6077
7680.87  87.734
7681.91  111.483
7682.95  124.56
7683.99  117.706
7685.03  104.587
7686.07  106.75
7687.11  112.579
7688.15  120.666
7689.19  130.199
7690.23  126.123
7691.27  101.016
7692.31  111.207
7693.35  117.079
7694.39  77.3846
7695.43  83.8523
7696.47  112.221
7697.51  129.08
7698.55  133.584
7699.59  126.83
7700.63  125.727
7701.67  123.248
7702.71  117.092
7703.75  113.027
7704.79  110.744
7705.83  111.595
7706.87  109.614
7707.91  107.664
7708.95  113.003
7709.99  123.347
7711.03  137.493
7712.07  135.46
7713.11  143.598
7714.15  189.725
7715.19  153.968
7716.23  107.892
7717.27  144.723
7718.31  143.104
7719.35  119.341
7720.39  146.876
7721.43  169.372
7722.47  175.149
7723.51  120.273
7724.55  79.0061
7725.59  119.865
7726.63  113.924
7727.67  96.2673
7728.71  104.715
7729.75  111.983
7730.79  116.806
7731.83  120.029
7732.87  115.21
7733.91  99.0294
7734.95  84.558
7735.99  78.3041
7737.03  91.4228
7738.07  109.621
7739.11  124.755
7740.15  109.345
7741.19  101.741
7742.23  104.549
7743.27  101.341
7744.31  98.0595
7745.35  94.5068
7746.39  117.34
7747.43  131.409
7748.47  87.4327
7749.51  65.7406
7750.55  65.7119
7751.59  108.846
7752.63  117.363
7753.67  81.7263
7754.71  117.751
7755.75  146.71
7756.79  124.901
7757.83  108.663
7758.87  101.341
7759.91  130.211
7760.95  131.904
7761.99  113.16
7763.03  105.618
7764.07  99.0935
7765.11  92.4281
7766.15  102.944
7767.19  114.898
7768.23  116.775
7769.27  117.851
7770.31  124.379
7771.35  158.797
7772.39  170.901
7773.43  164.054
7774.47  182.53
7775.51  196.416
7776.55  198.087
7777.59  176.409
7778.63  153.143
7779.67  152.299
7780.71  136.005
7781.75  119.191
7782.79  138.427
7783.83  148.164
7784.87  144.41
7785.91  138.313
7786.95  136.156
7787.99  143.687
7789.03  142.542
7790.07  144.662
7791.11  165.537
7792.15  178.615
7793.19  182.024
7794.23  159.632
7795.27  158.505
7796.31  183.977
7797.35  116.977
7798.39  81.7966
7799.43  177.932
7800.47  166.94
7801.51  126.576
7802.55  129.327
7803.59  110.619
7804.63  83.5202
7805.67  122.843
7806.71  145.631
7807.75  130.448
7808.79  125.754
7809.83  124.935
7810.87  127.647
7811.91  145.32
7812.95  161.26
7813.99  139.955
7815.03  114.356
7816.07  90.9304
7817.11  103.229
7818.15  113.83
7819.19  107.715
7820.23  137.065
7821.27  149.002
7822.31  74.2146
7823.35  66.4519
7824.39  87.4908
7825.43  52.9681
7826.47  61.3533
7827.51  116.938
7828.55  133.082
7829.59  127.894
7830.63  95.5182
7831.67  99.3959
7832.71  113.344
7833.75  118.989
7834.79  112.868
7835.83  102.91
7836.87  119.051
7837.91  129.396
7838.95  128.053
7839.99  109.498
7841.03  98.4305
7842.07  122.139
7843.11  91.9044
7844.15  65.6312
7845.19  142.429
7846.23  150.003
7847.27  104.439
7848.31  102.12
7849.35  116.694
7850.39  146.909
7851.43  142.546
7852.47  115.67
7853.51  49.2731
7854.55  65.6691
7855.59  112.418
7856.63  104.645
7857.67  102.672
7858.71  109.866
7859.75  123.464
7860.79  134.582
7861.83  138.731
7862.87  155.314
7863.91  155.665
7864.95  92.4325
7865.99  92.3028
7867.03  123.532
7868.07  120.11
7869.11  121.055
7870.15  127.618
7871.19  96.7076
7872.23  76.1921
7873.27  91.5697
7874.31  115.359
7875.35  129.569
7876.39  89.8408
7877.43  92.7425
7878.47  120.84
7879.51  109.337
7880.55  120.599
7881.59  164.63
7882.63  154.008
7883.67  132.399
7884.71  119.587
7885.75  108.525
7886.79  101.074
7887.83  103.67
7888.87  91.6763
7889.91  75.9076
7890.95  126.964
7891.99  161.146
7893.03  153.539
7894.07  159.225
7895.11  157.71
7896.15  133.752
7897.19  114.637
7898.23  102.48
7899.27  114.297
7900.31  109.594
7901.35  89.4786
7902.39  93.9454
7903.43  103.176
7904.47  112.899
7905.51  108.836
7906.55  98.6925
7907.59  84.4258
7908.63  85.8605
7909.67  96.0068
7910.71  94.489
7911.75  111.785
7912.79  149.572
7913.83  173.676
7914.87  166.912
7915.91  102.103
7916.95  92.8483
7917.99  101.372
7919.03  97.0048
7920.07  112.073
7921.11  140.282
7922.15  171.926
7923.19  147.595
7924.23  54.1229
7925.27  103.651
7926.31  149.108
7927.35  85.0679
7928.39  104.343
7929.43  142.197
7930.47  122.35
7931.51  106.87
7932.55  95.0624
7933.59  61.5463
7934.63  56.5209
7935.67  98.969
7936.71  112.459
7937.75  115.492
7938.79  112.504
7939.83  105.665
7940.87  96.4467
7941.91  85.7676
7942.95  89.546
7943.99  105.942
7945.03  101.13
7946.07  99.6696
7947.11  112.487
7948.15  108.105
7949.19  96.1514
7950.23  74.3398
7951.27  86.1145
7952.31  115.611
7953.35  121.819
7954.39  127.571
7955.43  135.242
7956.47  144.738
7957.51  142.614
7958.55  114.212
7959.59  108.175
7960.63  117.669
7961.67  162.084
7962.71  135.66
7963.75  78.0866
7964.79  101.081
7965.83  125.174
7966.87  120.85
7967.91  109.065
7968.95  100.443
7969.99  93.6398
7971.03  90.4728
7972.07  97.5654
7973.11  97.8501
7974.15  92.3618
7975.19  91.168
7976.23  93.7094
7977.27  100.628
7978.31  107.879
7979.35  116.896
7980.39  128.387
7981.43  147.301
7982.47  156.53
7983.51  98.0623
7984.55  85.8788
7985.59  122.757
7986.63  114.641
7987.67  105.135
7988.71  106.478
7989.75  124.129
7990.79  139.598
7991.83  134.396
7992.87  97.7736
7993.91  55.5662
7994.95  94.8234
7995.99  135.126
7997.03  163.118
7998.07  160.58
7999.11  154.131
8000.15  161.952
8001.19  150.106
8002.23  126.752
8003.27  89.1663
8004.31  73.4026
8005.35  82.6001
8006.39  138.994
8007.43  184.36
8008.47  203.019
8009.51  211.823
8010.55  205.095
8011.59  171.
8012.63  168.021
8013.67  171.047
8014.71  141.597
8015.75  119.991
8016.79  110.071
8017.83  131.542
8018.87  132.
8019.91  88.771
8020.95  78.8617
8021.99  83.0794
8023.03  98.699
8024.07  108.838
8025.11  112.55
8026.15  95.1717
8027.19  104.494
8028.23  138.403
8029.27  99.2782
8030.31  88.6561
8031.35  165.223
8032.39  149.061
8033.43  109.788
8034.47  97.5641
8035.51  97.7343
8036.55  105.286
8037.59  103.631
8038.63  100.246
8039.67  96.2634
8040.71  102.005
8041.75  105.946
8042.79  98.3117
8043.83  107.01
8044.87  118.097
8045.91  118.776
8046.95  98.5908
8047.99  69.6722
8049.03  94.353
8050.07  110.222
8051.11  102.065
8052.15  95.0521
8053.19  99.1113
8054.23  135.673
8055.27  139.616
8056.31  127.076
8057.35  109.965
8058.39  107.159
8059.43  115.44
8060.47  102.891
8061.51  79.5709
8062.55  41.0461
8063.59  99.0181
8064.63  165.728
8065.67  163.721
8066.71  161.108
8067.75  150.011
8068.79  110.742
8069.83  97.3121
8070.87  112.678
8071.91  109.802
8072.95  98.3715
8073.99  74.8503
8075.03  76.6732
8076.07  88.63
8077.11  102.73
8078.15  104.52
8079.19  98.7762
8080.23  97.0025
8081.27  109.625
8082.31  137.655
8083.35  119.819
8084.39  98.1506
8085.43  95.1245
8086.47  90.1312
8087.51  92.8409
8088.55  125.502
8089.59  125.55
8090.63  101.835
8091.67  105.484
8092.71  104.05
8093.75  89.9305
8094.79  90.8199
8095.83  96.6006
8096.87  102.298
8097.91  112.842
8098.95  122.905
8099.99  121.601
8101.03  116.918
8102.07  109.779
8103.11  102.678
8104.15  92.5619
8105.19  75.8734
8106.23  94.7234
8107.27  122.842
8108.31  144.391
8109.35  140.197
8110.39  121.002
8111.43  107.125
8112.47  106.853
8113.51  120.079
8114.55  119.332
8115.59  113.286
8116.63  100.537
8117.67  109.626
8118.71  125.512
8119.75  138.22
8120.79  130.431
8121.83  111.028
8122.87  112.147
8123.91  112.913
8124.95  110.148
8125.99  122.841
8127.03  125.973
8128.07  92.6036
8129.11  105.31
8130.15  127.284
8131.19  109.148
8132.23  111.715
8133.27  129.917
8134.31  129.227
8135.35  123.334
8136.39  114.178
8137.43  122.901
8138.47  123.055
8139.51  81.7635
8140.55  85.7834
8141.59  108.292
8142.63  106.774
8143.67  120.146
8144.71  145.724
8145.75  138.878
8146.79  125.593
8147.83  111.822
8148.87  122.706
8149.91  129.28
8150.95  93.9274
8151.99  88.5477
8153.03  100.647
8154.07  107.356
8155.11  115.925
8156.15  125.726
8157.19  122.711
8158.23  113.681
8159.27  99.7123
8160.31  88.7092
8161.35  85.4345
8162.39  107.522
8163.43  101.011
8164.47  77.8336
8165.51  78.1956
8166.55  97.4341
8167.59  135.249
8168.63  117.486
8169.67  91.9863
8170.71  82.9525
8171.75  85.4689
8172.79  96.2439
8173.83  117.13
8174.87  109.856
8175.91  82.1215
8176.95  82.4223
8177.99  98.4627
8179.03  130.986
8180.07  132.34
8181.11  118.747
8182.15  90.7631
8183.19  80.9388
8184.23  85.0383
8185.27  107.09
8186.31  121.175
8187.35  124.431
8188.39  111.644
8189.43  109.406
8190.47  135.015
8191.51  115.522
8192.55  89.8434
8193.59  89.7312
8194.63  102.333
8195.67  117.794
8196.71  103.012
8197.75  88.701
8198.79  79.7204
8199.83  83.458
8200.87  92.3816
8201.91  106.015
8202.95  103.383
8203.99  93.0267
8205.03  76.1282
8206.07  84.4378
8207.11  109.854
8208.15  123.965
8209.19  123.668
8210.23  106.799
8211.27  111.137
8212.31  115.668
8213.35  107.091
8214.39  104.484
8215.43  104.706
8216.47  107.28
8217.51  106.856
8218.55  105.374
8219.59  120.552
8220.63  124.912
8221.67  108.063
8222.71  108.332
8223.75  111.285
8224.79  111.147
8225.83  98.3616
8226.87  83.5506
8227.91  90.3874
8228.95  105.228
8229.99  124.297
8231.03  124.29
8232.07  116.006
8233.11  99.7553
8234.15  108.132
8235.19  116.293
8236.23  92.2511
8237.27  99.4346
8238.31  123.774
8239.35  134.741
8240.39  125.839
8241.43  96.5962
8242.47  92.7231
8243.51  98.2276
8244.55  112.433
8245.59  104.952
8246.63  96.5822
8247.67  116.118
8248.71  123.699
8249.75  123.281
8250.79  139.725
8251.83  137.66
8252.87  108.173
8253.91  92.2107
8254.95  95.0089
8255.99  139.932
8257.03  137.684
8258.07  118.028
8259.11  115.246
8260.15  113.157
8261.19  111.682
8262.23  115.01
8263.27  115.233
8264.31  108.853
8265.35  107.112
8266.39  108.612
8267.43  116.439
8268.47  112.9
8269.51  103.582
8270.55  96.5077
8271.59  93.7374
8272.63  95.4589
8273.67  101.908
8274.71  101.668
8275.75  86.6619
8276.79  75.6124
8277.83  73.2866
8278.87  91.1637
8279.91  116.089
8280.95  144.795
8281.99  171.023
8283.03  174.876
8284.07  152.627
8285.11  115.083
8286.15  104.931
8287.19  171.442
8288.23  157.637
8289.27  131.874
8290.31  188.34
8291.35  142.482
8292.39  36.5396
8293.43  73.7529
8294.47  130.03
8295.51  180.556
8296.55  165.984
8297.59  133.466
8298.63  114.481
8299.67  64.6674
8300.71  24.1995
8301.75  80.2101
8302.79  118.721
8303.83  131.308
8304.87  105.812
8305.91  91.336
8306.95  108.283
8307.99  120.784
8309.03  122.693
8310.07  90.9762
8311.11  95.9065
8312.15  118.573
8313.19  124.028
8314.23  127.927
8315.27  131.159
8316.31  125.404
8317.35  120.716
8318.39  124.811
8319.43  97.6361
8320.47  78.7053
8321.51  128.862
8322.55  124.581
8323.59  90.6526
8324.63  100.262
8325.67  110.386
8326.71  114.599
8327.75  105.519
8328.79  95.5363
8329.83  89.1838
8330.87  103.269
8331.91  123.58
8332.95  133.349
8333.99  132.484
8335.03  123.587
8336.07  116.254
8337.11  115.065
8338.15  122.566
8339.19  120.007
8340.23  118.689
8341.27  130.195
8342.31  121.135
8343.35  108.813
8344.39  132.299
8345.43  116.22
8346.47  68.1146
8347.51  85.3539
8348.55  100.307
8349.59  90.2644
8350.63  92.7774
8351.67  102.08
8352.71  119.27
8353.75  140.78
8354.79  153.971
8355.83  105.7
8356.87  108.189
8357.91  167.293
8358.95  163.521
8359.99  135.953
8361.03  83.5154
8362.07  102.136
8363.11  133.848
8364.15  112.285
8365.19  126.264
8366.23  155.775
8367.27  123.236
8368.31  116.012
8369.35  149.412
8370.39  151.994
8371.43  148.442
8372.47  149.445
8373.51  140.198
8374.55  125.265
8375.59  104.151
8376.63  105.462
8377.67  122.847
8378.71  119.233
8379.75  116.634
8380.79  120.188
8381.83  112.29
8382.87  114.104
8383.91  145.143
8384.95  189.476
8385.99  224.572
8387.03  195.046
8388.07  146.688
8389.11  90.831
8390.15  91.7664
8391.19  102.157
8392.23  106.849
8393.27  116.964
8394.31  126.085
8395.35  130.431
8396.39  121.219
8397.43  105.522
8398.47  98.9872
8399.51  109.273
8400.55  133.783
8401.59  111.697
8402.63  78.5704
8403.67  40.4932
8404.71  54.4147
8405.75  93.402
8406.79  150.521
8407.83  141.955
8408.87  92.5519
8409.91  91.2189
8410.95  95.4675
8411.99  99.1062
8413.03  107.843
8414.07  114.639
8415.11  107.577
8416.15  140.539
8417.19  176.541
8418.23  156.132
8419.27  146.999
8420.31  150.773
8421.35  173.256
8422.39  166.52
8423.43  111.586
8424.47  104.36
8425.51  105.377
8426.55  89.8407
8427.59  88.1875
8428.63  97.3796
8429.67  124.656
8430.71  125.961
8431.75  105.596
8432.79  141.606
8433.83  171.429
8434.87  170.893
8435.91  174.759
8436.95  171.917
8437.99  153.364
8439.03  129.327
8440.07  106.226
8441.11  106.305
8442.15  115.215
8443.19  128.701
8444.23  106.611
8445.27  92.9701
8446.31  115.203
8447.35  118.459
8448.39  118.28
8449.43  128.418
8450.47  128.535
8451.51  120.93
8452.55  117.54
8453.59  101.125
8454.63  68.2523
8455.67  80.8705
8456.71  96.2368
8457.75  84.4688
8458.79  93.4021
8459.83  104.786
8460.87  89.9885
8461.91  90.6413
8462.95  106.092
8463.99  119.941
8465.03  149.831
8466.07  205.491
8467.11  138.144
8468.15  89.2871
8469.19  208.588
8470.23  207.523
8471.27  151.225
8472.31  126.869
8473.35  119.491
8474.39  127.193
8475.43  127.842
8476.47  133.734
8477.51  151.936
8478.55  144.359
8479.59  128.279
8480.63  109.954
8481.67  124.577
8482.71  153.126
8483.75  137.016
8484.79  131.246
8485.83  143.106
8486.87  149.872
8487.91  151.803
8488.95  145.824
8489.99  159.704
8491.03  121.081
8492.07  -124.249
8493.11  129.729
8494.15  86.441
8495.19  40.9209
8496.23  46.7238
8497.27  100.956
8498.31  150.15
8499.35  149.302
8500.39  141.581
8501.43  132.796
8502.47  145.191
8503.51  160.838
8504.55  169.25
8505.59  95.4471
8506.63  49.5971
8507.67  68.4756
8508.71  156.199
8509.75  228.156
8510.79  187.98
8511.83  143.827
8512.87  106.766
8513.91  134.118
8514.95  139.365
8515.99  117.368
8517.03  110.825
8518.07  108.703
8519.11  109.421
8520.15  112.245
8521.19  118.752
8522.23  133.228
8523.27  138.649
8524.31  139.573
8525.35  149.812
8526.39  154.149
8527.43  150.39
8528.47  140.877
8529.51  127.789
8530.55  107.07
8531.59  128.558
8532.63  152.771
8533.67  121.754
8534.71  106.111
8535.75  103.544
8536.79  101.566
8537.83  93.1455
8538.87  75.6251
8539.91  119.058
8540.95  162.381
8541.99  165.726
8543.03  141.273
8544.07  113.644
8545.11  147.179
8546.15  139.33
8547.19000000001  94.3336
8548.23  79.1104
8549.27  78.1142
8550.31  90.2685
8551.35  127.145
8552.39  155.382
8553.43  133.915
8554.47  129.603
8555.51  129.472
8556.55  107.128
8557.59  104.695
8558.63  123.637
8559.67  122.814
8560.71  122.072
8561.75  130.024
8562.79  122.099
8563.83  115.653
8564.87  134.369
8565.91  135.479
8566.95  127.323
8567.99  135.492
8569.03  138.729
8570.07  134.227
8571.11  139.934
8572.15  136.273
8573.19  104.217
8574.23  100.251
8575.27  111.661
8576.31  140.017
8577.35  146.298
8578.39  134.026
8579.43  123.05
8580.47  109.131
8581.51  91.8293
8582.55  107.402
8583.59  127.652
8584.63  135.823
8585.67  133.653
8586.71  122.38
8587.75  96.3596
8588.79  96.8171
8589.83  120.787
8590.87  127.399
8591.91  122.892
8592.95  103.933
8593.99  117.965
8595.03  133.646
8596.07  121.763
8597.11  122.089
8598.15  126.676
8599.19  120.251
8600.23  114.545
8601.27  111.611
8602.31  127.509
8603.35  136.332
8604.39  122.929
8605.43  112.183
8606.47  108.003
8607.51  127.805
8608.55  125.236
8609.59  108.806
8610.63  107.273
8611.67  102.148
8612.71  90.9136
8613.75  96.3649
8614.79  99.8365
8615.83  85.7727
8616.87  90.8826
8617.91  107.304
8618.95  135.772
8619.99  156.337
8621.03  162.028
8622.07  109.199
8623.11  78.6087
8624.15  94.8448
8625.19  98.5388
8626.23  104.955
8627.27  124.101
8628.31  120.785
8629.35  110.225
8630.39  118.047
8631.43  124.559
8632.47  125.605
8633.51  100.452
8634.55  67.4318
8635.59  27.8889
8636.63  46.2917
8637.67  86.6648
8638.71  136.282
8639.75  119.595
8640.79  71.7805
8641.83  77.7457
8642.87  77.7432
8643.91  68.9721
8644.95  120.34
8645.99  148.823
8647.03  100.724
8648.07  105.48
8649.11  126.152
8650.15  143.82
8651.19  143.568
8652.23  127.914
8653.27  93.3047
8654.31  90.8866
8655.35  131.946
8656.39  163.283
8657.43  176.45
8658.47  148.893
8659.51  145.831
8660.55000000001  141.498
8661.59  97.3488
8662.63  77.8741
8663.67  80.8914
8664.71  72.7069
8665.75  108.898
8666.79  209.874
8667.83  244.951
8668.87  276.779
8669.91  367.568
8670.95  333.001
8671.99  238.892
8673.03  173.419
8674.07  163.433
8675.11  199.621
8676.15  158.919
8677.19  133.904
8678.23  162.876
8679.27  139.619
8680.31  117.362
8681.35  145.836
8682.39  160.875
8683.43  162.743
8684.47  131.783
8685.51  122.745
8686.55  141.204
8687.59  130.52
8688.63  120.41
8689.67  124.84
8690.71  120.641
8691.75  112.286
8692.79  96.4789
8693.83  104.116
8694.87  122.537
8695.91  94.1723
8696.95  89.1926
8697.99  121.812
8699.03  85.7145
8700.07  59.3542
8701.11  98.4555
8702.15  124.537
8703.19  139.55
8704.23  121.115
8705.27  116.998
8706.31  126.774
8707.35  138.404
8708.39  140.688
8709.43  127.835
8710.47  126.487
8711.51  127.236
8712.55  123.437
8713.59  130.308
8714.63  139.697
8715.67  133.985
8716.71  129.751
8717.75  127.634
8718.79  118.219
8719.83  115.583
8720.87  128.446
8721.91  123.463
8722.95  111.248
8723.99  92.5784
8725.03  97.5581
8726.07  114.032
8727.11  107.811
8728.15  103.041
8729.19  103.868
8730.23  127.012
8731.27  138.354
8732.31  112.375
8733.35  105.041
8734.39  107.59
8735.43  122.749
8736.47  135.518
8737.51  142.798
8738.55  128.628
8739.59  113.692
8740.63  102.799
8741.67  83.3427
8742.71  80.163
8743.75  121.244
8744.79  140.743
8745.83  148.177
8746.87  142.451
8747.91  141.077
8748.95  142.584
8749.99  130.927
8751.03  117.268
8752.07  103.563
8753.11  117.41
8754.15  134.554
8755.19  134.103
8756.23  136.776
8757.27  146.646
8758.31  189.177
8759.35  194.032
8760.39  162.333
8761.43  211.746
8762.47  175.907
8763.51  -64.2489
8764.55  46.3149
8765.59  212.409
8766.63  154.251
8767.67  154.525
8768.71  182.572
8769.75  170.674
8770.79  148.539
8771.83  120.731
8772.87  124.621
8773.91  132.869
8774.95  136.643
8775.99  105.991
8777.03  77.0519
8778.07  111.326
8779.11  105.099
8780.15  83.5698
8781.19  189.172
8782.23  232.129
8783.27  164.906
8784.31  149.085
8785.35  147.132
8786.39  156.303
8787.43  144.176
8788.47  124.556
8789.51  112.375
8790.55  119.385
8791.59  140.618
8792.63  131.187
8793.67  147.336
8794.71  215.672
8795.75  169.8
8796.79  105.324
8797.83  86.3064
8798.87  115.399
8799.91  159.771
8800.95  135.015
8801.99  114.511
8803.03  104.965
8804.07  96.3854
8805.11  91.7344
8806.15  90.2507
8807.19  111.833
8808.23  133.134
8809.27  123.917
8810.31  122.805
8811.35  129.168
8812.39  150.307
8813.43  159.569
8814.47  151.19
8815.51  118.603
8816.55  94.9794
8817.59  104.94
8818.63  117.68
8819.67  130.681
8820.71  133.327
8821.75  125.611
8822.79  115.997
8823.83  163.941
8824.87  149.83
8825.91  37.7462
8826.95  42.9334
8827.99  76.2009
8829.03  93.8201
8830.07  124.991
8831.11  146.039
8832.15  95.6273
8833.19  86.8394
8834.23  117.337
8835.27  115.098
8836.31  106.751
8837.35  94.1369
8838.39  146.225
8839.43  195.047
8840.47  170.568
8841.51  163.
8842.55  158.865
8843.59  134.965
8844.63  108.38
8845.67  85.0203
8846.71  115.961
8847.75  139.921
8848.79  120.455
8849.83  151.878
8850.87  190.199
8851.91  201.153
8852.95  168.61
8853.99  111.965
8855.03  94.0371
8856.07  92.0766
8857.11  103.256
8858.15  112.3
8859.19  114.575
8860.23  99.2915
8861.27  101.69
8862.31  111.074
8863.35  122.325
8864.39  118.087
8865.43  105.892
8866.47  125.224
8867.51  151.328
8868.55  179.16
8869.59  200.224
8870.63  189.664
8871.67  108.9
8872.71  45.1578
8873.75  10.1137
8874.79  65.6164
8875.83  105.228
8876.87  119.582
8877.91  100.996
