3753.23  166.855
3754.27  169.852
3755.31  114.866
3756.35  35.1801
3757.39  55.4473
3758.43  -57.0775
3759.47  -91.3962
3760.51  83.4261
3761.55  -1.10516
3762.59  104.474
3763.63  -90.7755
3764.67  -140.831
3765.71  50.0068
3766.75  328.637
3767.79  227.391
3768.83  97.0543
3769.87  43.4005
3770.91  140.82
3771.95  121.234
3772.99  112.005
3774.03  -56.0628
3775.07  36.824
3776.11  191.342
3777.15  -31.3733
3778.19  -29.0576
3779.23  120.152
3780.27  232.088
3781.31  -43.0236
3782.35  9.62447
3783.39  177.611
3784.43  3.92252
3785.47  47.2022
3786.51  95.9536
3787.55  95.1261
3788.59  -146.108
3789.63  -224.54
3790.67  52.9233
3791.71  -74.8901
3792.75  -179.7
3793.79  86.4283
3794.83  -91.4528
3795.87  90.7315
3796.91  136.547
3797.95  -188.156
3798.99  0.599484
3800.03  97.1986
3801.07  -164.486
3802.11  -86.7466
3803.15  44.2966
3804.19  112.396
3805.23  9.98241
3806.27  -57.9556
3807.31  107.931
3808.35  -75.0475
3809.39  18.5135
3810.43  154.452
3811.47  177.44
3812.51  55.3294
3813.55  -26.1327
3814.59  -4.37962
3815.63  83.6516
3816.67  35.441
3817.71  124.485
3818.75  -43.8109
3819.79  40.1418
3820.83  33.0062
3821.87  67.4261
3822.91  75.2842
3823.95  56.3041
3824.99  -39.8593
3826.03  153.564
3827.07  52.0646
3828.11  0.241573
3829.15  23.085
3830.19  -26.8755
3831.23  59.9465
3832.27  126.012
3833.31  59.7525
3834.35  77.7439
3835.39  157.247
3836.43  205.21
3837.47  213.3
3838.51  -7.97435
3839.55  -2.5149
3840.59  -43.2756
3841.63  -1.48724
3842.67  29.8598
3843.71  76.5549
3844.75  76.6552
3845.79  96.511
3846.83  90.3893
3847.87  -24.3526
3848.91  71.8124
3849.95  7.54755
3850.99  -70.8516
3852.03  29.2106
3853.07  37.5689
3854.11  8.07765
3855.15  59.8042
3856.19  57.5465
3857.23  82.6433
3858.27  128.722
3859.31  7.31406
3860.35  42.2824
3861.39  1.93363
3862.43  -68.6432
3863.47  34.9134
3864.51  70.6423
3865.55  -76.2128
3866.59  50.5575
3867.63  -19.0157
3868.67  30.3029
3869.71  46.7595
3870.75  -42.1837
3871.79  11.3828
3872.83  40.4851
3873.87  -20.2042
3874.91  37.0019
3875.95  26.8372
3876.99  114.734
3878.03  -67.5767
3879.07  105.824
3880.11  49.7333
3881.15  108.329
3882.19  64.2831
3883.23  38.9014
3884.27  -69.6353
3885.31  -134.711
3886.35  -65.0073
3887.39  8.27371
3888.43  108.363
3889.47  -53.0006
3890.51  79.6849
3891.55  -10.3364
3892.59  52.245
3893.63  65.8133
3894.67  34.9733
3895.71  77.107
3896.75  40.2355
3897.79  35.0569
3898.83  53.8907
3899.87  11.3111
3900.91  -12.4094
3901.95  8.85949
3902.99  1.30881
3904.03  62.2627
3905.07  -20.733
3906.11  34.7989
3907.15  51.7518
3908.19  -20.9127
3909.23  -55.8095
3910.27  10.5986
3911.31  114.736
3912.35  50.6141
3913.39  -110.844
3914.43  -16.5897
3915.47  -2.65661
3916.51  -30.3997
3917.55  -29.8418
3918.59  -25.4556
3919.63  101.687
3920.67  74.6772
3921.71  20.5266
3922.75  37.9266
3923.79  -31.1758
3924.83  -68.4573
3925.87  -51.5563
3926.91  48.5057
3927.95  62.2376
3928.99  28.8429
3930.03  -16.687
3931.07  94.5207
3932.11  41.9599
3933.15  19.9991
3934.19  -12.3448
3935.23  69.7015
3936.27  37.7129
3937.31  93.8973
3938.35  54.1028
3939.39  63.0472
3940.43  19.1163
3941.47  3.65199
3942.51  -78.7511
3943.55  -29.7047
3944.59  36.0778
3945.63  51.6794
3946.67  11.4044
3947.71  -0.579763
3948.75  -53.1755
3949.79  36.4961
3950.83  7.77126
3951.87  28.612
3952.91  -70.8697
3953.95  56.5459
3954.99  62.3031
3956.03  51.6884
3957.07  56.4549
3958.11  -30.3032
3959.15  -57.5413
3960.19  56.5807
3961.23  18.5045
3962.27  88.6013
3963.31  1.80986
3964.35  107.459
3965.39  53.4357
3966.43  50.0847
3967.47  0.432682
3968.51  -3.08597
3969.55  20.8108
3970.59  77.6533
3971.63  -9.3302
3972.67  16.1163
3973.71  8.96632
3974.75  -4.6341
3975.79  -31.433
3976.83  -17.8793
3977.87  44.4726
3978.91  19.2179
3979.95  -93.603
3980.99  -140.161
3982.03  -81.7834
3983.07  -105.833
3984.11  21.5504
3985.15  -49.7829
3986.19  -55.4796
3987.23  -77.619
3988.27  -2.26337
3989.31  -45.2434
3990.35  -32.5137
3991.39  -24.198
3992.43  50.8803
3993.47  106.144
3994.51  42.7111
3995.55  -22.119
3996.59  38.7931
3997.63  48.442
3998.67  34.134
3999.71  -2.02106
4000.75  -58.8356
4001.79  0.549351
4002.83  -1.56891
4003.87  -17.1352
4004.91  84.186
4005.95  30.5777
4006.99  3.96108
4008.03  58.4987
4009.07  -23.2453
4010.11  -78.7934
4011.15  -61.4419
4012.19  -38.4427
4013.23  61.944
4014.27  -17.919
4015.31  -37.1668
4016.35  28.3338
4017.39  -44.6961
4018.43  2.25458
4019.47  15.3236
4020.51  -44.882
4021.55  -40.4281
4022.59  -23.4851
4023.63  3.09496
4024.67  -3.71448
4025.71  62.5237
4026.75  23.1547
4027.79  -71.5034
4028.83  -63.071
4029.87  35.5121
4030.91  -4.62088
4031.95  -70.1984
4032.99  -66.4996
4034.03  -8.1447
4035.07  -3.51126
4036.11  -74.3673
4037.15  -62.2497
4038.19  -60.5698
4039.23  -24.4433
4040.27  6.96217
4041.31  -31.6648
4042.35  -46.9125
4043.39  -13.0805
4044.43  15.3457
4045.47  -26.3751
4046.51  72.0715
4047.55  -83.9707
4048.59  -26.1348
4049.63  -67.0369
4050.67  -19.4784
4051.71  -88.7139
4052.75  66.0548
4053.79  14.557
4054.83  -35.9129
4055.87  68.0735
4056.91  89.2639
4057.95  0.391855
4058.99  -10.988
4060.03  14.9448
4061.07  109.333
4062.11  -93.461
4063.15  -23.2912
4064.19  -23.5942
4065.23  24.9445
4066.27  -117.693
4067.31  -8.76652
4068.35  5.35812
4069.39  -49.1916
4070.43  -18.6938
4071.47  -71.6354
4072.51  -54.1951
4073.55  -69.4169
4074.59  -84.1728
4075.63  26.4348
4076.67  -55.571
4077.71  -43.9168
4078.75  -28.8731
4079.79  5.92954
4080.83  -12.9638
4081.87  -57.104
4082.91  -62.8045
4083.95  -32.9121
4084.99  56.1669
4086.03  51.2127
4087.07  18.3816
4088.11  -5.68252
4089.15  68.1217
4090.19  13.7273
4091.23  20.859
4092.27  -34.9077
4093.31  -15.853
4094.35  -11.7216
4095.39  -49.9796
4096.43  -5.73392
4097.47  19.7149
4098.51  -32.5262
4099.55  -22.4043
4100.59  -3.63544
4101.63  -28.6542
4102.67  -11.5525
4103.71  -31.1283
4104.75  14.6156
4105.79  -19.5129
4106.83  -58.326
4107.87  -22.7624
4108.91  52.838
4109.95  46.9088
4110.99  2.93443
4112.03  15.0162
4113.07  -35.4701
4114.11  -40.6084
4115.15  68.8058
4116.19  30.1854
4117.23  32.4192
4118.27  -5.19246
4119.31  -27.028
4120.35  -38.9956
4121.39  22.5701
4122.43  23.8165
4123.47  -30.521
4124.51  -10.8497
4125.55  -16.1424
4126.59  56.0473
4127.63  -64.8984
4128.67  -33.4488
4129.71  1.68991
4130.75  22.2548
4131.79  -56.0968
4132.83  -26.4689
4133.87  -26.9879
4134.91  39.034
4135.95  17.5987
4136.99  6.71958
4138.03  -44.828
4139.07  -14.6529
4140.11  -1.00833
4141.15  65.6302
4142.19  -3.3207
4143.23  36.9416
4144.27  -10.3862
4145.31  -5.05478
4146.35  5.76544
4147.39  -19.9285
4148.43  -31.2601
4149.47  8.6903
4150.51  -23.0412
4151.55  -45.263
4152.59  -43.9438
4153.63  -25.713
4154.67  -5.08402
4155.71  -63.1636
4156.75  -34.9026
4157.79  5.92611
4158.83  -4.67017
4159.87  24.8705
4160.91  -30.9632
4161.95  41.1085
4162.99  -33.2338
4164.03  -31.7931
4165.07  -67.8812
4166.11  -41.7954
4167.15  -11.6442
4168.19  -0.779277
4169.23  4.85073
4170.27  -26.3047
4171.31  30.5255
4172.35  -27.9834
4173.39  -6.50637
4174.43  0.956802
4175.47  -19.4436
4176.51  -22.804
4177.55  0.0444617
4178.59  -84.425
4179.63  -62.6055
4180.67  16.7464
4181.71  -61.6686
4182.75  -109.672
4183.79  -35.2334
4184.83  5.11753
4185.87  34.3805
4186.91  -8.66459
4187.95  -2.4705
4188.99  84.1458
4190.03  40.2029
4191.07  21.9112
4192.11  41.3162
4193.15  22.1692
4194.19  3.52936
4195.23  62.4042
4196.27  26.6306
4197.31  -34.8162
4198.35  -24.1196
4199.39  -33.6857
4200.43  -14.5208
4201.47  -35.5612
4202.51  19.99
4203.55  -20.7327
4204.59  -27.9272
4205.63  -47.371
4206.67  -17.6031
4207.71  31.0553
4208.75  47.4146
4209.79  -10.1722
4210.83  -49.1951
4211.87  -56.771
4212.91  10.7041
4213.95  -12.82
4214.99  -5.53677
4216.03  -6.06456
4217.07  -23.7336
4218.11  -6.14544
4219.15  -8.24248
4220.19  -3.59604
4221.23  -19.0646
4222.27  -13.528
4223.31  16.4906
4224.35  6.25895
4225.39  49.9973
4226.43  -1.15945
4227.47  24.9383
4228.51  -12.7159
4229.55  -59.5948
4230.59  -3.45957
4231.63  -58.855
4232.67  -87.5688
4233.71  4.42005
4234.75  41.2714
4235.79  -28.9326
4236.83  -37.2065
4237.87  -87.5845
4238.91  -19.2655
4239.95  -77.8655
4240.99  27.6848
4242.03  -30.394
4243.07  40.957
4244.11  -7.58728
4245.15  -6.56684
4246.19  -44.2683
4247.23  -22.4335
4248.27  -8.76797
4249.31  32.0085
4250.35  58.6529
4251.39  26.1568
4252.43  10.5612
4253.47  39.7895
4254.51  -32.4912
4255.55  -60.2207
4256.59  -18.9539
4257.63  -52.1706
4258.67  -38.322
4259.71  17.5745
4260.75  29.7708
4261.79  -17.5486
4262.83  15.293
4263.87  -7.84924
4264.91  13.5555
4265.95  -6.80593
4266.99  -51.024
4268.03  -42.6627
4269.07  -40.4889
4270.11  -22.004
4271.15  40.2659
4272.19  3.61637
4273.23  -23.4355
4274.27  27.1513
4275.31  24.9232
4276.35  -1.11853
4277.39  -68.0548
4278.43  -18.1615
4279.47  6.93129
4280.51  -44.7356
4281.55  -10.645
4282.59  2.59571
4283.63  -10.2293
4284.67  21.9393
4285.71  -33.8565
4286.75  -6.06006
4287.79  -34.6188
4288.83  -27.7437
4289.87  4.95668
4290.91  18.6754
4291.95  -19.675
4292.99  -23.4601
4294.03  7.67402
4295.07  -31.114
4296.11  -4.28047
4297.15  22.8885
4298.19  19.6406
4299.23  -9.7192
4300.27  -18.5788
4301.31  -54.6904
4302.35  -16.2915
4303.39  -32.0154
4304.43  -5.08186
4305.47  58.1902
4306.51  44.5313
4307.55  14.0816
4308.59  -37.0717
4309.63  -59.2706
4310.67  -30.0477
4311.71  0.755204
4312.75  -21.5926
4313.79  33.3546
4314.83  24.1731
4315.87  3.0582
4316.91  -33.7533
4317.95  -43.8786
4318.99  -38.0978
4320.03  16.3961
4321.07  16.0513
4322.11  0.602552
4323.15  -39.5382
4324.19  -14.7292
4325.23  -39.7514
4326.27  -30.2165
4327.31  -20.393
4328.35  -16.4509
4329.39  13.4505
4330.43  -31.6485
4331.47  -8.91373
4332.51  -41.8183
4333.55  -29.2542
4334.59  -8.74286
4335.63  56.658
4336.67  -12.4277
4337.71  5.4845
4338.75  -5.19714
4339.79  -8.61881
4340.83  20.7355
4341.87  -44.8876
4342.91  -71.1023
4343.95  19.1347
4344.99  25.0575
4346.03  -21.0773
4347.07  -1.27555
4348.11  16.1639
4349.15  17.3694
4350.19  -10.9846
4351.23  7.849
4352.27  -14.392
4353.31  -75.8827
4354.35  -40.3238
4355.39  -34.6699
4356.43  -7.09251
4357.47  -31.3885
4358.51  37.3654
4359.55  -16.2259
4360.59  -26.1609
4361.63  38.9486
4362.67  -28.7078
4363.71  19.6208
4364.75  -28.5798
4365.79  -21.2071
4366.83  -5.27465
4367.87  -14.5315
4368.91  -20.1406
4369.95  8.02159
4370.99  25.0148
4372.03  -28.6862
4373.07  -27.4653
4374.11  -51.5662
4375.15  -41.1946
4376.19  -31.1158
4377.23  -16.2366
4378.27  -23.6133
4379.31  -24.3459
4380.35  -35.4446
4381.39  -16.1248
4382.43  28.2421
4383.47  35.5537
4384.51  9.23966
4385.55  -13.724
4386.59  26.7423
4387.63  0.857283
4388.67  -16.3348
4389.71  -16.5227
4390.75  -44.8618
4391.79  -62.1219
4392.83  -29.4337
4393.87  -8.69142
4394.91  -23.417
4395.95  -27.9023
4396.99  -27.6247
4398.03  -34.2866
4399.07  -30.576
4400.11  -2.47476
4401.15  -40.4765
4402.19  -42.9925
4403.23  -52.2073
4404.27  -61.7461
4405.31  10.0719
4406.35  -3.8247
4407.39  -51.2214
4408.43  7.39887
4409.47  -15.1261
4410.51  -67.035
4411.55  -62.2256
4412.59  3.51121
4413.63  -38.1625
4414.67  -4.72917
4415.71  -8.348
4416.75  -89.7664
4417.79  -58.5593
4418.83  -36.4988
4419.87  -54.3819
4420.91  -25.0621
4421.95  -7.49644
4422.99  4.14555
4424.03  -35.8876
4425.07  -88.9414
4426.11  -40.7968
4427.15  -64.2969
4428.19  3.51239
4429.23  -27.3968
4430.27  -47.0241
4431.31  -88.5971
4432.35  -30.056
4433.39  -9.32666
4434.43  -22.8579
4435.47  -40.9075
4436.51  -46.6779
4437.55  -14.8253
4438.59  -3.38944
4439.63  24.2101
4440.67  -55.8994
4441.71  -41.1493
4442.75  -49.2765
4443.79  12.5966
4444.83  15.4763
4445.87  -37.3042
4446.91  -33.2839
4447.95  -26.0324
4448.99  -36.5588
4450.03  13.6262
4451.07  -29.0153
4452.11  2.80561
4453.15  -44.0725
4454.19  -10.372
4455.23  -45.1732
4456.27  -37.99
4457.31  -6.46382
4458.35  -24.6853
4459.39  36.5329
4460.43  12.1037
4461.47  4.33478
4462.51  -61.5048
4463.55  -53.8994
4464.59  -4.53842
4465.63  -29.481
4466.67  1.64576
4467.71  1.74608
4468.75  -39.2727
4469.79  -27.2971
4470.83  -59.4667
4471.87  -10.307
4472.91  -31.4795
4473.95  -53.963
4474.99  -23.2071
4476.03  -7.08347
4477.07  -27.8891
4478.11  0.169323
4479.15  -9.93881
4480.19  24.6417
4481.23  -15.4364
4482.27  0.857533
4483.31  -12.3289
4484.35  -12.6936
4485.39  -1.16388
4486.43  -16.6578
4487.47  29.4725
4488.51  104.24
4489.55  154.683
4490.59  282.294
4491.63  302.605
4492.67  201.705
4493.71  149.236
4494.75  136.686
4495.79  26.1775
4496.83  -13.8801
4497.87  4.30466
4498.91  -52.7076
4499.95  -34.8157
4500.99  7.41072
4502.03  -29.2855
4503.07  0.469769
4504.11  -5.35451
4505.15  -36.2929
4506.19  -49.8643
4507.23  -18.8566
4508.27  18.835
4509.31  4.60431
4510.35  -20.6099
4511.39  -2.3475
4512.43  -21.3715
4513.47  3.60922
4514.51  -19.7911
4515.55  -14.4298
4516.59  -35.1068
4517.63  2.25388
4518.67  -13.7842
4519.71  -43.97
4520.75  -23.5857
4521.79  -33.0746
4522.83  -84.0289
4523.87  -21.6414
4524.91  21.2568
4525.95  -29.5796
4526.99  -78.5862
4528.03  -74.6362
4529.07  46.7612
4530.11  -9.85972
4531.15  -25.9319
4532.19  16.4759
4533.23  -8.12979
4534.27  4.0878
4535.31  -24.1021
4536.35  4.23538
4537.39  -28.6239
4538.43  6.77453
4539.47  20.349
4540.51  -6.5246
4541.55  11.045
4542.59  -0.58256
4543.63  -10.5165
4544.67  -14.7204
4545.71  -40.1635
4546.75  15.9206
4547.79  -4.18401
4548.83  16.1831
4549.87  12.4662
4550.91  0.991456
4551.95  -2.65147
4552.99  -24.5278
4554.03  5.03776
4555.07  -4.68962
4556.11  -9.96633
4557.15  -2.91554
4558.19  19.6781
4559.23  36.3603
4560.27  13.9527
4561.31  39.3986
4562.35  -48.5452
4563.39  22.4238
4564.43  -4.19665
4565.47  -14.0371
4566.51  -6.77428
4567.55  -42.9467
4568.59  -19.634
4569.63  -33.4539
4570.67  -2.99307
4571.71  14.2742
4572.75  -10.5603
4573.79  -24.3789
4574.83  -36.4326
4575.87  -54.0335
4576.91  -35.6624
4577.95  -30.3093
4578.99  -18.6852
4580.03  -36.5645
4581.07  -55.2664
4582.11  -14.2793
4583.15  -34.5228
4584.19  -19.3814
4585.23  -25.3363
4586.27  -1.30171
4587.31  2.57527
4588.35  -10.773
4589.39  -10.5796
4590.43  -20.1815
4591.47  3.33617
4592.51  19.0112
4593.55  53.7199
4594.59  15.5694
4595.63  -41.8702
4596.67  -2.72275
4597.71  -16.0622
4598.75  -21.2692
4599.79  14.5666
4600.83  29.731
4601.87  -13.3013
4602.91  9.30133
4603.95  19.1049
4604.99  -0.39729
4606.03  -23.1583
4607.07  23.4802
4608.11  -8.4716
4609.15  -40.7363
4610.19  -4.43827
4611.23  -43.1874
4612.27  -2.12156
4613.31  10.4841
4614.35  1.30339
4615.39  -34.1603
4616.43  -10.8037
4617.47  -48.7601
4618.51  -41.0824
4619.55  -65.9862
4620.59  -0.225301
4621.63  15.7594
4622.67  -1.48105
4623.71  3.96147
4624.75  -38.0968
4625.79  8.75721
4626.83  30.1371
4627.87  0.25285
4628.91  -71.0234
4629.95  9.88969
4630.99  49.7557
4632.03  -10.0571
4633.07  -1.50891
4634.11  -37.6316
4635.15  -11.0519
4636.19  -1.56704
4637.23  2.27483
4638.27  14.3458
4639.31  -40.4126
4640.35  -19.9333
4641.39  7.5497
4642.43  -36.7323
4643.47  20.8514
4644.51  1.12445
4645.55  -14.4422
4646.59  -46.0891
4647.63  -0.167569
4648.67  0.675827
4649.71  -11.748
4650.75  -26.9542
4651.79  -27.705
4652.83  6.58897
4653.87  11.5297
4654.91  7.42044
4655.95  -14.3412
4656.99  -45.6248
4658.03  8.34145
4659.07  46.6608
4660.11  36.7427
4661.15  33.6089
4662.19  24.299
4663.23  3.11899
4664.27  -18.9724
4665.31  1.75145
4666.35  3.70114
4667.39  -13.5734
4668.43  7.91176
4669.47  -11.7503
4670.51  -22.0783
4671.55  5.88981
4672.59  65.9334
4673.63  26.7209
4674.67  -13.2287
4675.71  -17.1395
4676.75  -17.0311
4677.79  -4.21106
4678.83  -43.0457
4679.87  -52.6144
4680.91  -18.5881
4681.95  5.62541
4682.99  -26.1798
4684.03  16.8062
4685.07  3.45527
4686.11  -16.3072
4687.15  -41.9284
4688.19  -33.2173
4689.23  -58.842
4690.27  -22.121
4691.31  -6.00387
4692.35  9.15998
4693.39  5.81432
4694.43  -25.2381
4695.47  -28.1336
4696.51  -16.8315
4697.55  8.62945
4698.59  35.7354
4699.63  37.9239
4700.67  -14.6758
4701.71  -20.5876
4702.75  -32.9305
4703.79  -32.9656
4704.83  20.4549
4705.87  22.3781
4706.91  26.1094
4707.95  -8.93237
4708.99  6.99229
4710.03  18.7305
4711.07  -10.0864
4712.11  27.644
4713.15  7.54452
4714.19  -15.8048
4715.23  -18.6679
4716.27  -63.6807
4717.31  5.71884
4718.35  -2.3007
4719.39  -33.2049
4720.43  18.9959
4721.47  -17.9314
4722.51  -15.289
4723.55  29.4687
4724.59  -38.5274
4725.63  -44.1743
4726.67  -10.6769
4727.71  39.3687
4728.75  3.48238
4729.79  -35.7289
4730.83  -31.2782
4731.87  -13.8303
4732.91  16.1409
4733.95  17.0784
4734.99  -28.9012
4736.03  -45.2123
4737.07  -40.2221
4738.11  -22.4841
4739.15  -82.9443
4740.19  13.0592
4741.23  15.0425
4742.27  -23.9689
4743.31  -14.6802
4744.35  -9.45103
4745.39  -0.53909
4746.43  1.8581
4747.47  21.9762
4748.51  -11.9664
4749.55  -21.5271
4750.59  -30.7052
4751.63  -31.272
4752.67  -20.9286
4753.71  -30.8817
4754.75  -20.5024
4755.79  -19.4573
4756.83  0.824195
4757.87  6.79425
4758.91  11.9875
4759.95  9.4576
4760.99  -9.17566
4762.03  -28.6472
4763.07  20.5339
4764.11  26.3156
4765.15  -12.5115
4766.19  10.0327
4767.23  -15.2106
4768.27  -15.6191
4769.31  -30.221
4770.35  -22.6599
4771.39  43.8958
4772.43  -3.9411
4773.47  -27.0872
4774.51  14.8386
4775.55  -38.5165
4776.59  19.0972
4777.63  -14.9094
4778.67  -20.4788
4779.71  -21.9792
4780.75  -16.2692
4781.79  1.70952
4782.83  -93.7525
4783.87  2.54595
4784.91  -29.2218
4785.95  -3.96732
4786.99  21.7887
4788.03  -9.65393
4789.07  -31.8678
4790.11  -45.5448
4791.15  -46.3534
4792.19  -9.30175
4793.23  -11.1182
4794.27  -14.2645
4795.31  -34.9172
4796.35  -14.3103
4797.39  -17.1687
4798.43  -4.96374
4799.47  -9.65721
4800.51  29.5332
4801.55  -18.0178
4802.59  -0.187567
4803.63  -3.7137
4804.67  -1.41696
4805.71  46.9493
4806.75  26.4747
4807.79  2.84663
4808.83  -3.63211
4809.87  -29.6444
4810.91  -10.8875
4811.95  -34.6019
4812.99  -55.5692
4814.03  -49.6841
4815.07  -45.8792
4816.11  12.322
4817.15  -17.9335
4818.19  3.90392
4819.23  21.1184
4820.27  20.5749
4821.31  28.5413
4822.35  4.48665
4823.39  -3.72453
4824.43  9.48571
4825.47  -19.3873
4826.51  -14.3349
4827.55  -0.973273
4828.59  -14.9537
4829.63  -1.38122
4830.67  -5.91984
4831.71  2.20614
4832.75  -8.98079
4833.79  -15.1025
4834.83  -0.464361
4835.87  -4.79969
4836.91  -27.9094
4837.95  -6.67503
4838.99  29.403
4840.03  43.5928
4841.07  10.1525
4842.11  2.67471
4843.15  33.9002
4844.19  1.28529
4845.23  -14.0803
4846.27  -32.2388
4847.31  -18.3533
4848.35  7.87759
4849.39  -14.2122
4850.43  7.102
4851.47  -2.29298
4852.51  20.3626
4853.55  16.8394
4854.59  24.4453
4855.63  12.316
4856.67  -44.1922
4857.71  -22.9119
4858.75  6.92736
4859.79  -3.58212
4860.83  -15.8189
4861.87  9.23164
4862.91  8.60697
4863.95  3.75079
4864.99  -19.8116
4866.03  20.6252
4867.07  -0.795728
4868.11  -19.0036
4869.15  64.5433
4870.19  52.5756
4871.23  -12.7432
4872.27  42.7606
4873.31  6.57708
4874.35  23.6984
4875.39  -3.70034
4876.43  1.53064
4877.47  -1.69565
4878.51  3.43928
4879.55  4.34533
4880.59  13.7187
4881.63  36.0559
4882.67  32.4141
4883.71  20.6001
4884.75  -3.81138
4885.79  -4.25346
4886.83  -15.6283
4887.87  -26.6367
4888.91  1.52805
4889.95  16.3417
4890.99  -10.6126
4892.03  -9.99575
4893.07  17.8828
4894.11  23.1162
4895.15  15.6214
4896.19  5.36585
4897.23  8.36588
4898.27  -4.94801
4899.31  -13.2864
4900.35  -4.60337
4901.39  8.71825
4902.43  11.4839
4903.47  2.06237
4904.51  -9.53839
4905.55  -13.05
4906.59  8.62264
4907.63  36.738
4908.67  9.02838
4909.71  -15.294
4910.75  2.61628
4911.79  -17.4912
4912.83  -4.40202
4913.87  -10.3587
4914.91  1.4822
4915.95  -6.70493
4916.99  14.7394
4918.03  -14.4632
4919.07  11.7536
4920.11  -0.265669
4921.15  -32.4416
4922.19  -36.3082
4923.23  -5.13421
4924.27  -31.0156
4925.31  -10.1154
4926.35  24.0567
4927.39  -3.73083
4928.43  18.2579
4929.47  -26.7117
4930.51  0.438808
4931.55  -17.9436
4932.59  -12.0154
4933.63  -27.5428
4934.67  -7.16503
4935.71  -25.0174
4936.75  -6.64818
4937.79  23.8985
4938.83  -8.21356
4939.87  -13.2246
4940.91  -21.1052
4941.95  -0.320688
4942.99  -4.59169
4944.03  53.738
4945.07  22.5552
4946.11  -45.6111
4947.15  -37.9265
4948.19  -12.6104
4949.23  -27.3857
4950.27  -15.1698
4951.31  -35.9263
4952.35  -12.7554
4953.39  -20.3124
4954.43  3.35643
4955.47  23.3572
4956.51  -20.8419
4957.55  -0.314409
4958.59  9.92607
4959.63  -16.0982
4960.67  -20.0897
4961.71  -4.51733
4962.75  10.8356
4963.79  10.1458
4964.83  -40.5848
4965.87  22.739
4966.91  20.2755
4967.95  -0.364495
4968.99  -11.5087
4970.03  -27.7654
4971.07  2.39598
4972.11  16.5716
4973.15  -9.35526
4974.19  -14.5209
4975.23  -15.2475
4976.27  -18.5344
4977.31  -0.91335
4978.35  -15.0682
4979.39  -8.12991
4980.43  6.55552
4981.47  -7.35499
4982.51  -31.5897
4983.55  5.36146
4984.59  11.432
4985.63  50.3966
4986.67  14.8183
4987.71  -2.88379
4988.75  3.49978
4989.79  -63.5156
4990.83  -4.81707
4991.87  -0.584256
4992.91  26.4351
4993.95  -46.1072
4994.99  -23.2465
4996.03  -20.3582
4997.07  8.57126
4998.11  11.62
4999.15  -7.44799
5000.19  -0.313335
5001.23  -1.74082
5002.27  13.459
5003.31  0.925046
5004.35  -18.1066
5005.39  15.8141
5006.43  15.273
5007.47  -0.837286
5008.51  -13.3554
5009.55  -1.98863
5010.59  -7.0466
5011.63  6.5342
5012.67  12.7412
5013.71  13.5815
5014.75  17.4075
5015.79  27.2048
5016.83  -22.6638
5017.87  -3.83332
5018.91  14.858
5019.95  16.2677
5020.99  25.3371
5022.03  12.7922
5023.07  7.96987
5024.11  11.653
5025.15  -1.51879
5026.19  -9.644
5027.23  -18.4182
5028.27  -38.9673
5029.31  -2.38311
5030.35  -0.00776534
5031.39  24.7697
5032.43  15.5809
5033.47  -32.7519
5034.51  -5.66765
5035.55  12.3981
5036.59  -10.2711
5037.63  17.8336
5038.67  4.96251
5039.71  11.4218
5040.75  16.504
5041.79  -7.14739
5042.83  17.9281
5043.87  23.0731
5044.91  -17.9949
5045.95  4.0125
5046.99  -9.31921
5048.03  -11.2337
5049.07  50.6247
5050.11  6.64421
5051.15  -2.68235
5052.19  -33.6058
5053.23  16.9932
5054.27  13.1229
5055.31  27.4343
5056.35  6.99435
5057.39  -11.7912
5058.43  31.62
5059.47  23.048
5060.51  -30.2109
5061.55  18.4232
5062.59  36.1073
5063.63  -11.6634
5064.67  1.52483
5065.71  44.9509
5066.75  9.98901
5067.79  29.7119
5068.83  8.55348
5069.87  15.6465
5070.91  -10.7558
5071.95  25.4647
5072.99  18.0255
5074.03  -10.3748
5075.07  9.79167
5076.11  0.717656
5077.15  6.07093
5078.19  9.1013
5079.23  14.542
5080.27  20.6765
5081.31  10.7165
5082.35  26.7882
5083.39  31.6703
5084.43  6.33493
5085.47  -14.4461
5086.51  -17.6632
5087.55  -12.593
5088.59  -7.73099
5089.63  -10.8154
5090.67  -0.168949
5091.71  -0.468408
5092.75  3.50878
5093.79  9.77524
5094.83  15.8699
5095.87  15.8062
5096.91  -5.01522
5097.95  -15.2201
5098.99  -30.1182
5100.03  25.8568
5101.07  5.90311
5102.11  -6.90148
5103.15  -4.02798
5104.19  30.8563
5105.23  8.22308
5106.27  1.78356
5107.31  -22.9188
5108.35  -20.269
5109.39  12.3153
5110.43  -32.4151
5111.47  -2.23061
5112.51  0.354965
5113.55  -25.4796
5114.59  7.86348
5115.63  9.33362
5116.67  -27.1152
5117.71  9.01026
5118.75  55.7989
5119.79  -14.9561
5120.83  9.84507
5121.87  15.1573
5122.91  34.8144
5123.95  -0.987592
5124.99  -3.3144
5126.03  -2.69391
5127.07  3.4964
5128.11  -28.32
5129.15  -15.331
5130.19  -18.8041
5131.23  25.7327
5132.27  -8.63258
5133.31  -14.7123
5134.35  -3.24942
5135.39  3.52283
5136.43  -16.7889
5137.47  -3.56918
5138.51  0.68871
5139.55  -18.2066
5140.59  1.52737
5141.63  -2.97184
5142.67  1.59048
5143.71  15.5741
5144.75  13.3601
5145.79  8.25824
5146.83  19.3102
5147.87  16.5357
5148.91  -36.665
5149.95  -47.7775
5150.99  2.8682
5152.03  14.8257
5153.07  -5.4157
5154.11  7.82826
5155.15  10.0086
5156.19  -10.4662
5157.23  -11.4588
5158.27  3.05759
5159.31  20.8274
5160.35  40.7788
5161.39  5.2969
5162.43  -27.0676
5163.47  37.8394
5164.51  25.145
5165.55  24.3252
5166.59  14.2782
5167.63  20.1418
5168.67  0.0688757
5169.71  14.6439
5170.75  -11.6951
5171.79  18.6996
5172.83  -23.4486
5173.87  39.342
5174.91  16.5227
5175.95  4.90706
5176.99  40.2496
5178.03  -4.72883
5179.07  -2.18397
5180.11  -5.78128
5181.15  14.6534
5182.19  -16.748
5183.23  1.21764
5184.27  13.0387
5185.31  27.65
5186.35  5.39588
5187.39  -1.50687
5188.43  22.6369
5189.47  5.25481
5190.51  11.982
5191.55  22.509
5192.59  1.24413
5193.63  -25.6528
5194.67  4.57904
5195.71  0.523072
5196.75  0.0571147
5197.79  2.25094
5198.83  -25.5315
5199.87  8.6256
5200.91  13.5709
5201.95  -12.9901
5202.99  -24.2786
5204.03  3.91316
5205.07  -0.996451
5206.11  2.50323
5207.15  -5.45076
5208.19  7.90277
5209.23  -15.2806
5210.27  -29.0083
5211.31  -4.19973
5212.35  17.2477
5213.39  29.6802
5214.43  9.65292
5215.47  3.41444
5216.51  -10.132
5217.55  -2.54182
5218.59  -13.907
5219.63  -1.18243
5220.67  32.0569
5221.71  -3.04827
5222.75  7.32851
5223.79  -29.4906
5224.83  -21.1418
5225.87  -19.8419
5226.91  -39.1622
5227.95  -26.4497
5228.99  8.76348
5230.03  24.6015
5231.07  41.8078
5232.11  33.1085
5233.15  9.49197
5234.19  2.73919
5235.23  -15.8232
5236.27  2.56902
5237.31  -13.4674
5238.35  -30.0305
5239.39  -5.94658
5240.43  -3.6219
5241.47  -23.2431
5242.51  -33.03
5243.55  8.66364
5244.59  -0.930898
5245.63  -22.3608
5246.67  12.9014
5247.71  -0.0574266
5248.75  -30.1044
5249.79  -2.25671
5250.83  8.95021
5251.87  -1.75429
5252.91  0.43519
5253.95  0.818939
5254.99  -8.82142
5256.03  -7.31032
5257.07  -11.6459
5258.11  -1.62825
5259.15  11.2968
5260.19  7.73191
5261.23  17.3423
5262.27  -1.62274
5263.31  5.50874
5264.35  28.5525
5265.39  -2.11493
5266.43  -44.8638
5267.47  -21.9497
5268.51  -28.4706
5269.55  15.9037
5270.59  -4.20956
5271.63  6.50612
5272.67  -19.6636
5273.71  -18.6089
5274.75  -20.5949
5275.79  -11.4277
5276.83  -14.5627
5277.87  15.9126
5278.91  -8.08367
5279.95  6.76026
5280.99  0.0525006
5282.03  -28.2354
5283.07  -6.73117
5284.11  -5.04779
5285.15  -0.551639
5286.19  -4.70178
5287.23  -36.2391
5288.27  -21.0676
5289.31  4.60755
5290.35  -14.5802
5291.39  -0.411131
5292.43  -12.3379
5293.47  -9.59898
5294.51  -23.5669
5295.55  -26.377
5296.59  -4.09362
5297.63  -6.79189
5298.67  -16.6409
5299.71  -15.8835
5300.75  -25.5183
5301.79  13.8268
5302.83  6.23111
5303.87  16.147
5304.91  -7.72585
5305.95  -4.21607
5306.99  -33.1257
5308.03  -22.0311
5309.07  1.58126
5310.11  5.10516
5311.15  -0.50999
5312.19  -24.9429
5313.23  -4.88212
5314.27  12.3865
5315.31  -22.5468
5316.35  -6.77575
5317.39  -3.53692
5318.43  -33.6216
5319.47  -6.68484
5320.51  9.30695
5321.55  -18.0597
5322.59  -13.5839
5323.63  59.959
5324.67  -15.8246
5325.71  -31.5097
5326.75  -25.6846
5327.79  9.12177
5328.83  -4.66078
5329.87  5.84484
5330.91  18.5555
5331.95  0.722591
5332.99  -0.254819
5334.03  1.19143
5335.07  -6.92703
5336.11  -36.4791
5337.15  15.5446
5338.19  3.06586
5339.23  -24.6832
5340.27  -21.1095
5341.31  31.5701
5342.35  0.674472
5343.39  -1.15423
5344.43  -0.29036
5345.47  -16.2004
5346.51  -11.9566
5347.55  3.33722
5348.59  -13.6365
5349.63  -6.57179
5350.67  9.08619
5351.71  0.18751
5352.75  -5.30116
5353.79  1.11516
5354.83  -11.0964
5355.87  -6.06639
5356.91  -9.44361
5357.95  24.0177
5358.99  12.6149
5360.03  -30.5074
5361.07  0.837093
5362.11  -3.98456
5363.15  -5.58364
5364.19  -3.83188
5365.23  31.4729
5366.27  -32.4212
5367.31  -22.6822
5368.35  4.82466
5369.39  -35.4898
5370.43  -2.44249
5371.47  11.655
5372.51  -10.3928
5373.55  26.2719
5374.59  -24.2669
5375.63  -19.7794
5376.67  -13.6389
5377.71  3.51209
5378.75  10.604
5379.79  -21.6144
5380.83  22.1453
5381.87  10.8587
5382.91  -16.2796
5383.95  -9.45382
5384.99  -4.32163
5386.03  2.87043
5387.07  -3.82952
5388.11  0.688604
5389.15  -9.94222
5390.19  0.00369492
5391.23  -13.5278
5392.27  1.3276
5393.31  8.74083
5394.35  2.58672
5395.39  14.9006
5396.43  -9.28083
5397.47  5.5997
5398.51  9.76855
5399.55  -12.7558
5400.59  -19.1439
5401.63  11.7759
5402.67  -12.4228
5403.71  -5.82156
5404.75  2.14047
5405.79  15.0233
5406.83  8.96429
5407.87  -20.8654
5408.91  -12.4703
5409.95  0.476276
5410.99  -5.07691
5412.03  3.82652
5413.07  -12.5762
5414.11  2.20345
5415.15  -18.4005
5416.19  19.6105
5417.23  3.30411
5418.27  22.1713
5419.31  -0.0378897
5420.35  -7.44158
5421.39  10.2545
5422.43  14.0296
5423.47  46.091
5424.51  44.9654
5425.55  31.3682
5426.59  -19.7493
5427.63  -6.16308
5428.67  31.9487
5429.71  5.00506
5430.75  -25.1106
5431.79  -3.26973
5432.83  10.5739
5433.87  -0.443468
5434.91  -3.60113
5435.95  -8.50834
5436.99  -27.199
5438.03  -26.1331
5439.07  2.65665
5440.11  2.88335
5441.15  -14.0527
5442.19  3.70847
5443.23  -3.45555
5444.27  -41.0556
5445.31  -6.59594
5446.35  0.903598
5447.39  -4.53539
5448.43  -7.18507
5449.47  26.4162
5450.51  -13.6621
5451.55  22.3298
5452.59  -14.5205
5453.63  0.556139
5454.67  -40.6901
5455.71  -13.9371
5456.75  12.093
5457.79  20.2072
5458.83  -26.2763
5459.87  -31.7172
5460.91  20.5521
5461.95  -17.7261
5462.99  -20.7225
5464.03  8.77834
5465.07  7.38486
5466.11  8.25223
5467.15  -16.206
5468.19  2.429
5469.23  27.9553
5470.27  26.876
5471.31  6.30461
5472.35  -13.3876
5473.39  5.7914
5474.43  27.4603
5475.47  31.3135
5476.51  19.7673
5477.55  42.5408
5478.59  20.8362
5479.63  -18.7726
5480.67  1.19069
5481.71  7.46223
5482.75  2.06817
5483.79  10.0648
5484.83  -3.99688
5485.87  -12.2905
5486.91  26.9114
5487.95  18.6061
5488.99  -11.0221
5490.03  -17.619
5491.07  1.8469
5492.11  -18.6494
5493.15  13.7899
5494.19  -18.4587
5495.23  -14.1258
5496.27  4.00788
5497.31  22.3321
5498.35  8.81668
5499.39  -20.7339
5500.43  -44.456
5501.47  -14.6675
5502.51  0.220521
5503.55  -7.77802
5504.59  -16.3757
5505.63  -23.2344
5506.67  10.0598
5507.71  0.0296779
5508.75  4.74195
5509.79  1.56879
5510.83  0.564303
5511.87  11.505
5512.91  12.6582
5513.95  11.5127
5514.99  6.08473
5516.03  -14.5024
5517.07  38.9996
5518.11  23.9166
5519.15  -1.08568
5520.19  -5.95706
5521.23  27.9643
5522.27  1.74774
5523.31  -1.15999
5524.35  14.4065
5525.39  -36.3145
5526.43  -24.6904
5527.47  -33.691
5528.51  18.4264
5529.55  11.5834
5530.59  20.609
5531.63  0.764628
5532.67  -13.3168
5533.71  7.77848
5534.75  4.14477
5535.79  33.7141
5536.83  -3.53156
5537.87  -7.60341
5538.91  3.27707
5539.95  -20.5987
5540.99  9.19914
5542.03  -15.9815
5543.07  4.95538
5544.11  3.45724
5545.15  -18.9109
5546.19  -0.687043
5547.23  1.08058
5548.27  -16.4515
5549.31  10.1886
5550.35  10.5256
5551.39  -11.6819
5552.43  0.0418983
5553.47  -15.7282
5554.51  6.50559
5555.55  12.1471
5556.59  15.12
5557.63  12.838
5558.67  30.6121
5559.71  5.1293
5560.75  20.0049
5561.79  21.0366
5562.83  -12.2505
5563.87  20.9341
5564.91  27.7245
5565.95  -22.5304
5566.99  1.16223
5568.03  -9.92547
5569.07  25.4654
5570.11  -28.1266
5571.15  10.913
5572.19  21.6104
5573.23  -3.58515
5574.27  0.869632
5575.31  20.964
5576.35  -29.3222
5577.39  -12.378
5578.43  -11.6325
5579.47  1.98726
5580.51  -9.86297
5581.55  -15.988
5582.59  -10.2012
5583.63  -25.9382
5584.67  -29.2619
5585.71  0.333411
5586.75  28.1061
5587.79  0.416041
5588.83  -11.4584
5589.87  -39.0068
5590.91  -26.5722
5591.95  -13.032
5592.99  -9.13344
5594.03  -9.09402
5595.07  -3.83095
5596.11  2.00622
5597.15  -35.9634
5598.19  -35.3412
5599.23  -21.0446
5600.27  -15.962
5601.31  -8.35212
5602.35  -8.11789
5603.39  -2.54455
5604.43  32.1049
5605.47  -4.07887
5606.51  -3.24548
5607.55  -16.2805
5608.59  -26.0784
5609.63  8.3851
5610.67  -12.8176
5611.71  13.8505
5612.75  19.7968
5613.79  25.2215
5614.83  9.98041
5615.87  -5.89069
5616.91  -5.43899
5617.95  -19.6514
5618.99  -12.5166
5620.03  -10.891
5621.07  7.49215
5622.11  27.1064
5623.15  47.6866
5624.19  32.4115
5625.23  13.9159
5626.27  10.1055
5627.31  -4.15715
5628.35  20.0005
5629.39  -1.57684
5630.43  -9.48732
5631.47  24.8758
5632.51  -9.05878
5633.55  6.43984
5634.59  27.3608
5635.63  10.5634
5636.67  -2.39403
5637.71  -14.3654
5638.75  0.316132
5639.79  -2.71538
5640.83  5.11471
5641.87  -26.3133
5642.91  -19.6397
5643.95  19.9746
5644.99  25.8615
5646.03  -7.63342
5647.07  19.6107
5648.11  -8.52246
5649.15  20.7879
5650.19  27.331
5651.23  14.3217
5652.27  -32.2416
5653.31  -22.8724
5654.35  6.13553
5655.39  29.3675
5656.43  -4.32023
5657.47  -5.93471
5658.51  -6.87292
5659.55  -20.7996
5660.59  -9.72479
5661.63  -5.38749
5662.67  8.43335
5663.71  -17.6183
5664.75  -11.1465
5665.79  8.71353
5666.83  2.99206
5667.87  -28.5016
5668.91  -31.2278
5669.95  3.49491
5670.99  -1.66916
5672.03  -28.2327
5673.07  -47.9615
5674.11  10.4819
5675.15  -23.0118
5676.19  -41.0915
5677.23  -14.0588
5678.27  1.94058
5679.31  -4.14374
5680.35  -13.5555
5681.39  -21.4388
5682.43  -13.0399
5683.47  -21.1008
5684.51  -7.95117
5685.55  24.3288
5686.59  37.047
5687.63  14.3617
5688.67  -38.0659
5689.71  -14.5909
5690.75  -10.7299
5691.79  -5.894
5692.83  16.8654
5693.87  -13.2659
5694.91  -17.6503
5695.95  1.64318
5696.99  -7.28438
5698.03  40.4147
5699.07  -5.85361
5700.11  -0.436221
5701.15  -24.6525
5702.19  -6.32551
5703.23  6.40861
5704.27  -16.2218
5705.31  -11.8006
5706.35  -1.74788
5707.39  5.88106
5708.43  20.6666
5709.47  -10.4929
5710.51  8.03498
5711.55  -28.2858
5712.59  -15.3068
5713.63  -8.81406
5714.67  -26.4638
5715.71  4.989
5716.75  -5.19074
5717.79  -34.111
5718.83  -17.1705
5719.87  -16.5942
5720.91  -2.41095
5721.95  19.0134
5722.99  3.2046
5724.03  8.05719
5725.07  -5.32379
5726.11  26.4994
5727.15  18.2196
5728.19  28.6841
5729.23  19.4414
5730.27  -20.5504
5731.31  -36.8068
5732.35  -4.88785
5733.39  -0.548393
5734.43  -44.7232
5735.47  -14.0453
5736.51  -0.311645
5737.55  -43.8535
5738.59  22.22
5739.63  4.55678
5740.67  -14.3536
5741.71  -43.17
5742.75  -17.6895
5743.79  -34.1562
5744.83  -24.0757
5745.87  -5.60586
5746.91  18.2072
5747.95  -24.5698
5748.99  -21.3201
5750.03  -62.6908
5751.07  -5.53067
5752.11  62.2805
5753.15  -6.31135
5754.19  -21.1383
5755.23  -14.3667
5756.27  1.35307
5757.31  7.42019
5758.35  11.2742
5759.39  -1.63255
5760.43  -7.52916
5761.47  -16.2318
5762.51  -27.877
5763.55  -20.9527
5764.59  -12.6698
5765.63  -12.4323
5766.67  -13.8565
5767.71  -20.8043
5768.75  -10.5729
5769.79  -20.9311
5770.83  -3.44817
5771.87  -0.915326
5772.91  -10.8096
5773.95  -13.3342
5774.99  9.52742
5776.03  -5.14604
5777.07  -20.23
5778.11  2.77516
5779.15  1.01201
5780.19  1.08234
5781.23  -4.6672
5782.27  -7.16976
5783.31  -0.414681
5784.35  -10.7427
5785.39  -24.2835
5786.43  -8.39581
5787.47  13.6635
5788.51  35.2616
5789.55  4.58741
5790.59  -21.124
5791.63  -13.2816
5792.67  -16.4204
5793.71  -20.6581
5794.75  -25.0027
5795.79  -7.48057
5796.83  18.6343
5797.87  7.8837
5798.91  -5.88075
5799.95  -16.5676
5800.99  -6.1877
5802.03  8.00006
5803.07  17.5399
5804.11  22.7267
5805.15  22.5237
5806.19  8.9446
5807.23  16.2936
5808.27  35.6001
5809.31  13.2783
5810.35  9.6675
5811.39  41.5383
5812.43  24.4929
5813.47  3.86851
5814.51  12.7135
5815.55  -4.44021
5816.59  -24.0865
5817.63  -4.12776
5818.67  12.6507
5819.71  21.2446
5820.75  1.70271
5821.79  -4.33091
5822.83  22.6661
5823.87  19.908
5824.91  9.38301
5825.95  3.41165
5826.99  -2.78359
5828.03  -7.56649
5829.07  -6.53564
5830.11  -3.6762
5831.15  1.16538
5832.19  20.4934
5833.23  29.7117
5834.27  13.5157
5835.31  -1.89098
5836.35  -7.36226
5837.39  25.2429
5838.43  29.5929
5839.47  14.9286
5840.51  6.57687
5841.55  6.81169
5842.59  16.7696
5843.63  12.1915
5844.67  7.82339
5845.71  16.4082
5846.75  -4.30945
5847.79  -28.6224
5848.83  -21.015
5849.87  -10.2162
5850.91  2.86888
5851.95  22.6796
5852.99  26.6261
5854.03  6.24768
5855.07  12.7733
5856.11  28.1643
5857.15  42.4242
5858.19  76.7933
5859.23  110.005
5860.27  95.4988
5861.31  79.8405
5862.35  66.0373
5863.39  46.3394
5864.43  31.7238
5865.47  27.6788
5866.51  17.0653
5867.55  10.1146
5868.59  18.2811
5869.63  20.4073
5870.67  18.8138
5871.71  16.3488
5872.75  13.0217
5873.79  8.72388
5874.83  -2.14791
5875.87  -5.12595
5876.91  12.1046
5877.95  5.82979
5878.99  -1.20835
5880.03  19.4762
5881.07  23.0785
5882.11  11.9659
5883.15  -15.8399
5884.19  -17.6314
5885.23  16.1705
5886.27  30.817
5887.31  32.0542
5888.35  8.73382
5889.39  14.9591
5890.43  30.6331
5891.47  35.8411
5892.51  33.3861
5893.55  25.0272
5894.59  21.8005
5895.63  10.5786
5896.67  -13.5602
5897.71  -10.8797
5898.75  -0.697935
5899.79  7.07789
5900.83  7.75358
5901.87  6.62445
5902.91  14.8465
5903.95  23.1455
5904.99  28.8138
5906.03  13.4208
5907.07  0.361524
5908.11  -1.64722
5909.15  13.2359
5910.19  25.3671
5911.23  6.54784
5912.27  7.45863
5913.31  19.0924
5914.35  26.1179
5915.39  17.7991
5916.43  -5.54574
5917.47  1.30761
5918.51  14.0314
5919.55  25.8349
5920.59  17.5589
5921.63  6.28558
5922.67  13.8361
5923.71  19.63
5924.75  22.9414
5925.79  19.5305
5926.83  18.1756
5927.87  20.7257
5928.91  5.98628
5929.95  -5.80031
5930.99  -0.339343
5932.03  6.95245
5933.07  16.7455
5934.11  30.3191
5935.15  31.3343
5936.19  21.085
5937.23  9.44813
5938.27  2.40231
5939.31  3.08755
5940.35  5.37118
5941.39  9.30488
5942.43  14.8513
5943.47  17.4974
5944.51  18.5465
5945.55  19.8955
5946.59  21.0498
5947.63  22.0908
5948.67  23.5025
5949.71  25.2318
5950.75  27.3835
5951.79  30.3285
5952.83  30.0643
5953.87  17.8406
5954.91  19.3817
5955.95  27.8776
5956.99  25.0973
5958.03  24.5809
5959.07  27.8263
5960.11  27.5846
5961.15  26.584
5962.19  27.7156
5963.23  12.8914
5964.27  -2.42599
5965.31  1.74202
5966.35  14.1148
5967.39  27.8093
5968.43  6.89738
5969.47  5.75186
5970.51  37.3589
5971.55  21.2764
5972.59  4.26938
5973.63  14.2808
5974.67  29.2492
5975.71  46.2343
5976.75  57.0535
5977.79  58.4121
5978.83  51.1794
5979.87  40.5826
5980.91  31.0544
5981.95  24.7755
5982.99  20.4893
5984.03  15.05
5985.07  1.92782
5986.11  2.51528
5987.15  9.92542
5988.19  12.7281
5989.23  11.8087
5990.27  8.2935
5991.31  15.6365
5992.35  24.9528
5993.39  35.0691
5994.43  22.7968
5995.47  10.9705
5996.51  29.5795
5997.55  29.66
5998.59  19.2514
5999.63  17.6981
6000.67  21.0187
6001.71  28.3048
6002.75  18.4857
6003.79  8.87015
6004.83  8.83947
6005.87  9.13001
6006.91  12.9692
6007.95  28.3082
6008.99  27.1628
6010.03  15.1145
6011.07  19.0301
6012.11  21.7333
6013.15  19.7053
6014.19  17.2969
6015.23  17.3091
6016.27  26.3724
6017.31  18.0498
6018.35  4.49731
6019.39  4.17022
6020.43  3.31477
6021.47  2.80349
6022.51  16.9504
6023.55  21.94
6024.59  7.7351
6025.63  5.22839
6026.67  5.44196
6027.71  1.63555
6028.75  14.0415
6029.79  31.7578
6030.83  27.5568
6031.87  29.2234
6032.91  41.0137
6033.95  79.5423
6034.99  109.895
6036.03  114.051
6037.07  112.928
6038.11  99.3556
6039.15  59.5448
6040.19  41.3225
6041.23  37.1866
6042.27  27.6649
6043.31  17.171
6044.35  6.16685
6045.39  4.56764
6046.43  4.60798
6047.47  1.38741
6048.51  3.10606
6049.55  6.76358
6050.59  9.67104
6051.63  11.88
6052.67  12.8886
6053.71  9.81426
6054.75  6.81611
6055.79  5.01101
6056.83  5.02622
6057.87  7.41897
6058.91  12.1758
6059.95  26.8102
6060.99  38.3182
6062.03  14.3155
6063.07  5.40191
6064.11  12.0467
6065.15  12.8629
6066.19  10.2142
6067.23  2.55098
6068.27  3.80793
6069.31  9.63148
6070.35  19.8393
6071.39  25.2412
6072.43  26.3588
6073.47  20.7823
6074.51  18.9928
6075.55  21.4592
6076.59  13.3258
6077.63  9.38431
6078.67  17.723
6079.71  25.1004
6080.75  26.8177
6081.79  8.81165
6082.83  3.3096
6083.87  7.22706
6084.91  14.6146
6085.95  16.5803
6086.99  11.2079
6088.03  14.6866
6089.07  18.2809
6090.11  17.7513
6091.15  16.1044
6092.19  11.8507
6093.23  -1.11743
6094.27  1.54109
6095.31  14.407
6096.35  4.07716
6097.39  0.681073
6098.43  12.3164
6099.47  19.0283
6100.51  21.964
6101.55  16.8408
6102.59  20.7955
6103.63  25.148
6104.67  11.3694
6105.71  7.60661
6106.75  13.7999
6107.79  11.4889
6108.83  11.5322
6109.87  18.1393
6110.91  16.4642
6111.95  12.0751
6112.99  7.54797
6114.03  6.41083
6115.07  7.61904
6116.11  9.1273
6117.15  11.5721
6118.19  15.0311
6119.23  22.0468
6120.27  23.4158
6121.31  11.5011
6122.35  9.94276
6123.39  12.242
6124.43  16.0537
6125.47  14.7221
6126.51  10.4789
6127.55  9.47705
6128.59  16.5916
6129.63  32.8267
6130.67  32.3045
6131.71  27.1195
6132.75  23.0359
6133.79  11.8927
6134.83  4.39639
6135.87  24.4551
6136.91  27.5942
6137.95  16.0367
6138.99  8.48268
6140.03  3.8873
6141.07  3.19998
6142.11  4.31097
6143.15  7.39887
6144.19  13.3077
6145.23  16.0031
6146.27  17.4555
6147.31  21.5908
6148.35  21.6302
6149.39  17.7962
6150.43  17.7593
6151.47  14.6253
6152.51  4.54448
6153.55  5.78785
6154.59  10.78
6155.63  15.4481
6156.67  16.1033
6157.71  13.2925
6158.75  5.04612
6159.79  5.57328
6160.83  15.7701
6161.87  9.87369
6162.91  6.15256
6163.95  13.4258
6164.99  24.9293
6166.03  32.762
6167.07  20.3568
6168.11  15.0859
6169.15  15.2356
6170.19  15.44
6171.23  13.434
6172.27  8.54339
6173.31  14.1007
6174.35  21.5307
6175.39  27.9642
6176.43  23.3799
6177.47  14.4744
6178.51  9.64145
6179.55  8.3551
6180.59  10.4461
6181.63  16.0146
6182.67  19.2732
6183.71  17.9466
6184.75  16.6714
6185.79  16.3054
6186.83  19.2195
6187.87  20.3969
6188.91  19.3736
6189.95  10.3989
6190.99  13.8541
6192.03  29.3647
6193.07  36.7371
6194.11  34.7192
6195.15  18.2473
6196.19  19.2134
6197.23  23.6395
6198.27  21.5286
6199.31  14.5166
6200.35  8.62324
6201.39  26.1773
6202.43  36.8475
6203.47  36.0769
6204.51  32.5436
6205.55  22.7205
6206.59  -0.43712
6207.63  8.63006
6208.67  24.2966
6209.71  15.1931
6210.75  18.0349
6211.79  28.9302
6212.83  32.5913
6213.87  31.1335
6214.91  24.319
6215.95  20.6304
6216.99  19.6414
6218.03  24.2831
6219.07  19.7603
6220.11  16.2863
6221.15  35.7254
6222.19  36.7505
6223.23  21.3967
6224.27  12.859
6225.31  9.8739
6226.35  14.0374
6227.39  19.2467
6228.43  19.8465
6229.47  5.2916
6230.51  0.158504
6231.55  2.57799
6232.59  17.4956
6233.63  21.8181
6234.67  14.8549
6235.71  18.2622
6236.75  19.9115
6237.79  14.5632
6238.83  17.1304
6239.87  20.5353
6240.91  16.7146
6241.95  22.4058
6242.99  31.5371
6244.03  26.2237
6245.07  18.0931
6246.11  9.41127
6247.15  14.1638
6248.19  19.9299
6249.23  21.1021
6250.27  15.3621
6251.31  7.6563
6252.35  3.69515
6253.39  6.54329
6254.43  12.9896
6255.47  13.4632
6256.51  -7.95493
6257.55  -56.8269
6258.59  -31.4525
6259.63  6.73079
6260.67  23.8087
6261.71  27.911
6262.75  25.0758
6263.79  26.1333
6264.83  28.7422
6265.87  32.0324
6266.91  30.6775
6267.95  27.1995
6268.99  21.4778
6270.03  28.0878
6271.07  35.6314
6272.11  34.5347
6273.15  32.2263
6274.19  28.9434
6275.23  31.0158
6276.27  11.2288
6277.31  -28.5106
6278.35  -34.6025
6279.39  -20.2617
6280.43  18.6448
6281.47  28.3819
6282.51  26.5053
6283.55  20.7007
6284.59  21.9524
6285.63  26.3987
6286.67  22.5501
6287.71  16.1414
6288.75  8.2501
6289.79  8.45777
6290.83  8.06186
6291.87  -1.16241
6292.91  10.6512
6293.95  24.083
6294.99  10.331
6296.03  7.62768
6297.07  13.4803
6298.11  12.9809
6299.15  12.4579
6300.19  12.6232
6301.23  58.2655
6302.27  84.6768
6303.31  22.8409
6304.35  26.7724
6305.39  50.0384
6306.43  30.2899
6307.47  11.4379
6308.51  -2.33942
6309.55  1.07889
6310.59  4.93368
6311.63  2.5231
6312.67  12.4885
6313.71  22.8331
6314.75  23.377
6315.79  21.2277
6316.83  17.3018
6317.87  14.5747
6318.91  12.766
6319.95  12.1812
6320.99  17.1323
6322.03  19.3283
6323.07  13.0399
6324.11  15.0371
6325.15  19.9382
6326.19  26.5543
6327.23  20.6588
6328.27  10.8381
6329.31  32.469
6330.35  36.824
6331.39  15.9963
6332.43  25.0549
6333.47  34.4909
6334.51  29.1996
6335.55  22.381
6336.59  16.2179
6337.63  18.0171
6338.67  18.9038
6339.71  19.8711
6340.75  29.2238
6341.79  32.9445
6342.83  26.726
6343.87  24.236
6344.91  21.749
6345.95  18.1091
6346.99  12.83
6348.03  6.6055
6349.07  -2.35147
6350.11  2.47089
6351.15  18.8875
6352.19  20.6249
6353.23  19.2674
6354.27  17.3492
6355.31  15.4405
6356.35  17.999
6357.39  36.4165
6358.43  29.9217
6359.47  13.7475
6360.51  28.5145
6361.55  24.1292
6362.59  -1.49956
6363.63  16.1913
6364.67  31.4962
6365.71  22.4357
6366.75  21.5204
6367.79  21.1309
6368.83  15.3559
6369.87  15.5066
6370.91  19.6921
6371.95  21.4605
6372.99  24.8782
6374.03  30.2614
6375.07  22.3881
6376.11  14.4122
6377.15  13.3939
6378.19  20.8862
6379.23  28.5258
6380.27  18.5973
6381.31  20.2477
6382.35  30.7521
6383.39  30.8096
6384.43  29.3914
6385.47  28.2617
6386.51  25.5602
6387.55  26.6577
6388.59  40.3279
6389.63  39.698
6390.67  32.8039
6391.71  31.9992
6392.75  26.174
6393.79  16.9318
6394.83  24.9278
6395.87  32.965
6396.91  35.4559
6397.95  26.6474
6398.99  19.2773
6400.03  30.4397
6401.07  30.9756
6402.11  25.2027
6403.15  18.1294
6404.19  22.4435
6405.23  38.0633
6406.27  25.6719
6407.31  15.7085
6408.35  24.1409
6409.39  26.2049
6410.43  25.8201
6411.47  21.4596
6412.51  26.3035
6413.55  35.0716
6414.59  25.4168
6415.63  19.348
6416.67  21.3423
6417.71  26.4765
6418.75  28.4952
6419.79  19.4006
6420.83  19.5149
6421.87  21.6688
6422.91  16.0569
6423.95  17.1804
6424.99  23.5946
6426.03  24.7482
6427.07  22.7974
6428.11  17.5451
6429.15  13.3713
6430.19  14.4414
6431.23  30.973
6432.27  25.205
6433.31  14.0147
6434.35  36.4676
6435.39  31.2924
6436.43  -0.135071
6437.47  7.54482
6438.51  16.3312
6439.55  13.1208
6440.59  14.9663
6441.63  17.7726
6442.67  19.2774
6443.71  21.0449
6444.75  23.8951
6445.79  33.9508
6446.83  32.1162
6447.87  16.5935
6448.91  12.3964
6449.95  12.5371
6450.99  16.3553
6452.03  19.1209
6453.07  21.3679
6454.11  21.8141
6455.15  25.7176
6456.19  30.1633
6457.23  20.9145
6458.27  16.3234
6459.31  20.5343
6460.35  25.1204
6461.39  25.6392
6462.43  13.5093
6463.47  17.5629
6464.51  25.2731
6465.55  18.0125
6466.59  16.9234
6467.63  20.6598
6468.67  12.3329
6469.71  13.4998
6470.75  32.7738
6471.79  26.0254
6472.83  14.8534
6473.87  12.6205
6474.91  16.3683
6475.95  22.3239
6476.99  20.6133
6478.03  20.3593
6479.07  22.3253
6480.11  25.6643
6481.15  28.5182
6482.19  29.8204
6483.23  31.0167
6484.27  30.6339
6485.31  25.2063
6486.35  27.2614
6487.39  31.7839
6488.43  22.5252
6489.47  17.1507
6490.51  18.3939
6491.55  24.9831
6492.59  28.7264
6493.63  20.7737
6494.67  33.3072
6495.71  43.0826
6496.75  12.5408
6497.79  7.85225
6498.83  21.5998
6499.87  19.0503
6500.91  18.5559
6501.95  23.4403
6502.99  32.6501
6504.03  36.3032
6505.07  20.5548
6506.11  26.2731
6507.15  37.5101
6508.19  31.3307
6509.23  27.8062
6510.27  27.6303
6511.31  28.8422
6512.35  29.5126
6513.39  28.7215
6514.43  28.5123
6515.47  25.4082
6516.51  13.088
6517.55  10.8645
6518.59  15.0223
6519.63  21.3391
6520.67  27.471
6521.71  32.3603
6522.75  29.3789
6523.79  24.7155
6524.83  19.9971
6525.87  24.0028
6526.91  30.0803
6527.95  32.9675
6528.99  27.8598
6530.03  19.3984
6531.07  24.1331
6532.11  23.1522
6533.15  14.2509
6534.19  26.5555
6535.23  32.2407
6536.27  9.63633
6537.31  11.7301
6538.35  19.0413
6539.39  9.5003
6540.43  13.3698
6541.47  26.101
6542.51  25.5698
6543.55  20.0176
6544.59  10.4382
6545.63  15.5612
6546.67  21.7802
6547.71  19.1335
6548.75  21.4685
6549.79  24.0871
6550.83  18.5084
6551.87  17.7184
6552.91  22.1419
6553.95  31.478
6554.99  33.5186
6556.03  22.0153
6557.07  18.2626
6558.11  20.581
6559.15  34.9782
6560.19  37.4191
6561.23  32.3028
6562.27  23.2644
6563.31  22.4039
6564.35  30.2744
6565.39  32.63
6566.43  31.4323
6567.47  24.3334
6568.51  31.939
6569.55  38.6521
6570.59  23.8067
6571.63  22.1269
6572.67  27.4843
6573.71  19.5894
6574.75  17.8129
6575.79  24.9498
6576.83  20.7239
6577.87  14.6358
6578.91  7.58609
6579.95  21.0481
6580.99  39.0094
6582.03  41.0389
6583.07  35.2199
6584.11  24.8778
6585.15  25.7531
6586.19  25.739
6587.23  21.9157
6588.27  21.9172
6589.31  23.8615
6590.35  29.7512
6591.39  22.1159
6592.43  11.6638
6593.47  18.329
6594.51  24.6721
6595.55  28.8716
6596.59  25.8825
6597.63  23.215
6598.67  23.606
6599.71  25.7171
6600.75  28.4963
6601.79  31.4195
6602.83  30.4017
6603.87  28.2082
6604.91  33.1741
6605.95  34.5132
6606.99  30.8912
6608.03  22.6194
6609.07  15.6774
6610.11  13.1031
6611.15  17.4022
6612.19  22.6868
6613.23  19.8104
6614.27  23.5886
6615.31  29.5528
6616.35  20.0629
6617.39  14.2238
6618.43  15.641
6619.47  18.0575
6620.51  21.5259
6621.55  26.679
6622.59  25.2416
6623.63  21.3616
6624.67  19.2417
6625.71  19.7086
6626.75  22.5412
6627.79  28.6199
6628.83  28.0522
6629.87  17.1286
6630.91  10.9511
6631.95  11.2993
6632.99  25.9793
6634.03  30.7522
6635.07  29.6864
6636.11  22.9268
6637.15  25.9908
6638.19  36.7939
6639.23  22.3565
6640.27  18.8563
6641.31  43.5326
6642.35  39.3989
6643.39  27.6002
6644.43  19.7368
6645.47  19.9195
6646.51  25.0858
6647.55  28.7911
6648.59  29.8922
6649.63  28.3096
6650.67  30.6371
6651.71  30.2853
6652.75  21.9442
6653.79  25.8989
6654.83  32.4333
6655.87  31.8489
6656.91  32.0035
6657.95  31.684
6658.99  24.4357
6660.03  22.3191
6661.07  27.9472
6662.11  32.7642
6663.15  37.108
6664.19  41.588
6665.23  37.865
6666.27  29.0936
6667.31  14.2268
6668.35  15.8925
6669.39  30.431
6670.43  35.0787
6671.47  29.8213
6672.51  11.8387
6673.55  15.8503
6674.59  27.01
6675.63  41.3777
6676.67  36.0249
6677.71  23.6096
6678.75  28.7236
6679.79  31.2569
6680.83  29.992
6681.87  27.8341
6682.91  28.4045
6683.95  34.2327
6684.99  38.1423
6686.03  38.3203
6687.07  27.1175
6688.11  31.7338
6689.15  43.7737
6690.19  42.4551
6691.23  38.2589
6692.27  32.6763
6693.31  30.1999
6694.35  27.3344
6695.39  21.3603
6696.43  22.2618
6697.47  26.5927
6698.51  35.6566
6699.55  25.4002
6700.59  6.64388
6701.63  28.7717
6702.67  37.587
6703.71  21.521
6704.75  23.5894
6705.79  27.5285
6706.83  25.6714
6707.87  24.7506
6708.91  25.5259
6709.95  33.1275
6710.99  32.9601
6712.03  26.9622
6713.07  32.2056
6714.11  34.7931
6715.15  30.286
6716.19  34.5839
6717.23  37.3408
6718.27  28.2709
6719.31  27.2979
6720.35  30.5648
6721.39  33.803
6722.43  35.8276
6723.47  35.8486
6724.51  27.5097
6725.55  21.4662
6726.59  22.8769
6727.63  23.5421
6728.67  25.8466
6729.71  33.2139
6730.75  33.2609
6731.79  28.8524
6732.83  26.988
6733.87  24.6512
6734.91  21.5571
6735.95  17.059
6736.99  17.9315
6738.03  31.9947
6739.07  29.8808
6740.11  25.3913
6741.15  36.5704
6742.19  33.5991
6743.23  21.0335
6744.27  18.6993
6745.31  17.4811
6746.35  15.9482
6747.39  24.9547
6748.43  32.4362
6749.47  26.3959
6750.51  37.0149
6751.55  48.8269
6752.59  34.847
6753.63  28.6914
6754.67  30.6117
6755.71  30.7793
6756.75  30.4139
6757.79  28.9068
6758.83  36.8095
6759.87  40.1225
6760.91  20.2223
6761.95  20.5936
6762.99  31.4327
6764.03  40.3345
6765.07  37.8769
6766.11  25.4211
6767.15  35.6591
6768.19  41.3065
6769.23  29.6352
6770.27  23.7574
6771.31  23.3049
6772.35  35.8894
6773.39  38.8713
6774.43  36.0688
6775.47  37.6203
6776.51  36.3779
6777.55  31.716
6778.59  32.4005
6779.63  35.7463
6780.67  43.2713
6781.71  38.5242
6782.75  31.1098
6783.79  32.1069
6784.83  36.3357
6785.87  40.5991
6786.91  26.3229
6787.95  23.0424
6788.99  38.718
6790.03  42.7097
6791.07  40.7624
6792.11  29.5909
6793.15  31.7346
6794.19  39.9033
6795.23  47.9888
6796.27  46.5487
6797.31  36.5614
6798.35  27.3086
6799.39  24.9308
6800.43  33.5623
6801.47  38.6797
6802.51  41.1991
6803.55  38.9535
6804.59  35.6956
6805.63  31.8686
6806.67  28.2557
6807.71  29.9881
6808.75  36.632
6809.79  35.151
6810.83  30.5713
6811.87  22.665
6812.91  26.9028
6813.95  33.4596
6814.99  32.6897
6816.03  29.9985
6817.07  27.4891
6818.11  35.3734
6819.15  36.5907
6820.19  28.2617
6821.23  23.4351
6822.27  23.1731
6823.31  33.2047
6824.35  28.8985
6825.39  21.9977
6826.43  26.4122
6827.47  31.4911
6828.51  35.4517
6829.55  28.2296
6830.59  28.4866
6831.63  42.0803
6832.67  22.8832
6833.71  7.29323
6834.75  25.9232
6835.79  31.8134
6836.83  30.6985
6837.87  20.5382
6838.91  19.931
6839.95  29.2298
6840.99  44.5247
6842.03  46.1399
6843.07  22.3191
6844.11  24.3531
6845.15  28.8812
6846.19  15.4942
6847.23  18.9851
6848.27  30.1519
6849.31  28.5867
6850.35  32.2782
6851.39  41.7642
6852.43  34.8905
6853.47  32.012
6854.51  45.0771
6855.55  44.4513
6856.59  39.0198
6857.63  34.1023
6858.67  29.1577
6859.71  25.8544
6860.75  32.632
6861.79  33.7421
6862.83  26.4768
6863.87  35.0776
6864.91  42.2147
6865.95  36.4266
6866.99  34.7353
6868.03  35.3331
6869.07  39.7669
6870.11  45.2385
6871.15  49.1187
6872.19  37.3515
6873.23  24.2821
6874.27  13.3637
6875.31  17.3007
6876.35  24.7238
6877.39  26.4358
6878.43  35.2846
6879.47  44.9284
6880.51  43.9697
6881.55  39.2647
6882.59  31.7562
6883.63  22.2645
6884.67  21.4086
6885.71  36.8688
6886.75  25.2415
6887.79  11.8799
6888.83  19.6951
6889.87  23.9451
6890.91  26.7567
6891.95  31.7987
6892.99  31.9224
6894.03  26.6972
6895.07  23.4967
6896.11  26.256
6897.15  41.8442
6898.19  37.5902
6899.23  24.5342
6900.27  4.32531
6901.31  9.68389
6902.35  30.698
6903.39  31.0902
6904.43  33.2132
6905.47  40.4998
6906.51  35.9975
6907.55  27.107
6908.59  12.4658
6909.63  23.7599
6910.67  39.671
6911.71  26.1198
6912.75  24.3778
6913.79  31.6977
6914.83  22.2176
6915.87  21.0446
6916.91  36.2993
6917.95  29.551
6918.99  22.7214
6920.03  32.8603
6921.07  38.3432
6922.11  38.6864
6923.15  25.2692
6924.19  16.4172
6925.23  14.2526
6926.27  23.6105
6927.31  29.6969
6928.35  25.1032
6929.39  23.8744
6930.43  28.0864
6931.47  47.4256
6932.51  53.3908
6933.55  48.7274
6934.59  32.7141
6935.63  25.2314
6936.67  29.3543
6937.71  38.8054
6938.75  43.7976
6939.79  36.0977
6940.83  31.6256
6941.87  29.1764
6942.91  32.9681
6943.95  27.8701
6944.99  17.039
6946.03  10.6398
6947.07  11.8926
6948.11  22.034
6949.15  22.9346
6950.19  27.0516
6951.23  45.8311
6952.27  47.2885
6953.31  43.2566
6954.35  50.1645
6955.39  46.7779
6956.43  34.7186
6957.47  26.7682
6958.51  25.0343
6959.55  31.6528
6960.59  35.7116
6961.63  38.0418
6962.67  36.323
6963.71  40.3002
6964.75  43.7627
6965.79  31.1612
6966.83  24.6174
6967.87  25.7206
6968.91  27.7665
6969.95  32.9069
6970.99  43.3584
6972.03  38.2904
6973.07  29.7801
6974.11  28.623
6975.15  25.7938
6976.19  24.4453
6977.23  36.249
6978.27  42.5425
6979.31  40.4667
6980.35  35.3343
6981.39  33.0691
6982.43  40.0384
6983.47  38.1508
6984.51  33.6659
6985.55  30.884
6986.59  33.4769
6987.63  38.6609
6988.67  33.9405
6989.71  30.5438
6990.75  30.909
6991.79  36.353
6992.83  40.8857
6993.87  39.5785
6994.91  37.1113
6995.95  33.867
6996.99  30.9238
6998.03  30.2143
6999.07  31.9956
7000.11  39.2089
7001.15  40.8934
7002.19  32.4503
7003.23  25.5711
7004.27  22.6693
7005.31  29.6919
7006.35  36.1319
7007.39  40.1708
7008.43  33.3114
7009.47  28.3717
7010.51  26.5197
7011.55  24.4158
7012.59  25.2952
7013.63  31.2389
7014.67  35.4587
7015.71  37.1136
7016.75  30.7509
7017.79  36.6874
7018.83  46.1762
7019.87  27.8172
7020.91  23.4236
7021.95  38.671
7022.99  35.9898
7024.03  32.9562
7025.07  38.6055
7026.11  35.1903
7027.15  32.0032
7028.19  42.2506
7029.23  46.5124
7030.27  45.4538
7031.31  41.112
7032.35  41.0325
7033.39  47.5989
7034.43  44.1175
7035.47  38.2574
7036.51  32.9137
7037.55  32.6592
7038.59  34.5945
7039.63  33.8732
7040.67  36.152
7041.71  40.0676
7042.75  33.4684
7043.79  28.4515
7044.83  29.0015
7045.87  31.7781
7046.91  35.8315
7047.95  40.7119
7048.99  43.0765
7050.03  41.1591
7051.07  23.9284
7052.11  24.3631
7053.15  42.7931
7054.19  34.2055
7055.23  24.0951
7056.27  20.7423
7057.31  29.5981
7058.35  37.4227
7059.39  24.9682
7060.43  20.3966
7061.47  22.313
7062.51  30.4724
7063.55  35.794
7064.59  36.4205
7065.63  37.3458
7066.67  35.8079
7067.71  28.249
7068.75  30.6812
7069.79  35.4524
7070.83  33.2645
7071.87  34.2964
7072.91  37.3578
7073.95  35.8836
7074.99  33.7926
7076.03  32.0246
7077.07  22.888
7078.11  18.7155
7079.15  33.2074
7080.19  36.8061
7081.23  34.8214
7082.27  27.0581
7083.31  36.0341
7084.35  58.0565
7085.39  53.5389
7086.43  46.8899
7087.47  45.2512
7088.51  43.1765
7089.55  42.0551
7090.59  43.3172
7091.63  43.132
7092.67  42.3018
7093.71  42.8179
7094.75  41.5833
7095.79  38.4686
7096.83  37.6845
7097.87  36.0038
7098.91  31.1796
7099.95  33.2169
7100.99  35.428
7102.03  28.8143
7103.07  29.8419
7104.11  34.2101
7105.15  25.0852
7106.19  23.7249
7107.23  33.745
7108.27  37.3471
7109.31  34.0587
7110.35  15.5983
7111.39  20.9425
7112.43  32.8953
7113.47  33.281
7114.51  26.5112
7115.55  16.8593
7116.59  27.4487
7117.63  34.9138
7118.67  32.8343
7119.71  35.9071
7120.75  38.7203
7121.79  39.2992
7122.83  32.7772
7123.87  24.4983
7124.91  24.6071
7125.95  29.0326
7126.99  35.7629
7128.03  29.5006
7129.07  26.7366
7130.11  34.1763
7131.15  39.3422
7132.19  41.7768
7133.23  37.1513
7134.27  37.1473
7135.31  38.785
7136.35  34.1793
7137.39  34.3865
7138.43  40.2507
7139.47  42.1869
7140.51  42.8125
7141.55  43.0643
7142.59  37.9946
7143.63  30.7991
7144.67  21.4919
7145.71  28.6457
7146.75  44.8399
7147.79  43.4814
7148.83  39.0333
7149.87  33.8212
7150.91  34.771
7151.95  35.416
7152.99  29.7054
7154.03  37.3044
7155.07  43.4312
7156.11  17.8892
7157.15  22.7253
7158.19  49.4101
7159.23  38.3225
7160.27  31.0568
7161.31  38.5669
7162.35  33.7579
7163.39  28.5431
7164.43  31.0045
7165.47  31.4096
7166.51  31.1751
7167.55  31.3595
7168.59  31.9876
7169.63  33.5264
7170.67  40.9819
7171.71  43.9728
7172.75  37.4404
7173.79  29.8122
7174.83  26.1219
7175.87  37.2612
7176.91  39.0494
7177.95  34.9244
7178.99  29.7799
7180.03  28.2402
7181.07  30.607
7182.11  23.3758
7183.15  21.735
7184.19  37.4741
7185.23  31.7051
7186.27  24.648
7187.31  41.4825
7188.35  46.4266
7189.39  41.4536
7190.43  29.8953
7191.47  28.1736
7192.51  40.4263
7193.55  36.9884
7194.59  33.1253
7195.63  39.1054
7196.67  32.7226
7197.71  25.4988
7198.75  36.2485
7199.79  40.3802
7200.83  38.195
7201.87  37.5392
7202.91  36.8003
7203.95  35.843
7204.99  35.6129
7206.03  36.0774
7207.07  38.4539
7208.11  35.5422
7209.15  31.4117
7210.19  34.6426
7211.23  38.5338
7212.27  41.3446
7213.31  31.5429
7214.35  23.4
7215.39  22.5474
7216.43  30.144
7217.47  37.3926
7218.51  30.9947
7219.55  36.1496
7220.59  45.6948
7221.63  39.2177
7222.67  35.9354
7223.71  38.2664
7224.75  38.7181
7225.79  36.2617
7226.83  27.5898
7227.87  27.1027
7228.91  30.6736
7229.95  37.8025
7230.99  37.7532
7232.03  32.6762
7233.07  31.036
7234.11  31.5748
7235.15  34.3556
7236.19  28.9421
7237.23  25.0958
7238.27  30.3102
7239.31  35.0541
7240.35  37.7244
7241.39  34.5506
7242.43  18.4337
7243.47  -3.88327
7244.51  13.2568
7245.55  31.6329
7246.59  40.7946
7247.63  31.5021
7248.67  18.6866
7249.71  11.7832
7250.75  27.6939
7251.79  47.9385
7252.83  23.8313
7253.87  19.3083
7254.91  36.9663
7255.95  36.9002
7256.99  28.6985
7258.03  9.8228
7259.07  21.3918
7260.11  36.9691
7261.15  29.6335
7262.19  27.7538
7263.23  28.3142
7264.27  23.6259
7265.31  21.877
7266.35  24.4241
7267.39  31.4325
7268.43  38.5864
7269.47  44.9382
7270.51  38.1164
7271.55  26.6703
7272.59  18.5152
7273.63  22.2409
7274.67  30.6459
7275.71  5.36068
7276.75  -4.27713
7277.79  14.0141
7278.83  19.6185
7279.87  26.6651
7280.91  47.3393
7281.95  37.7975
7282.99  18.7411
7284.03  20.5212
7285.07  26.13
7286.11  33.4538
7287.15  33.4443
7288.19  35.4358
7289.23  43.157
7290.27  40.5361
7291.31  34.5812
7292.35  28.118
7293.39  29.4088
7294.43  34.0599
7295.47  31.5789
7296.51  34.24
7297.55  42.0721
7298.59  39.7887
7299.63  39.0577
7300.67  46.9748
7301.71  34.7878
7302.75  21.2645
7303.79  27.2861
7304.83  28.5113
7305.87  28.1618
7306.91  37.1235
7307.95  39.4789
7308.99  32.6311
7310.03  27.1212
7311.07  23.1624
7312.11  21.8732
7313.15  25.2092
7314.19  29.707
7315.23  31.9672
7316.27  24.2722
7317.31  10.7967
7318.35  9.98628
7319.39  18.3032
7320.43  36.2593
7321.47  26.0734
7322.51  13.8064
7323.55  17.2632
7324.59  19.608
7325.63  23.1712
7326.67  31.7243
7327.71  32.833
7328.75  27.4149
7329.79  26.1059
7330.83  30.8392
7331.87  44.2647
7332.91  52.7196
7333.95  53.4458
7334.99  35.1932
7336.03  35.263
7337.07  43.4094
7338.11  39.7431
7339.15  33.5691
7340.19  26.7817
7341.23  31.7555
7342.27  41.6764
7343.31  56.6657
7344.35  54.6641
7345.39  45.8282
7346.43  36.5197
7347.47  33.9262
7348.51  36.9217
7349.55  45.787
7350.59  45.8691
7351.63  34.5484
7352.67  37.9345
7353.71  39.8423
7354.75  30.1665
7355.79  25.1713
7356.83  23.0182
7357.87  26.4814
7358.91  23.2356
7359.95  17.1212
7360.99  32.001
7362.03  40.5779
7363.07  35.3537
7364.11  22.7545
7365.15  16.1927
7366.19  33.757
7367.23  36.4031
7368.27  31.0932
7369.31  20.6851
7370.35  18.3637
7371.39  23.2147
7372.43  18.4785
7373.47  15.5405
7374.51  18.2737
7375.55  20.0334
7376.59  23.7523
7377.63  34.4641
7378.67  33.4082
7379.71  27.3183
7380.75  31.4809
7381.79  38.2477
7382.83  45.6898
7383.87  36.5504
7384.91  28.8096
7385.95  32.4393
7386.99  29.5751
7388.03  24.6154
7389.07  18.545
7390.11  18.8633
7391.15  22.4763
7392.19  17.4716
7393.23  14.4996
7394.27  15.5252
7395.31  21.5703
7396.35  21.7231
7397.39  0.868856
7398.43  11.2739
7399.47  31.1252
7400.51  36.9676
7401.55  34.7761
7402.59  27.3494
7403.63  28.5465
7404.67  32.1927
7405.71  37.482
7406.75  32.0169
7407.79  27.0063
7408.83  32.5315
7409.87  33.2964
7410.91  32.0692
7411.95  32.1964
7412.99  29.5382
7414.03  24.7076
7415.07  24.4416
7416.11  27.4212
7417.15  34.5105
7418.19  34.4536
7419.23  31.2407
7420.27  25.5125
7421.31  26.1247
7422.35  29.1627
7423.39  22.1719
7424.43  24.4497
7425.47  37.3324
7426.51  37.0444
7427.55  35.0512
7428.59  35.8969
7429.63  34.1673
7430.67  31.6972
7431.71  28.2126
7432.75  35.3955
7433.79  47.5692
7434.83  41.442
7435.87  36.9507
7436.91  37.9129
7437.95  32.3833
7438.99  29.4932
7440.03  36.753
7441.07  38.8256
7442.11  39.1125
7443.15  38.0855
7444.19  46.8346
7445.23  61.0474
7446.27  51.7397
7447.31  44.703
7448.35  47.5613
7449.39  43.8338
7450.43  40.1652
7451.47  41.3639
7452.51  40.4858
7453.55  37.352
7454.59  28.5364
7455.63  23.6652
7456.67  23.8848
7457.71  32.9324
7458.75  37.0617
7459.79  28.9491
7460.83  24.2495
7461.87  22.0121
7462.91  26.0985
7463.95  22.3265
7464.99  17.0697
7466.03  31.8896
7467.07  35.2024
7468.11  23.5814
7469.15  26.6004
7470.19  27.6015
7471.23  16.5011
7472.27  20.218
7473.31  29.7497
7474.35  41.7165
7475.39  36.9994
7476.43  22.0776
7477.47  22.3737
7478.51  28.682
7479.55  39.752
7480.59  30.5848
7481.63  21.5105
7482.67  26.3876
7483.71  29.555
7484.75  33.151
7485.79  39.3207
7486.83  40.2927
7487.87  36.564
7488.91  32.5359
7489.95  30.8743
7490.99  33.5215
7492.03  24.2573
7493.07  17.3385
7494.11  28.1054
7495.15  27.2718
7496.19  20.6557
7497.23  12.5899
7498.27  19.4607
7499.31  39.3574
7500.35  33.3198
7501.39  26.0308
7502.43  26.2136
7503.47  28.5962
7504.51  28.759
7505.55  17.2268
7506.59  16.6839
7507.63  22.9017
7508.67  26.919
7509.71  26.3202
7510.75  20.911
7511.79  25.1176
7512.83  29.7105
7513.87  30.4182
7514.91  30.8913
7515.95  26.9605
7516.99  5.96835
7518.03  10.6315
7519.07  30.8733
7520.11  18.8358
7521.15  12.0206
7522.19  18.4597
7523.23  23.7979
7524.27  27.9522
7525.31  27.5737
7526.35  34.2986
7527.39  40.4236
7528.43  31.3153
7529.47  25.0167
7530.51  22.8992
7531.55  28.1606
7532.59  31.566
7533.63  29.7276
7534.67  23.2531
7535.71  17.1672
7536.75  16.5557
7537.79  19.1202
7538.83  23.5689
7539.87  26.7191
7540.91  29.7602
7541.95  32.1332
7542.99  26.2729
7544.03  20.7725
7545.07  19.529
7546.11  19.1919
7547.15  19.8101
7548.19  20.3705
7549.23  25.8618
7550.27  31.8797
7551.31  21.6462
7552.35  16.3475
7553.39  19.5396
7554.43  25.1613
7555.47  29.332
7556.51  27.5511
7557.55  30.2693
7558.59  33.9811
7559.63  37.0734
7560.67  31.0675
7561.71  20.7664
7562.75  33.0167
7563.79  34.6132
7564.83  16.7991
7565.87  15.1204
7566.91  18.3343
7567.95  23.072
7568.99  25.5362
7570.03  26.8871
7571.07  27.2121
7572.11  32.5028
7573.15  40.024
7574.19  25.3941
7575.23  14.4072
7576.27  16.2424
7577.31  20.6963
7578.35  23.2844
7579.39  13.6179
7580.43  20.8778
7581.47  34.7769
7582.51  32.747
7583.55  31.9755
7584.59  33.9052
7585.63  33.6004
7586.67  33.1778
7587.71  32.0474
7588.75  45.6991
7589.79  56.1318
7590.83  37.011
7591.87  31.3891
7592.91  34.7291
7593.95  34.2436
7594.99  38.3699
7596.03  48.032
7597.07  54.2737
7598.11  51.4883
7599.15  30.0774
7600.19  22.6496
7601.23  17.204
7602.27  -3.22207
7603.31  -1.55243
7604.35  16.6209
7605.39  21.9377
7606.43  22.3217
7607.47  18.577
7608.51  -7.95031
7609.55  -24.7282
7610.59  4.38235
7611.63  1.19684
7612.67  -9.49717
7613.71  13.5445
7614.75  17.0165
7615.79  1.77073
7616.83  1.32861
7617.87  7.23209
7618.91  18.8186
7619.95  38.3433
7620.99  47.7319
7622.03  17.2853
7623.07  16.6286
7624.11  29.3522
7625.15  20.9089
7626.19  19.2965
7627.23  25.9198
7628.27  12.5891
7629.31  7.10302
7630.35  26.5332
7631.39  27.899
7632.43  23.2803
7633.47  19.859
7634.51  13.726
7635.55  8.28422
7636.59  19.3754
7637.63  22.0947
7638.67  11.842
7639.71  13.0512
7640.75  16.9604
7641.79  19.378
7642.83  30.8867
7643.87  39.4846
7644.91  21.0371
7645.95  16.0041
7646.99  22.3293
7648.03  22.0861
7649.07  26.5111
7650.11  38.8633
7651.15  32.7738
7652.19  23.5543
7653.23  20.6599
7654.27  21.1006
7655.31  23.4546
7656.35  25.6059
7657.39  22.7011
7658.43  16.3882
7659.47  24.2647
7660.51  33.6836
7661.55  41.2165
7662.59  39.0057
7663.63  33.8008
7664.67  31.8821
7665.71  26.8722
7666.75  21.218
7667.79  20.3566
7668.83  24.548
7669.87  33.1102
7670.91  34.2824
7671.95  31.0714
7672.99  21.559
7674.03  24.6749
7675.07  31.896
7676.11  37.0671
7677.15  35.5609
7678.19  29.7347
7679.23  27.483
7680.27  28.5813
7681.31  33.2248
7682.35  30.9923
7683.39  29.6199
7684.43  35.0305
7685.47  35.3558
7686.51  34.4771
7687.55  38.2605
7688.59  34.1877
7689.63  24.8215
7690.67  26.8282
7691.71  30.3037
7692.75  33.0143
7693.79  33.4746
7694.83  34.696
7695.87  40.6467
7696.91  41.1446
7697.95  38.5483
7698.99  34.6754
7700.03  35.0559
7701.07  38.7421
7702.11  30.8735
7703.15  24.9223
7704.19  26.5227
7705.23  24.8683
7706.27  24.7895
7707.31  32.8256
7708.35  30.9671
7709.39  24.3973
7710.43  26.3087
7711.47  28.4121
7712.51  29.3614
7713.55  22.9923
7714.59  16.4388
7715.63  10.1715
7716.67  35.5062
7717.71  52.9748
7718.75  -7.37129
7719.79  -12.2465
7720.83  21.0346
7721.87  26.5704
7722.91  23.2753
7723.95  12.8792
7724.99  19.3515
7726.03  27.5222
7727.07  29.5712
7728.11  25.7984
7729.15  20.8633
7730.19  24.5982
7731.23  24.3286
7732.27  20.1053
7733.31  14.819
7734.35  11.6765
7735.39  12.0279
7736.43  17.9457
7737.47  23.1933
7738.51  20.7114
7739.55  21.8371
7740.59  23.5355
7741.63  19.8454
7742.67  17.851
7743.71  18.5589
7744.75  26.3204
7745.79  30.5528
7746.83  25.6919
7747.87  21.0504
7748.91  18.8083
7749.95  24.839
7750.99  29.3247
7752.03  30.8765
7753.07  18.6286
7754.11  24.0165
7755.15  49.2967
7756.19  20.8185
7757.23  2.87572
7758.27  35.7261
7759.31  49.9211
7760.35  50.4281
7761.39  22.458
7762.43  5.91152
7763.47  0.454092
7764.51  3.59311
7765.55  14.7836
7766.59  33.7466
7767.63  28.6766
7768.67  19.6924
7769.71  16.4404
7770.75  26.8588
7771.79  40.0888
7772.83  37.8108
7773.87  28.1877
7774.91  14.4869
7775.95  14.1111
7776.99  18.8982
7778.03  28.2548
7779.07  15.0731
7780.11  4.64183
7781.15  22.1944
7782.19  31.6292
7783.23  35.5391
7784.27  31.7528
7785.31  30.6206
7786.35  32.9322
7787.39  33.9896
7788.43  33.1119
7789.47  28.8261
7790.51  29.1029
7791.55  28.5429
7792.59  18.9133
7793.63  20.4027
7794.67  29.8835
7795.71  41.8142
7796.75  49.1894
7797.79  49.8829
7798.83  29.8141
7799.87  16.5963
7800.91  31.6485
7801.95  33.1822
7802.99  31.9047
7804.03  38.4749
7805.07  27.9227
7806.11  8.2618
7807.15  17.9934
7808.19  30.462
7809.23  40.1112
7810.27  33.3007
7811.31  28.503
7812.35  44.7602
7813.39  35.7773
7814.43  21.3617
7815.47  34.8867
7816.51  39.0767
7817.55  33.0563
7818.59  24.5665
7819.63  19.0551
7820.67  19.3129
7821.71  24.5337
7822.75  32.6532
7823.79  44.8012
7824.83  42.312
7825.87  31.0962
7826.91  20.4229
7827.95  13.9549
7828.99  13.0484
7830.03  25.6078
7831.07  35.0692
7832.11  32.9026
7833.15  25.3729
7834.19  18.1302
7835.23  20.6653
7836.27  22.3134
7837.31  23.4753
7838.35  23.5956
7839.39  29.144
7840.43  40.8737
7841.47  42.4037
7842.51  36.5097
7843.55  17.3253
7844.59  23.217
7845.63  36.8321
7846.67  41.0332
7847.71  37.5018
7848.75  29.9111
7849.79  39.0948
7850.83  39.9246
7851.87  25.5295
7852.91  14.7015
7853.95  12.8284
7854.99  34.3772
7856.03  32.4611
7857.07  20.2844
7858.11  9.94676
7859.15  16.9637
7860.19  36.4864
7861.23  17.5345
7862.27  11.4402
7863.31  39.4868
7864.35  35.0682
7865.39  29.3042
7866.43  52.8023
7867.47  42.357
7868.51  16.1463
7869.55  10.3351
7870.59  16.1838
7871.63  30.7791
7872.67  16.6611
7873.71  9.84564
7874.75  30.5479
7875.79  35.0894
7876.83  33.8987
7877.87  30.2123
7878.91  33.3195
7879.95  38.8823
7880.99  30.6466
7882.03  23.4181
7883.07  19.9899
7884.11  21.5008
7885.15  23.5588
7886.19  22.3967
7887.23  25.3972
7888.27  30.081
7889.31  34.3059
7890.35  37.3702
7891.39  39.9051
7892.43  46.1489
7893.47  50.392
7894.51  50.6303
7895.55  65.9456
7896.59  77.1161
7897.63  65.8047
7898.67  63.4544
7899.71  63.7633
7900.75  61.5798
7901.79  50.7252
7902.83  33.2542
7903.87  29.7318
7904.91  30.1758
7905.95  32.1903
7906.99  32.6003
7908.03  38.144
7909.07  53.3475
7910.11  87.8461
7911.15  139.295
7912.19  207.875
7913.23  273.516
7914.27  331.619
7915.31  373.015
7916.35  378.721
7917.39  329.962
7918.43  278.977
7919.47  215.635
7920.51  125.888
7921.55  68.4877
7922.59  42.9479
7923.63  62.9268
7924.67  63.4198
7925.71  29.921
7926.75  31.9023
7927.79  35.7314
7928.83  21.4424
7929.87  21.1992
7930.91  27.9667
7931.95  40.2661
7932.99  41.2591
7934.03  34.293
7935.07  37.4852
7936.11  56.967
7937.15  97.4784
7938.19  118.794
7939.23  135.332
7940.27  159.511
7941.31  152.06
7942.35  127.051
7943.39  104.975
7944.43  85.0837
7945.47  67.7566
7946.51  52.7788
7947.55  40.3205
7948.59  30.5752
7949.63  19.9437
7950.67  15.4238
7951.71  28.0152
7952.75  34.0025
7953.79  36.5578
7954.83  42.6878
7955.87  43.9232
7956.91  39.3138
7957.95  33.2631
7958.99  28.5548
7960.03  26.9494
7961.07  33.1703
7962.11  37.8625
7963.15  24.337
7964.19  21.9722
7965.23  28.1622
7966.27  36.0862
7967.31  33.8253
7968.35  18.2874
7969.39  29.4016
7970.43  41.8753
7971.47  39.926
7972.51  42.8764
7973.55  43.6685
7974.59  30.2948
7975.63  23.0838
7976.67  22.2665
7977.71  23.7836
7978.75  27.8906
7979.79  34.8054
7980.83  35.4453
7981.87  33.1663
7982.91  29.1587
7983.95  25.2642
7984.99  21.0131
7986.03  12.7495
7987.07  17.8096
7988.11  34.6899
7989.15  30.2391
7990.19  30.1136
7991.23  47.1077
7992.27  34.3814
7993.31  20.9703
7994.35  38.7529
7995.39  42.3363
7996.43  35.3919
7997.47  19.1683
7998.51  11.9271
7999.55  16.9466
8000.59  29.3082
8001.63  41.4573
8002.67  51.586
8003.71  31.8535
8004.75  8.4943
8005.79  17.225
8006.83  25.5734
8007.87  32.8302
8008.91  38.4476
8009.95  37.214
8010.99  27.5851
8012.03  22.0015
8013.07  20.9433
8014.11  29.5038
8015.15  27.461
8016.19  24.6903
8017.23  39.2793
8018.27  42.1843
8019.31  33.3182
8020.35  15.9134
8021.39  14.7106
8022.43  42.0272
8023.47  38.4957
8024.51  30.3086
8025.55  35.025
8026.59  37.0353
8027.63  35.8293
8028.67  27.0947
8029.71  13.8813
8030.75  -0.731255
8031.79  13.1337
8032.83  25.779
8033.87  22.2652
8034.91  42.2053
8035.95  60.1489
8036.99  48.6927
8038.03  35.4765
8039.07  23.674
8040.11  28.0021
8041.15  32.3468
8042.19  33.8352
8043.23  26.9488
8044.27  23.1887
8045.31  32.4333
8046.35  28.5954
8047.39  22.6745
8048.43  26.6074
8049.47  30.6529
8050.51  33.7225
8051.55  29.9581
8052.59  29.2624
8053.63  34.2312
8054.67  35.5437
8055.71  35.7788
8056.75  36.731
8057.79  30.4293
8058.83  23.1983
8059.87  25.9086
8060.91  32.7809
8061.95  41.2441
8062.99  35.5651
8064.03  30.0032
8065.07  29.3075
8066.11  24.2599
8067.15  21.8708
8068.19  29.5735
8069.23  37.0124
8070.27  41.9255
8071.31  34.4751
8072.35  29.2796
8073.39  27.8708
8074.43  25.9461
8075.47  27.037
8076.51  34.1955
8077.55  31.1184
8078.59  27.0146
8079.63  32.4082
8080.67  30.8597
8081.71  25.8477
8082.75  28.8383
8083.79  28.0187
8084.83  21.9383
8085.87  30.1164
8086.91  36.5296
8087.95  30.7664
8088.99  29.0771
8090.03  28.5893
8091.07  27.7083
8092.11  31.5369
8093.15  37.5147
8094.19  30.1984
8095.23  31.4857
8096.27  47.3847
8097.31  67.7643
8098.35  81.5567
8099.39  72.8237
8100.43  78.6375
8101.47  88.4318
8102.51  89.9617
8103.55  84.389
8104.59  72.4528
8105.63  57.7486
8106.67  45.65
8107.71  39.1607
8108.75  29.0528
8109.79  23.02
8110.83  29.5524
8111.87  35.2052
8112.91  41.2082
8113.95  49.7956
8114.99  53.6411
8116.03  52.8589
8117.07  64.6233
8118.11  70.4975
8119.15  59.5313
8120.19  58.8378
8121.23  59.3196
8122.27  53.5986
8123.31  49.8319
8124.35  46.9367
8125.39  40.8584
8126.43  36.1114
8127.47  33.7312
8128.51  39.6087
8129.55  40.7896
8130.59  25.6925
8131.63  17.2486
8132.67  14.3659
8133.71  24.4879
8134.75  26.7376
8135.79  22.3917
8136.83  20.1592
8137.87  18.951
8138.91  18.8251
8139.95  28.7696
8140.99  35.9915
8142.03  26.672
8143.07  29.4677
8144.11  36.3246
8145.15  36.6399
8146.19  34.2008
8147.23  29.6708
8148.27  27.3046
8149.31  24.2435
8150.35  19.0656
8151.39  19.3153
8152.43  23.4792
8153.47  34.3346
8154.51  34.3397
8155.55  28.0214
8156.59  22.352
8157.63  25.2568
8158.67  36.6035
8159.71  32.1023
8160.75  29.1719
8161.79  36.2788
8162.83  42.2144
8163.87  43.8512
8164.91  31.6547
8165.95  23.6431
8166.99  20.9358
8168.03  31.4773
8169.07  37.3952
8170.11  34.708
8171.15  28.7636
8172.19  22.2402
8173.23  16.499
8174.27  17.9828
8175.31  22.3636
8176.35  23.7866
8177.39  26.368
8178.43  29.4636
8179.47  28.0729
8180.51  29.2254
8181.55  35.3865
8182.59  33.1562
8183.63  30.1558
8184.67  32.0056
8185.71  31.7803
8186.75  32.0272
8187.79  39.0177
8188.83  40.9673
8189.87  37.0593
8190.91  26.7921
8191.95  22.7275
8192.99  32.3223
8194.03  30.5234
8195.07  27.6152
8196.11  32.3243
8197.15  31.6723
8198.19  28.556
8199.23  29.7094
8200.27  31.2557
8201.31  32.7682
8202.35  34.2221
8203.39  34.6557
8204.43  33.0285
8205.47  34.0753
8206.51  34.5955
8207.55  29.7303
8208.59  28.6265
8209.63  30.0748
8210.67  29.4422
8211.71  29.3474
8212.75  30.2942
8213.79  35.4201
8214.83  36.8242
8215.87  26.3578
8216.91  22.629
8217.95  22.4067
8218.99  25.3555
8220.03  27.7843
8221.07  29.4192
8222.11  28.3505
8223.15  31.8615
8224.19  43.2583
8225.23  41.8805
8226.27  34.8018
8227.31  21.784
8228.35  23.6593
8229.39  32.2513
8230.43  34.8841
8231.47  30.7263
8232.51  21.5155
8233.55  27.3202
8234.59  31.0132
8235.63  25.2466
8236.67  23.7072
8237.71  25.0479
8238.75  31.1214
8239.79  36.4243
8240.83  40.7597
8241.87  44.4246
8242.91  39.256
8243.95  25.0783
8244.99  26.0005
8246.03  28.9516
8247.07  28.9657
8248.11  26.1247
8249.15  23.1476
8250.19  24.2416
8251.23  25.4773
8252.27  26.9478
8253.31  29.2446
8254.35  31.9727
8255.39  35.0732
8256.43  27.474
8257.47  21.5247
8258.51  26.4905
8259.55  33.5278
8260.59  39.7448
8261.63  36.4336
8262.67  35.645
8263.71  36.6941
8264.75  31.3769
8265.79  26.9423
8266.83  25.5237
8267.87  27.1426
8268.91  28.7489
8269.95  27.2043
8270.99  24.7623
8272.03  23.5659
8273.07  30.9673
8274.11  36.2838
8275.15  38.0198
8276.19  32.14
8277.23  27.9261
8278.27  30.4235
8279.31  29.5391
8280.35  26.6058
8281.39  18.8104
8282.43  21.4569
8283.47  30.6164
8284.51  36.584
8285.55  41.5283
8286.59  45.08
8287.63  39.7864
8288.67  31.6498
8289.71  20.0964
8290.75  31.9822
8291.79  46.3897
8292.83  35.4038
8293.87  22.9076
8294.91  13.6225
8295.95  32.327
8296.99  40.643
8298.03  28.6511
8299.07  43.5077
8300.11  52.7982
8301.15  30.8753
8302.19  20.4236
8303.23  17.4297
8304.27  25.3932
8305.31  35.4741
8306.35  45.8264
8307.39  50.6126
8308.43  47.5657
8309.47  34.3231
8310.51  27.4629
8311.55  24.5314
8312.59  27.2983
8313.63  27.8199
8314.67  27.8274
8315.71  30.7748
8316.75  31.1364
8317.79  29.0136
8318.83  33.7899
8319.87  39.2602
8320.91  43.7717
8321.95  40.2592
8322.99  35.3401
8324.03  36.4713
8325.07  36.499
8326.11  35.6519
8327.15  33.2632
8328.19  34.4214
8329.23  39.6477
8330.27  34.7432
8331.31  32.19
8332.35  41.7043
8333.39  38.7731
8334.43  32.3497
8335.47  30.7776
8336.51  29.63
8337.55  29.6216
8338.59  35.7725
8339.63  37.7318
8340.67  32.4451
8341.71  31.1183
8342.75  31.6002
8343.79  35.911
8344.83  27.6892
8345.87  18.1083
8346.91  29.8093
8347.95  31.9851
8348.99  24.4796
8350.03  16.0285
8351.07  22.8217
8352.11  56.1113
8353.15  50.1357
8354.19  32.9043
8355.23  16.2405
8356.27  29.4778
8357.31  56.1073
8358.35  62.8279
8359.39  48.1946
8360.43  16.8208
8361.47  42.3995
8362.51  58.0492
8363.55  28.6262
8364.59  25.579
8365.63  31.0095
8366.67  37.7648
8367.71  36.7103
8368.75  31.2827
8369.79  32.0199
8370.83  34.91
8371.87  39.3695
8372.91  40.8955
8373.95  41.631
8374.99  42.725
8376.03  41.6856
8377.07  39.1631
8378.11  34.9597
8379.15  30.3562
8380.19  27.6159
8381.23  40.5337
8382.27  47.5129
8383.31  42.2131
8384.35  41.8993
8385.39  42.5911
8386.43  41.5883
8387.47  51.3438
8388.51  63.2389
8389.55  60.9909
8390.59  53.8597
8391.63  44.2918
8392.67  45.7494
8393.71  43.2783
8394.75  30.3382
8395.79  28.6472
8396.83  29.8507
8397.87  28.6761
8398.91  26.3658
8399.95  25.529
8400.99  34.133
8402.03  45.4639
8403.07  56.3771
8404.11  34.6134
8405.15  7.07887
8406.19  -20.6329
8407.23  3.99543
8408.27  42.5992
8409.31  54.6359
8410.35  61.9796
8411.39  62.3911
8412.43  43.8015
8413.47  30.8007
8414.51  28.7133
8415.55  30.3455
8416.59  34.7963
8417.63  42.0709
8418.67  43.6116
8419.71  46.0248
8420.75  62.0741
8421.79  68.848
8422.83  65.4798
8423.87  45.5855
8424.91  39.7226
8425.95  58.998
8426.99  58.6216
8428.03  51.0695
8429.07  38.1309
8430.11  34.9517
8431.15  34.1973
8432.19  17.3437
8433.23  24.1375
8434.27  52.9702
8435.31  64.6772
8436.35  66.9431
8437.39  58.6158
8438.43  57.466
8439.47  49.1895
8440.51  9.34262
8441.55  14.6498
8442.59  43.4925
8443.63  46.0256
8444.67  47.7064
8445.71  50.562
8446.75  43.5788
8447.79  35.8216
8448.83  31.1808
8449.87  30.6679
8450.91  32.5035
8451.95  35.5659
8452.99  35.6369
8454.03  34.5738
8455.07  39.9462
8456.11  45.5497
8457.15  49.9678
8458.19  37.4566
8459.23  26.9617
8460.27  33.528
8461.31  31.6986
8462.35  29.8572
8463.39  40.164
8464.43  43.9895
8465.47  41.1336
8466.51  31.707
8467.55  31.1597
8468.59  45.9159
8469.63  50.1185
8470.67  49.2079
8471.71  40.9873
8472.75  45.4116
8473.79  55.2075
8474.83  58.0062
8475.87  63.4442
8476.91  70.133
8477.95  58.8811
8478.99  47.8803
8480.03  44.178
8481.07  39.7149
8482.11  37.1712
8483.15  40.0229
8484.19  37.5933
8485.23  33.333
8486.27  36.2252
8487.31  42.2974
8488.35  50.1091
8489.39  43.5439
8490.43  37.8288
8491.47  41.4592
8492.51  42.4789
8493.55  40.9257
8494.59  30.5885
8495.63  34.5486
8496.67  47.3487
8497.71  46.2001
8498.75  45.2046
8499.79  46.931
8500.83  49.6674
8501.87  49.1827
8502.91  38.2948
8503.95  42.8248
8504.99  51.0096
8506.03  47.473
8507.07  36.5773
8508.11  23.1129
8509.15  38.7371
8510.19  45.5874
8511.23  30.2889
8512.27  34.0286
8513.31  39.2911
8514.35  33.3467
8515.39  33.2161
8516.43  36.6212
8517.47  42.8708
8518.51  45.3818
8519.55  43.6766
8520.59  41.9449
8521.63  38.6496
8522.67  32.2439
8523.71  35.5941
8524.75  41.707
8525.79  46.4003
8526.83  41.5991
8527.87  32.4992
8528.91  35.1289
8529.95  35.4092
8530.99  31.7921
8532.03  38.7344
8533.07  43.9279
8534.11  39.0463
8535.15  41.4097
8536.19  44.9183
8537.23  43.7884
8538.27  41.0128
8539.31  38.0429
8540.35  43.0168
8541.39  41.4069
8542.43  29.357
8543.47  36.6204
8544.51  44.8908
8545.55  44.3669
8546.59  31.3104
8547.63  18.3134
8548.67  31.7789
8549.71  42.0634
8550.75  48.2348
8551.79  56.7716
8552.83  59.3185
8553.87  52.5275
8554.91  45.7271
8555.95  40.8734
8556.99  43.3538
8558.03  40.4674
8559.07  34.949
8560.11  29.5807
8561.15  29.5469
8562.19  34.4459
8563.23  30.4367
8564.27  28.5657
8565.31  34.1764
8566.35  36.1593
8567.39  35.1719
8568.43  27.0606
8569.47000000001  28.8319
8570.51  35.7238
8571.55  33.6291
8572.59  31.5879
8573.63  30.7483
8574.67  25.2202
8575.71  22.4168
8576.75  28.1472
8577.79  31.7523
8578.83  32.3328
8579.87  23.0908
8580.91  22.0207
8581.95  26.9521
8582.99  26.7365
8584.03  26.1683
8585.07  26.0201
8586.11  32.5144
8587.15  37.1304
8588.19  31.5303
8589.23  31.6834
8590.27  33.8073
8591.31  34.019
8592.35  33.2068
8593.39  32.13
8594.43  35.9994
8595.47  40.2641
8596.51  44.0772
8597.55  36.3839
8598.59  27.9761
8599.63  28.3945
8600.67  32.6069
8601.71  38.0174
8602.75  37.9319
8603.79  32.0221
8604.83  22.0417
8605.87  32.2083
8606.91  41.9458
8607.95  42.879
8608.99  36.9025
8610.03  29.4153
8611.07  27.3286
8612.11  29.3623
8613.15  32.7543
8614.19  26.1851
8615.23  23.8308
8616.27  28.1137
8617.31  29.5443
8618.35  30.7662
8619.39  32.3872
8620.43  35.3101
8621.47  38.6394
8622.51  42.9408
8623.55  39.9315
8624.59  30.3572
8625.63  15.3148
8626.67  11.7912
8627.71  25.6549
8628.75  37.6806
8629.79  44.0626
8630.83  37.2476
8631.87  26.1124
8632.91  16.9576
8633.95  26.9414
8634.99  40.7881
8636.03  54.1729
8637.07  40.3093
8638.11  31.1565
8639.15  39.7692
8640.19  35.2549
8641.23  31.1741
8642.27  39.5697
8643.31  41.876
8644.35  41.4799
8645.39  46.8066
8646.43  43.0629
8647.47  29.8553
8648.51  30.1014
8649.55  30.3891
8650.59  23.6226
8651.63  31.1511
8652.67  39.5961
8653.71  31.0077
8654.75  36.8243
8655.79  50.5812
8656.83  50.9051
8657.87  49.4425
8658.91  47.6882
8659.95  33.2687
8660.99  27.5819
8662.03  53.0575
8663.07  48.8237
8664.11  34.1094
8665.15  22.4596
8666.19  29.6249
8667.23  50.2022
8668.27  56.1363
8669.31  50.771
8670.35  32.5849
8671.39  29.1135
8672.43  27.5423
8673.47  17.911
8674.51  23.4583
8675.55  32.4061
8676.59  20.527
8677.63  16.6496
8678.67  22.2878
8679.71  33.0905
8680.75  38.5239
8681.79  31.7088
8682.83  40.1692
8683.87  48.5782
8684.91  42.7941
8685.95  39.597
8686.99  37.6601
8688.03  33.168
8689.07  41.352
8690.11  61.6196
8691.15  49.3648
8692.19  35.2226
8693.23  32.8951
8694.27  29.159
8695.31  27.8538
8696.35  33.3067
8697.39  37.5524
8698.43  41.0863
8699.47  46.0516
8700.51  48.6603
8701.55  47.9564
8702.59  40.6383
8703.63  35.1369
8704.67  39.0075
8705.71  37.593
8706.75  35.8887
8707.79  40.2238
8708.83  42.5499
8709.87  42.4845
8710.91  39.4147
8711.95  34.4536
8712.99  27.4788
8714.03  32.5055
8715.07  40.1238
8716.11  43.9334
8717.15  47.5737
8718.19  48.8341
8719.23  40.7766
8720.27  37.0073
8721.31  38.2199
8722.35  39.1523
8723.39  37.5761
8724.43  30.9606
8725.47  33.6755
8726.51  39.0611
8727.55  42.4006
8728.59  44.6428
8729.63  45.2586
8730.67  40.7756
8731.71  40.6162
8732.75  45.7267
8733.79  45.5666
8734.83  43.6231
8735.87  40.1193
8736.91  40.7349
8737.95  40.4637
8738.99  30.3685
8740.03  29.465
8741.07  35.2521
8742.11  38.6759
8743.15  39.9542
8744.19  38.7261
8745.23  40.795
8746.27  39.9648
8747.31  28.7262
8748.35  31.1653
8749.39  39.2148
8750.43  45.9554
8751.47  43.6274
8752.51  35.0426
8753.55  39.5542
8754.59  42.1772
8755.63  38.5039
8756.67  38.8466
8757.71  40.3548
8758.75  42.2139
8759.79  43.2293
8760.83  41.5505
8761.87  28.9104
8762.91  24.0738
8763.95  28.3381
8764.99  34.6068
8766.03000000001  40.8799
8767.07  44.7924
8768.11  60.5481
8769.15  69.3614
8770.19  44.1094
8771.23  34.9534
8772.27  34.1716
8773.31  22.3352
8774.35  15.8305
8775.39  17.1565
8776.43  25.1924
8777.47  39.9084
8778.51  65.231
8779.55  76.46
8780.59  71.3559
8781.63  26.3185
8782.67  22.3359
8783.71  48.0162
8784.75  58.48
8785.79  48.5101
8786.83  14.1207
8787.87  32.799
8788.91  44.8732
8789.95  -3.0729
8790.99  15.4401
8792.03  53.6521
8793.07  48.3245
8794.11  45.576
8795.15  46.0583
8796.19  39.4412
8797.23  33.7516
8798.27  31.0426
8799.31  41.1262
8800.35  48.0922
8801.39  32.0691
8802.43  35.4155
8803.47  45.3875
8804.51  35.3824
8805.55  33.9456
8806.59  42.554
8807.63  46.2732
8808.67  44.2793
8809.71  32.4526
8810.75  36.835
8811.79  43.0138
8812.83  37.188
8813.87  30.5695
8814.91  25.8009
8815.95  35.4532
8816.99  38.6883
8818.03  32.5452
8819.07  39.2736
8820.11  42.0944
8821.15  28.4636
8822.19  30.8966
8823.23  38.2176
8824.27  41.43
8825.31  41.2843
8826.35  38.8021
8827.39  39.1354
8828.43  38.7001
8829.47  36.8307
8830.51  14.6877
8831.55  -3.41442
8832.59  1.2001
8833.63  13.6411
8834.67  31.4187
8835.71  52.7398
8836.75  50.5565
8837.79  26.7395
8838.83  -1.90099
8839.87  -1.84051
8840.91  46.9477
8841.95  56.7033
8842.99  48.1121
8844.03  20.303
8845.07  6.76994
8846.11  8.12089
8847.15  42.8334
8848.19  57.5575
8849.23  47.0836
8850.27  33.7242
8851.31  23.8137
8852.35  23.9681
8853.39  18.4125
8854.43  15.8333
8855.47  29.4996
8856.51  25.6074
8857.55  12.302
8858.59  14.8431
8859.63  18.4568
8860.67  21.1972
8861.71  30.2456
8862.75  36.1537
8863.79  31.9731
8864.83  27.1798
8865.87  23.2793
8866.91  25.6037
8867.95  28.6019
8868.99  31.0503
8870.03  25.827
8871.07  25.8306
8872.11  34.8849
8873.15  33.6631
8874.19  29.7898
8875.23  27.0286
8876.27  20.7886
8877.31  16.8069
8878.35  28.8204
8879.39000000001  38.3536
8880.43  43.7402
8881.47  43.8476
8882.51  39.9284
8883.55  31.4786
8884.59  30.0769
8885.63  28.6399
8886.67  18.9698
8887.71  18.3343
8888.75  26.5602
8889.79  56.597
8890.83  52.9295
8891.87  13.6198
8892.91  22.5781
8893.95  26.3243
8894.99  -0.964089
8896.03  -12.5824
8897.07  -7.11116
8898.11  39.7968
8899.15  51.2365
8900.19  37.3942
8901.23  26.2046
8902.27  17.0831
8903.31  11.3834
8904.35  12.9048
8905.39  19.5672
8906.43  33.5661
8907.47  38.4653
8908.51  31.0479
8909.55  -9.57268
8910.59  -22.317
8911.63  -10.7572
8912.67  -3.37855
8913.71  14.4629
8914.75  46.9429
8915.79  39.9923
8916.83  23.9773
8917.87  17.035
8918.91  11.4125
8919.95  9.69214
8920.99  18.7953
8922.03  28.9638
8923.07  34.5971
8924.11  -8.73686
8925.15  -39.7975
8926.19  -33.779
8927.23  -13.0258
8928.27  5.81936
8929.31  -0.796272
8930.35  -15.8315
8931.39  -32.2694
