3753.62  110.424
3754.66  245.232
3755.7  97.1042
3756.74  20.3499
3757.78  62.388
3758.82  200.516
3759.86  581.018
3760.9  475.327
3761.94  145.728
3762.98  72.7877
3764.02  62.2325
3765.06  279.709
3766.1  40.0726
3767.14  116.953
3768.18  139.079
3769.22  240.427
3770.26  170.322
3771.3  47.2817
3772.34  78.2506
3773.38  212.506
3774.42  -11.3679
3775.46  55.0675
3776.5  -126.698
3777.54  121.841
3778.58  49.2075
3779.62  125.235
3780.66  -55.1975
3781.7  -230.453
3782.74  264.464
3783.78  511.708
3784.82  311.738
3785.86  294.576
3786.9  395.668
3787.94  49.6466
3788.98  -32.6169
3790.02  49.2718
3791.06  15.7122
3792.1  23.0651
3793.14  260.918
3794.18  115.567
3795.22  275.085
3796.26  206.718
3797.3  254.911
3798.34  79.7292
3799.38  -70.7428
3800.42  -33.0431
3801.46  -91.7816
3802.5  133.95
3803.54  278.204
3804.58  236.206
3805.62  188.686
3806.66  -11.8287
3807.7  -35.9171
3808.74  -52.8198
3809.78  42.6993
3810.82  52.9306
3811.86  4.27099
3812.9  -99.293
3813.94  -128.457
3814.98  11.9364
3816.02  230.809
3817.06  135.211
3818.1  57.6569
3819.14  11.5088
3820.18  221.769
3821.22  262.379
3822.26  0.256954
3823.3  -4.65786
3824.34  -33.8476
3825.38  -148.08
3826.42  51.4086
3827.46  253.77
3828.5  211.313
3829.54  175.601
3830.58  -23.2509
3831.62  51.3097
3832.66  216.125
3833.7  44.1444
3834.74  125.025
3835.78  149.576
3836.82  213.191
3837.86  156.18
3838.9  206.406
3839.94  176.61
3840.98  28.6485
3842.02  154.828
3843.06  79.1724
3844.1  94.7452
3845.14  -27.502
3846.18  124.901
3847.22  115.719
3848.26  5.86737
3849.3  143.45
3850.34  -5.20302
3851.38  33.618
3852.42  100.079
3853.46  300.648
3854.5  64.0632
3855.54  -34.8646
3856.58  38.8575
3857.62  56.0838
3858.66  66.6395
3859.7  135.931
3860.74  124.725
3861.78  112.664
3862.82  115.274
3863.86  272.326
3864.9  39.9309
3865.94  395.192
3866.98  83.9125
3868.02  135.487
3869.06  96.2706
3870.1  13.0034
3871.14  16.4239
3872.18  108.297
3873.22  280.915
3874.26  112.095
3875.3  59.8348
3876.34  154.297
3877.38  151.424
3878.42  105.463
3879.46  142.209
3880.5  221.639
3881.54  223.217
3882.58  48.1265
3883.62  172.54
3884.66  149.82
3885.7  59.2701
3886.74  -29.0468
3887.78  92.0369
3888.82  75.5231
3889.86  138.674
3890.9  158.819
3891.94  71.2067
3892.98  38.8462
3894.02  144.695
3895.06  43.9901
3896.1  -32.7554
3897.14  -2.32924
3898.18  49.9297
3899.22  49.2336
3900.26  -12.7184
3901.3  84.4154
3902.34  72.4454
3903.38  -16.9609
3904.42  100.018
3905.46  74.4308
3906.5  104.13
3907.54  107.594
3908.58  51.9967
3909.62  50.1124
3910.66  19.4545
3911.7  43.7168
3912.74  -1.43313
3913.78  106.417
3914.82  180.63
3915.86  91.3538
3916.9  92.1572
3917.94  86.0077
3918.98  52.28
3920.02  27.3719
3921.06  8.23491
3922.1  1.9917
3923.14  10.6619
3924.18  -12.6486
3925.22  146.407
3926.26  103.34
3927.3  125.701
3928.34  11.6641
3929.38  127.422
3930.42  150.54
3931.46  98.4489
3932.5  132.273
3933.54  15.5624
3934.58  108.014
3935.62  49.9646
3936.66  98.5465
3937.7  94.9959
3938.74  16.9688
3939.78  -43.9007
3940.82  62.6308
3941.86  24.4439
3942.9  108.948
3943.94  114.736
3944.98  51.4684
3946.02  -82.5733
3947.06  -113.806
3948.1  -1.76788
3949.14  94.9997
3950.18  178.066
3951.22  11.838
3952.26  51.3866
3953.3  17.3713
3954.34  -7.19757
3955.38  12.1934
3956.42  67.5092
3957.46  1.416
3958.5  -56.476
3959.54  148.055
3960.58  11.6577
3961.62  -30.4384
3962.66  83.4497
3963.7  101.784
3964.74  69.2425
3965.78  116.27
3966.82  126.802
3967.86  75.4242
3968.9  55.3599
3969.94  54.0807
3970.98  42.5243
3972.02  8.94163
3973.06  -15.6664
3974.1  91.832
3975.14  119.656
3976.18  82.641
3977.22  84.5198
3978.26  39.5174
3979.3  -17.8987
3980.34  -2.18932
3981.38  91.5276
3982.42  34.8433
3983.46  8.6772
3984.5  198.026
3985.54  89.2435
3986.58  -10.6364
3987.62  1.96425
3988.66  46.0502
3989.7  86.8025
3990.74  132.573
3991.78  163.978
3992.82  105.149
3993.86  63.5384
3994.9  133.281
3995.94  17.0522
3996.98  -7.52731
3998.02  -12.1781
3999.06  24.6755
4000.1  130.013
4001.14  81.0757
4002.18  119.541
4003.22  126.609
4004.26  27.2125
4005.3  -14.957
4006.34  -7.47514
4007.38  8.34332
4008.42  46.2863
4009.46  -47.3292
4010.5  54.3225
4011.54  34.1186
4012.58  37.7941
4013.62  111.951
4014.66  106.528
4015.7  72.0204
4016.74  74.204
4017.78  63.3226
4018.82  124.623
4019.86  81.275
4020.9  54.8138
4021.94  159.234
4022.98  26.5843
4024.02  63.2196
4025.06  172.273
4026.1  131.19
4027.14  16.7281
4028.18  112.305
4029.22  84.132
4030.26  69.487
4031.3  100.975
4032.34  135.573
4033.38  60.4791
4034.42  56.5183
4035.46  52.3667
4036.5  124.573
4037.54  107.421
4038.58  121.391
4039.62  145.765
4040.66  47.2849
4041.7  81.1477
4042.74  120.156
4043.78  84.6243
4044.82  70.9242
4045.86  163.253
4046.9  173.27
4047.94  62.9174
4048.98  51.3054
4050.02  11.0616
4051.06  -22.3185
4052.1  37.3289
4053.14  105.215
4054.18  116.956
4055.22  106.313
4056.26  140.05
4057.3  118.194
4058.34  125.041
4059.38  34.9834
4060.42  27.2699
4061.46  134.446
4062.5  100.739
4063.54  50.4844
4064.58  161.904
4065.62  121.842
4066.66  48.4022
4067.7  141.579
4068.74  144.757
4069.78  15.2741
4070.82  -12.5819
4071.86  111.534
4072.9  118.89
4073.94  112.95
4074.98  112.122
4076.02  120.552
4077.06  111.669
4078.1  68.952
4079.14  143.645
4080.18  -63.1032
4081.22  -86.7421
4082.26  46.674
4083.3  106.47
4084.34  106.462
4085.38  205.49
4086.42  102.791
4087.46  -58.1454
4088.5  -8.08673
4089.54  32.2036
4090.58  39.8621
4091.62  39.1447
4092.66  49.9087
4093.7  138.485
4094.74  7.41238
4095.78  -1.0317
4096.82  38.4797
4097.86  33.5928
4098.9  123.443
4099.94  43.6443
4100.98  138.635
4102.02  59.5157
4103.06  -0.21263
4104.1  58.1
4105.14  214.239
4106.18  81.7433
4107.22  37.6263
4108.26  86.8182
4109.3  137.257
4110.34  66.797
4111.38  20.0182
4112.42  73.6538
4113.46  60.2319
4114.5  95.1348
4115.54  96.3936
4116.58  29.4663
4117.62  25.0804
4118.66  96.3475
4119.7  28.7515
4120.74  60.7221
4121.78  61.8772
4122.82  -13.9434
4123.86  33.484
4124.9  53.8326
4125.94  85.327
4126.98  82.398
4128.02  41.7488
4129.06  137.026
4130.1  108.341
4131.14  34.1962
4132.18  0.663267
4133.22  55.6253
4134.26  147.107
4135.3  131.857
4136.34  28.7017
4137.38  71.7242
4138.42  94.7094
4139.46  73.1536
4140.5  3.9208
4141.54  36.7267
4142.58  37.5623
4143.62  84.631
4144.66  116.615
4145.7  142.078
4146.74  49.6138
4147.78  60.1914
4148.82  96.6767
4149.86  81.3762
4150.9  92.331
4151.94  71.9551
4152.98  89.0763
4154.02  109.68
4155.06  29.3715
4156.1  26.831
4157.14  64.8765
4158.18  16.4597
4159.22  48.4998
4160.26  157.358
4161.3  131.019
4162.34  123.654
4163.38  40.1077
4164.42  30.7572
4165.46  87.4632
4166.5  22.1835
4167.54  6.53562
4168.58  89.9922
4169.62  82.2748
4170.66  75.3288
4171.7  95.8737
4172.74  50.5347
4173.78  59.7555
4174.82  90.0147
4175.86  80.026
4176.9  151.535
4177.94  96.8247
4178.98  30.1457
4180.02  77.9792
4181.06  101.494
4182.1  102.571
4183.14  45.7615
4184.18  110.779
4185.22  133.612
4186.26  95.9205
4187.3  99.0512
4188.34  154.025
4189.38  64.5176
4190.42  13.3362
4191.46  74.2716
4192.5  89.1519
4193.54  71.4296
4194.58  29.9635
4195.62  22.4467
4196.66  103.825
4197.7  159.287
4198.74  89.4786
4199.78  64.96
4200.82  96.2042
4201.86  54.6669
4202.9  116.652
4203.94  53.0268
4204.98  -15.788
4206.02  46.7819
4207.06  115.794
4208.1  107.492
4209.14  59.5304
4210.18  89.8896
4211.22  60.7218
4212.26  144.936
4213.3  42.4545
4214.34  126.381
4215.38  89.3821
4216.42  16.9054
4217.46  13.9012
4218.5  56.5257
4219.54  127.613
4220.58  163.708
4221.62  -7.41348
4222.66  41.5388
4223.7  75.177
4224.74  111.535
4225.78  43.4857
4226.82  99.1814
4227.86  90.6236
4228.9  38.1079
4229.94  75.4631
4230.98  110.962
4232.02  74.4578
4233.06  45.5701
4234.1  84.9346
4235.14  58.9741
4236.18  130.143
4237.22  71.6878
4238.26  92.7828
4239.3  57.5118
4240.34  35.7874
4241.38  62.3282
4242.42  105.807
4243.46  52.1933
4244.5  35.5653
4245.54  71.6551
4246.58  108.948
4247.62  80.1442
4248.66  59.3963
4249.7  19.4776
4250.74  0.731903
4251.78  35.2687
4252.82  81.9989
4253.86  112.763
4254.9  87.9189
4255.94  69.6603
4256.98  60.107
4258.02  90.8324
4259.06  126.366
4260.1  42.3633
4261.14  48.0265
4262.18  66.6767
4263.22  99.5951
4264.26  77.5265
4265.3  72.0963
4266.34  72.4172
4267.38  27.3128
4268.42  25.0159
4269.46  55.2663
4270.5  128.402
4271.54  53.328
4272.58  88.5382
4273.62  4.01529
4274.66  28.8232
4275.7  57.6713
4276.74  72.248
4277.78  26.4771
4278.82  71.9988
4279.86  73.6527
4280.9  84.0381
4281.94  93.3206
4282.98  54.2806
4284.02  28.7701
4285.06  45.372
4286.1  50.0334
4287.14  50.0506
4288.18  70.6431
4289.22  66.0736
4290.26  71.0229
4291.3  90.606
4292.34  66.3613
4293.38  63.8808
4294.42  113.643
4295.46  31.2331
4296.5  32.3615
4297.54  62.6221
4298.58  122.053
4299.62  118.909
4300.66  96.583
4301.7  66.577
4302.74  76.3142
4303.78  70.7569
4304.82  97.2242
4305.86  65.1931
4306.9  50.3139
4307.94  45.7609
4308.98  59.7942
4310.02  45.2432
4311.06  84.4882
4312.1  -1.88445
4313.14  69.5252
4314.18  22.4118
4315.22  152.102
4316.26  76.3311
4317.3  92.2712
4318.34  44.558
4319.38  41.8085
4320.42  46.0807
4321.46  92.69
4322.5  25.9712
4323.54  48.3954
4324.58  71.5993
4325.62  76.4695
4326.66  117.577
4327.7  117.109
4328.74  69.5159
4329.78  -3.65115
4330.82  40.3182
4331.86  106.113
4332.9  110.598
4333.94  52.7164
4334.98  135.933
4336.02  78.0526
4337.06  18.4397
4338.1  39.6105
4339.14  53.7105
4340.18  45.7085
4341.22  43.2744
4342.26  4.3964
4343.3  85.2309
4344.34  132.831
4345.38  59.5204
4346.42  37.0949
4347.46  42.503
4348.5  74.3669
4349.54  61.4433
4350.58  90.4174
4351.62  76.2408
4352.66  51.4026
4353.7  93.4885
4354.74  52.2907
4355.78  47.5114
4356.82  30.5894
4357.86  47.8638
4358.9  89.9244
4359.94  72.3667
4360.98  61.6429
4362.02  83.9326
4363.06  74.0104
4364.1  85.9903
4365.14  64.9357
4366.18  39.3031
4367.22  37.5583
4368.26  54.0668
4369.3  78.0374
4370.34  59.1199
4371.38  47.4161
4372.42  25.2297
4373.46  79.0319
4374.5  89.2522
4375.54  35.2199
4376.58  24.7917
4377.62  59.0601
4378.66  99.7113
4379.7  96.6749
4380.74  49.2119
4381.78  73.9332
4382.82  73.5696
4383.86  62.3437
4384.9  86.107
4385.94  133.915
4386.98  65.7363
4388.02  81.3015
4389.06  19.5464
4390.1  73.84
4391.14  47.1085
4392.18  75.469
4393.22  35.0226
4394.26  132.976
4395.3  76.9369
4396.34  33.3861
4397.38  30.3163
4398.42  54.3325
4399.46  46.6538
4400.5  70.1119
4401.54  -10.0138
4402.58  38.3269
4403.62  39.9192
4404.66  47.098
4405.7  29.038
4406.74  31.0399
4407.78  70.0819
4408.82  34.081
4409.86  104.564
4410.9  55.9936
4411.94  107.498
4412.98  102.772
4414.02  72.0268
4415.06  44.095
4416.1  47.1035
4417.14  59.5895
4418.18  49.5533
4419.22  85.161
4420.26  113.992
4421.3  68.0279
4422.34  29.7194
4423.38  53.1055
4424.42  45.7978
4425.46  17.379
4426.5  59.5718
4427.54  74.7138
4428.58  124.921
4429.62  91.1294
4430.66  94.5161
4431.7  18.754
4432.74  19.5099
4433.78  54.7183
4434.82  64.1151
4435.86  31.5399
4436.9  77.7152
4437.94  60.5598
4438.98  41.9339
4440.02  21.1885
4441.06  36.4108
4442.1  67.3815
4443.14  56.308
4444.18  72.2085
4445.22  92.019
4446.26  67.2336
4447.3  50.3746
4448.34  42.0098
4449.38  55.9189
4450.42  47.5406
4451.46  63.1318
4452.5  86.2527
4453.54  105.487
4454.58  89.9865
4455.62  35.9164
4456.66  105.452
4457.7  95.7231
4458.74  0.15156
4459.78  65.4179
4460.82  89.802
4461.86  56.1734
4462.9  75.7321
4463.94  87.3047
4464.98  42.7858
4466.02  54.7829
4467.06  70.8383
4468.1  41.362
4469.14  31.1685
4470.18  42.0277
4471.22  72.9177
4472.26  85.2295
4473.3  28.0433
4474.34  58.6016
4475.38  69.0561
4476.42  50.9887
4477.46  86.3836
4478.5  73.695
4479.54  35.8276
4480.58  91.3807
4481.62  80.3503
4482.66  61.3819
4483.7  55.59039
4484.74  54.43724
4485.78  53.28463
4486.82  52.13147
4487.86  50.97832
4488.9  49.82516
4489.94  48.67201
4490.98  47.51886
4492.02  46.3657
4493.06  45.21255
4494.1  44.05939
4495.14  42.90624
4496.18  41.75309
4497.22  40.59993
4498.26  99.2231
4499.3  84.5744
4500.34  88.637
4501.38  26.9258
4502.42  66.8871
4503.46  54.3241
4504.5  47.9272
4505.54  90.2189
4506.58  165.985
4507.62  25.5071
4508.66  -11.8017
4509.7  30.7077
4510.74  120.448
4511.78  122.707
4512.82  63.9781
4513.86  105.377
4514.9  96.9918
4515.94  46.7659
4516.98  100.506
4518.02  77.871
4519.06  44.6052
4520.1  17.3343
4521.14  73.4103
4522.18  18.7254
4523.22  86.3704
4524.26  76.8731
4525.3  10.8537
4526.34  14.8033
4527.38  37.916
4528.42  77.3565
4529.46  82.3508
4530.5  26.5579
4531.54  90.3924
4532.58  42.492
4533.62  88.0312
4534.66  94.0455
4535.7  41.0771
4536.74  88.7899
4537.78  86.5027
4538.82  96.2857
4539.86  76.8744
4540.9  56.9521
4541.94  78.0344
4542.98  71.8231
4544.02  42.1455
4545.06  64.1026
4546.1  102.175
4547.14  69.7618
4548.18  50.7866
4549.22  26.8424
4550.26  52.0614
4551.3  101.418
4552.34  71.1828
4553.38  83.0323
4554.42  63.4813
4555.46  63.6945
4556.5  105.875
4557.54  92.8984
4558.58  65.5998
4559.62  67.1991
4560.66  69.9062
4561.7  76.1851
4562.74  92.4959
4563.78  55.7669
4564.82  47.3274
4565.86  67.7593
4566.9  74.3855
4567.94  36.8155
4568.98  53.297
4570.02  55.207
4571.06  49.1648
4572.1  55.3722
4573.14  102.161
4574.18  154.979
4575.22  116.983
4576.26  81.3756
4577.3  71.8054
4578.34  28.1078
4579.38  50.4031
4580.42  67.5645
4581.46  32.6595
4582.5  64.5106
4583.54  80.4548
4584.58  75.9163
4585.62  89.601
4586.66  93.3944
4587.7  34.0455
4588.74  58.8892
4589.78  82.8727
4590.82  126.13
4591.86  94.1163
4592.9  53.4071
4593.94  86.2719
4594.98  55.4787
4596.02  34.921
4597.06  14.2941
4598.1  11.6382
4599.14  83.3161
4600.18  77.1155
4601.22  75.4847
4602.26  76.4874
4603.3  80.893
4604.34  65.0769
4605.38  28.7034
4606.42  79.0941
4607.46  52.4035
4608.5  80.3502
4609.54  45.3984
4610.58  80.4258
4611.62  52.9689
4612.66  41.0468
4613.7  63.8824
4614.74  107.923
4615.78  76.9029
4616.82  76.2425
4617.86  48.2717
4618.9  43.9152
4619.94  67.3321
4620.98  93.3796
4622.02  87.3893
4623.06  73.4876
4624.1  47.9063
4625.14  60.2826
4626.18  67.3253
4627.22  69.8429
4628.26  112.779
4629.3  43.722
4630.34  34.456
4631.38  59.4835
4632.42  92.3685
4633.46  46.093
4634.5  80.3915
4635.54  83.676
4636.58  71.7882
4637.62  72.2497
4638.66  106.66
4639.7  72.4088
4640.74  64.6282
4641.78  97.1297
4642.82  92.3105
4643.86  56.5665
4644.9  98.294
4645.94  92.0108
4646.98  101.856
4648.02  112.914
4649.06  94.562
4650.1  75.2078
4651.14  49.9334
4652.18  46.6952
4653.22  71.5732
4654.26  54.1933
4655.3  60.2109
4656.34  43.6087
4657.38  18.0025
4658.42  72.2989
4659.46  116.835
4660.5  102.381
4661.54  112.827
4662.58  67.3939
4663.62  55.1771
4664.66  54.1261
4665.7  88.8996
4666.74  82.4375
4667.78  112.722
4668.82  106.29
4669.86  68.8374
4670.9  111.703
4671.94  67.4781
4672.98  63.0678
4674.02  104.465
4675.06  50.2847
4676.1  60.1108
4677.14  87.1922
4678.18  43.4917
4679.22  103.682
4680.26  52.8097
4681.3  44.1894
4682.34  65.9884
4683.38  105.754
4684.42  119.891
4685.46  118.889
4686.5  158.139
4687.54  111.893
4688.58  40.1675
4689.62  8.53517
4690.66  46.5862
4691.7  59.4038
4692.74  117.929
4693.78  61.8454
4694.82  51.6638
4695.86  43.3078
4696.9  64.8898
4697.94  54.7676
4698.98  63.9143
4700.02  53.26
4701.06  116.345
4702.1  49.8309
4703.14  99.2134
4704.18  76.4954
4705.22  60.1404
4706.26  17.9548
4707.3  26.3812
4708.34  32.5059
4709.38  44.6955
4710.42  74.9745
4711.46  50.1509
4712.5  72.3854
4713.54  63.6066
4714.58  53.5322
4715.62  20.9921
4716.66  55.8649
4717.7  96.7196
4718.74  57.7862
4719.78  77.4239
4720.82  108.119
4721.86  85.6075
4722.9  20.8444
4723.94  38.7207
4724.98  77.516
4726.02  110.456
4727.06  83.0946
4728.1  96.878
4729.14  69.9848
4730.18  45.6782
4731.22  42.4605
4732.26  48.0887
4733.3  33.463
4734.34  67.4787
4735.38  43.8789
4736.42  41.8712
4737.46  56.8415
4738.5  38.143
4739.54  56.7419
4740.58  49.3306
4741.62  36.1959
4742.66  37.5358
4743.7  72.684
4744.74  85.3863
4745.78  73.5071
4746.82  63.377
4747.86  39.5413
4748.9  76.7122
4749.94  66.1847
4750.98  88.2852
4752.02  57.2667
4753.06  43.2074
4754.1  97.7613
4755.14  58.3679
4756.18  42.2587
4757.22  91.0493
4758.26  54.1814
4759.3  77.561
4760.34  87.8594
4761.38  81.694
4762.42  60.3594
4763.46  83.7642
4764.5  77.2242
4765.54  43.1771
4766.58  99.4134
4767.62  80.35
4768.66  46.5395
4769.7  104.392
4770.74  25.3777
4771.78  45.9216
4772.82  85.5604
4773.86  40.9849
4774.9  18.0249
4775.94  75.7799
4776.98  86.766
4778.02  64.2297
4779.06  85.1539
4780.1  95.2586
4781.14  112.524
4782.18  67.9512
4783.22  28.7508
4784.26  87.0876
4785.3  71.4657
4786.34  59.3251
4787.38  65.8452
4788.42  41.3435
4789.46  64.8994
4790.5  72.4887
4791.54  48.4761
4792.58  55.9363
4793.62  28.8455
4794.66  22.8688
4795.7  68.0177
4796.74  76.6005
4797.78  114.604
4798.82  67.9167
4799.86  42.7701
4800.9  53.2529
4801.94  16.3372
4802.98  41.4882
4804.02  84.7353
4805.06  87.9122
4806.1  76.1355
4807.14  89.4237
4808.18  49.1044
4809.22  30.575
4810.26  17.6998
4811.3  65.7869
4812.34  91.7092
4813.38  73.8027
4814.42  35.5548
4815.46  57.5072
4816.5  74.3727
4817.54  57.0409
4818.58  72.4068
4819.62  73.579
4820.66  34.0419
4821.7  66.5074
4822.74  63.9226
4823.78  50.9562
4824.82  77.0829
4825.86  55.6887
4826.9  54.7882
4827.94  68.649
4828.98  63.392
4830.02  76.4202
4831.06  121.245
4832.1  99.8539
4833.14  67.7663
4834.18  46.0964
4835.22  91.0249
4836.26  82.1209
4837.3  57.0436
4838.34  62.0932
4839.38  63.5379
4840.42  86.3131
4841.46  84.9678
4842.5  74.1529
4843.54  86.6784
4844.58  80.3153
4845.62  68.4551
4846.66  56.3487
4847.7  54.8232
4848.74  64.4993
4849.78  77.1678
4850.82  91.166
4851.86  94.5677
4852.9  75.7725
4853.94  86.888
4854.98  76.8349
4856.02  89.65
4857.06  72.346
4858.1  61.6408
4859.14  73.9724
4860.18  46.5224
4861.22  105.046
4862.26  54.1514
4863.3  67.9891
4864.34  60.3018
4865.38  86.5959
4866.42  89.2265
4867.46  84.9844
4868.5  42.6462
4869.54  39.2512
4870.58  34.289
4871.62  58.1919
4872.66  56.1222
4873.7  66.489
4874.74  84.6177
4875.78  77.3443
4876.82  61.1274
4877.86  100.072
4878.9  53.2035
4879.94  70.363
4880.98  104.635
4882.02  80.4685
4883.06  96.0137
4884.1  66.1223
4885.14  64.2118
4886.18  52.1598
4887.22  66.6701
4888.26  57.4434
4889.3  86.8009
4890.34  100.126
4891.38  71.8211
4892.42  78.0729
4893.46  78.7163
4894.5  75.3018
4895.54  75.7654
4896.58  82.2739
4897.62  75.2583
4898.66  87.5026
4899.7  68.3054
4900.74  89.5394
4901.78  94.9294
4902.82  85.3045
4903.86  56.3205
4904.9  47.1492
4905.94  60.8221
4906.98  97.8158
4908.02  56.7152
4909.06  40.9365
4910.1  65.3143
4911.14  52.541
4912.18  57.6919
4913.22  102.434
4914.26  60.8693
4915.3  70.4417
4916.34  32.2826
4917.38  105.471
4918.42  116.158
4919.46  91.7222
4920.5  69.344
4921.54  53.3668
4922.58  42.63
4923.62  53.6609
4924.66  67.9778
4925.7  72.3819
4926.74  38.8057
4927.78  19.0378
4928.82  99.6641
4929.86  90.725
4930.9  84.2338
4931.94  92.9354
4932.98  90.3325
4934.02  25.0413
4935.06  78.11
4936.1  48.781
4937.14  66.3249
4938.18  91.0291
4939.22  79.1895
4940.26  95.4252
4941.3  116.878
4942.34  102.227
4943.38  137.697
4944.42  95.8172
4945.46  62.0602
4946.5  66.4947
4947.54  27.6909
4948.58  42.9347
4949.62  88.1993
4950.66  84.3699
4951.7  98.6505
4952.74  56.9038
4953.78  49.6369
4954.82  23.6618
4955.86  68.3224
4956.9  75.749
4957.94  81.4114
4958.98  65.9991
4960.02  56.3172
4961.06  40.3753
4962.1  76.1034
4963.14  68.4884
4964.18  78.9449
4965.22  98.1639
4966.26  70.9848
4967.3  46.5827
4968.34  66.4322
4969.38  54.4257
4970.42  46.8694
4971.46  53.9064
4972.5  85.7218
4973.54  56.0279
4974.58  55.5914
4975.62  69.3282
4976.66  78.4621
4977.7  100.956
4978.74  72.9808
4979.78  51.6496
4980.82  76.7399
4981.86  82.03
4982.9  79.5817
4983.94  65.4523
4984.98  70.3561
4986.02  75.9316
4987.06  65.8552
4988.1  54.9243
4989.14  52.5845
4990.18  111.958
4991.22  55.2268
4992.26  71.2542
4993.3  69.6879
4994.34  35.0683
4995.38  44.1753
4996.42  64.0216
4997.46  88.9594
4998.5  65.1669
4999.54  99.4626
5000.58  66.0751
5001.62  73.7191
5002.66  73.9988
5003.7  68.5446
5004.74  78.2469
5005.78  56.154
5006.82  72.4114
5007.86  84.9334
5008.9  94.5949
5009.94  51.7523
5010.98  75.196
5012.02  72.9214
5013.06  67.2352
5014.1  41.8722
5015.14  62.3261
5016.18  69.1851
5017.22  65.8902
5018.26  53.852
5019.3  39.2143
5020.34  49.7334
5021.38  91.721
5022.42  69.9686
5023.46  41.1953
5024.5  49.2077
5025.54  71.6858
5026.58  62.6686
5027.62  92.2482
5028.66  75.8635
5029.7  48.8469
5030.74  53.1784
5031.78  53.5891
5032.82  66.4131
5033.86  77.6012
5034.9  58.5554
5035.94  75.5399
5036.98  39.7315
5038.02  56.4507
5039.06  73.1398
5040.1  26.5832
5041.14  60.7577
5042.18  81.8116
5043.22  36.8871
5044.26  69.6221
5045.3  63.666
5046.34  69.132
5047.38  69.4927
5048.42  52.2339
5049.46  80.5814
5050.5  66.6322
5051.54  63.9863
5052.58  45.2611
5053.62  46.9002
5054.66  32.7855
5055.7  13.6471
5056.74  47.1074
5057.78  48.1886
5058.82  92.7741
5059.86  85.4019
5060.9  66.4061
5061.94  98.3158
5062.98  84.5515
5064.02  51.4953
5065.06  34.8976
5066.1  78.9131
5067.14  67.081
5068.18  53.1982
5069.22  57.114
5070.26  65.7131
5071.3  76.3017
5072.34  83.2952
5073.38  74.7347
5074.42  76.5955
5075.46  107.151
5076.5  76.5557
5077.54  26.4987
5078.58  91.9225
5079.62  71.8699
5080.66  64.0833
5081.7  53.752
5082.74  45.3016
5083.78  60.407
5084.82  40.9248
5085.86  46.1107
5086.9  81.0206
5087.94  74.5348
5088.98  56.9467
5090.02  65.5991
5091.06  48.5049
5092.1  25.2977
5093.14  75.3076
5094.18  50.2536
5095.22  60.9881
5096.26  77.4291
5097.3  50.7542
5098.34  30.4946
5099.38  58.4967
5100.42  47.6805
5101.46  68.8408
5102.5  85.302
5103.54  80.1004
5104.58  58.0411
5105.62  51.4026
5106.66  65.9944
5107.7  46.1091
5108.74  54.2977
5109.78  84.9634
5110.82  69.8624
5111.86  77.0721
5112.9  82.4942
5113.94  58.0626
5114.98  63.4287
5116.02  54.9979
5117.06  62.3702
5118.1  41.9571
5119.14  85.7309
5120.18  78.4832
5121.22  63.338
5122.26  90.6247
5123.3  80.1501
5124.34  19.157
5125.38  61.2152
5126.42  35.3634
5127.46  69.5096
5128.5  53.7981
5129.54  26.2742
5130.58  62.7325
5131.62  73.7064
5132.66  66.092
5133.7  62.3579
5134.74  68.5308
5135.78  48.9783
5136.82  87.4237
5137.86  65.5403
5138.9  45.664
5139.94  76.5252
5140.98  69.4974
5142.02  62.9231
5143.06  39.9371
5144.1  29.4695
5145.14  50.5446
5146.18  99.9217
5147.22  43.2064
5148.26  36.6614
5149.3  69.905
5150.34  66.8435
5151.38  80.9274
5152.42  53.3594
5153.46  65.9856
5154.5  80.1342
5155.54  63.4596
5156.58  39.9319
5157.62  35.4239
5158.66  86.2964
5159.7  57.0798
5160.74  71.1987
5161.78  89.3496
5162.82  68.4833
5163.86  79.8232
5164.9  58.6358
5165.94  69.1723
5166.98  63.9966
5168.02  48.5201
5169.06  66.3331
5170.1  57.7562
5171.14  81.6383
5172.18  42.2997
5173.22  69.3753
5174.26  87.021
5175.3  61.6447
5176.34  64.9579
5177.38  56.1777
5178.42  64.7753
5179.46  60.2226
5180.5  69.2298
5181.54  53.4635
5182.58  60.1791
5183.62  78.133
5184.66  63.1938
5185.7  68.4314
5186.74  54.4158
5187.78  53.7084
5188.82  63.7269
5189.86  75.8387
5190.9  41.8841
5191.94  53.2444
5192.98  60.5005
5194.02  66.2385
5195.06  37.9887
5196.1  37.2059
5197.14  50.1324
5198.18  44.5038
5199.22  71.274
5200.26  51.656
5201.3  47.7666
5202.34  89.062
5203.38  74.1076
5204.42  55.0077
5205.46  57.2041
5206.5  67.0341
5207.54  42.0695
5208.58  50.1736
5209.62  51.0762
5210.66  58.6425
5211.7  66.2995
5212.74  63.6637
5213.78  60.292
5214.82  62.7427
5215.86  64.7086
5216.9  22.8768
5217.94  42.9014
5218.98  45.8939
5220.02  24.0123
5221.06  41.3172
5222.1  38.622
5223.14  54.5351
5224.18  73.5965
5225.22  64.3222
5226.26  57.9602
5227.3  55.9271
5228.34  129.277
5229.38  185.836
5230.42  178.788
5231.46  134.362
5232.5  92.2043
5233.54  62.2296
5234.58  68.6543
5235.62  73.3985
5236.66  37.6804
5237.7  86.0801
5238.74  78.9682
5239.78  78.3245
5240.82  90.9375
5241.86  57.2809
5242.9  58.8543
5243.94  51.8122
5244.98  87.455
5246.02  59.2542
5247.06  46.5977
5248.1  81.0389
5249.14  63.3792
5250.18  47.7505
5251.22  67.4202
5252.26  45.9126
5253.3  60.0876
5254.34  85.8208
5255.38  49.1796
5256.42  77.0321
5257.46  82.8402
5258.5  85.7524
5259.54  69.741
5260.58  36.9041
5261.62  30.8235
5262.66  51.8898
5263.7  46.8372
5264.74  60.114
5265.78  60.0454
5266.82  53.6386
5267.86  70.3225
5268.9  65.1004
5269.94  59.7387
5270.98  62.3139
5272.02  66.0915
5273.06  66.721
5274.1  72.6943
5275.14  59.8225
5276.18  46.0353
5277.22  77.3601
5278.26  64.8974
5279.3  39.1545
5280.34  53.6229
5281.38  53.1523
5282.42  69.1169
5283.46  45.7042
5284.5  44.9854
5285.54  66.4
5286.58  98.4378
5287.62  53.8308
5288.66  35.954
5289.7  85.9376
5290.74  74.1828
5291.78  46.0965
5292.82  45.4509
5293.86  18.6447
5294.9  71.0022
5295.94  58.2314
5296.98  62.2537
5298.02  55.3067
5299.06  83.8158
5300.1  67.2118
5301.14  84.6089
5302.18  76.7167
5303.22  56.6321
5304.26  44.594
5305.3  46.4845
5306.34  62.0693
5307.38  53.2057
5308.42  73.3491
5309.46  63.5609
5310.5  30.6345
5311.54  25.7253
5312.58  37.7361
5313.62  70.267
5314.66  62.5881
5315.7  48.0257
5316.74  67.6796
5317.78  63.227
5318.82  68.2126
5319.86  81.1135
5320.9  57.9572
5321.94  60.3143
5322.98  59.5216
5324.02  43.7701
5325.06  53.6108
5326.1  40.1818
5327.14  56.715
5328.18  55.7652
5329.22  61.138
5330.26  24.099
5331.3  86.7876
5332.34  84.0856
5333.38  52.6904
5334.42  55.696
5335.46  37.6758
5336.5  74.6711
5337.54  65.8966
5338.58  77.9446
5339.62  48.8611
5340.66  78.725
5341.7  45.872
5342.74  27.2741
5343.78  65.1367
5344.82  86.0586
5345.86  70.0979
5346.9  55.0469
5347.94  77.8261
5348.98  43.6509
5350.02  49.9819
5351.06  84.3893
5352.1  59.7465
5353.14  63.1213
5354.18  79.8158
5355.22  59.222
5356.26  52.6004
5357.3  90.7996
5358.34  72.3063
5359.38  69.692
5360.42  77.8995
5361.46  56.1135
5362.5  36.9426
5363.54  92.5661
5364.58  91.4554
5365.62  64.8107
5366.66  55.4078
5367.7  43.0656
5368.74  70.7723
5369.78  49.1523
5370.82  87.2917
5371.86  57.5443
5372.9  49.5046
5373.94  50.2001
5374.98  79.0171
5376.02  66.0081
5377.06  51.1891
5378.1  49.1141
5379.14  72.9079
5380.18  85.0276
5381.22  39.2185
5382.26  52.1405
5383.3  74.3741
5384.34  78.9167
5385.38  69.8834
5386.42  83.0603
5387.46  83.0705
5388.5  65.6466
5389.54  57.917
5390.58  33.5695
5391.62  47.4179
5392.66  55.0591
5393.7  74.3155
5394.74  39.6855
5395.78  47.0187
5396.82  76.5394
5397.86  75.6434
5398.9  54.043
5399.94  77.5603
5400.98  65.4204
5402.02  61.0993
5403.06  53.286
5404.1  63.3808
5405.14  74.7265
5406.18  75.9597
5407.22  52.466
5408.26  49.5
5409.3  77.4444
5410.34  84.6512
5411.38  71.9147
5412.42  42.3255
5413.46  50.8024
5414.5  73.7463
5415.54  68.4929
5416.58  45.5104
5417.62  21.8863
5418.66  40.4708
5419.7  22.9986
5420.74  36.9197
5421.78  49.1882
5422.82  60.5961
5423.86  43.4894
5424.9  58.7483
5425.94  59.0647
5426.98  53.7315
5428.02  47.3384
5429.06  47.4043
5430.1  75.364
5431.14  86.3046
5432.18  76.2453
5433.22  86.1472
5434.26  69.9047
5435.3  72.3755
5436.34  38.3104
5437.38  63.3462
5438.42  72.002
5439.46  77.2294
5440.5  96.7996
5441.54  65.8073
5442.58  51.0446
5443.62  64.7857
5444.66  54.1016
5445.7  64.7077
5446.74  68.2932
5447.78  62.7315
5448.82  82.6841
5449.86  70.6338
5450.9  59.1319
5451.94  100.864
5452.98  60.9712
5454.02  52.3542
5455.06  72.0034
5456.1  51.4392
5457.14  71.9499
5458.18  51.8799
5459.22  42.4693
5460.26  73.4776
5461.3  44.298
5462.34  70.0723
5463.38  74.753
5464.42  38.0684
5465.46  52.1387
5466.5  89.6856
5467.54  76.9672
5468.58  25.2375
5469.62  12.1928
5470.66  39.6868
5471.7  55.1957
5472.74  38.8601
5473.78  50.973
5474.82  56.3253
5475.86  68.0807
5476.9  57.0645
5477.94  75.5374
5478.98  49.6063
5480.02  43.6181
5481.06  55.597
5482.1  72.046
5483.14  52.0648
5484.18  60.1686
5485.22  50.2123
5486.26  51.8449
5487.3  64.6369
5488.34  68.7449
5489.38  65.1557
5490.42  41.8888
5491.46  47.1556
5492.5  65.2611
5493.54  44.2547
5494.58  86.0906
5495.62  41.1721
5496.66  47.1206
5497.7  70.3418
5498.74  48.6397
5499.78  48.2167
5500.82  85.3717
5501.86  65.7595
5502.9  58.5595
5503.94  78.1387
5504.98  70.7722
5506.02  89.3033
5507.06  42.4587
5508.1  34.4802
5509.14  90.8829
5510.18  63.6776
5511.22  51.0936
5512.26  68.4012
5513.3  39.9478
5514.34  84.0796
5515.38  75.8209
5516.42  52.9851
5517.46  64.0035
5518.5  76.7241
5519.54  66.1844
5520.58  69.9661
5521.62  71.0573
5522.66  58.3242
5523.7  44.4598
5524.74  55.4047
5525.78  54.2246
5526.82  77.071
5527.86  62.9744
5528.9  37.7024
5529.94  53.4939
5530.98  47.5843
5532.02  104.681
5533.06  82.4085
5534.1  81.1795
5535.14  79.0469
5536.18  50.9073
5537.22  70.2693
5538.26  71.2519
5539.3  81.0034
5540.34  62.0647
5541.38  30.4542
5542.42  64.2306
5543.46  62.8603
5544.5  29.2098
5545.54  60.1649
5546.58  60.3776
5547.62  51.2571
5548.66  72.2267
5549.7  82.8997
5550.74  80.5928
5551.78  60.3333
5552.82  94.3155
5553.86  75.3127
5554.9  32.7843
5555.94  58.7362
5556.98  59.0173
5558.02  43.9207
5559.06  53.7887
5560.1  61.7443
5561.14  65.7477
5562.18  54.925
5563.22  72.329
5564.26  82.9502
5565.3  72.5562
5566.34  70.9697
5567.38  80.0819
5568.42  63.7048
5569.46  40.6528
5570.5  59.4526
5571.54  87.1359
5572.58  69.5453
5573.62  115.803
5574.66  59.7113
5575.7  64.4033
5576.74  54.4406
5577.78  66.1714
5578.82  51.6185
5579.86  48.7527
5580.9  129.813
5581.94  83.6345
5582.98  71.5803
5584.02  68.6326
5585.06  25.4501
5586.1  35.965
5587.14  40.3984
5588.18  65.5798
5589.22  90.0896
5590.26  90.3104
5591.3  58.5703
5592.34  53.5827
5593.38  68.7149
5594.42  40.1838
5595.46  41.3572
5596.5  43.9072
5597.54  77.207
5598.58  79.4057
5599.62  71.6603
5600.66  65.4916
5601.7  69.9809
5602.74  48.8976
5603.78  18.6782
5604.82  29.2694
5605.86  22.8412
5606.9  48.3259
5607.94  64.3507
5608.98  66.664
5610.02  40.3817
5611.06  47.6995
5612.1  25.3496
5613.14  33.9292
5614.18  76.8853
5615.22  54.6404
5616.26  36.9582
5617.3  32.9637
5618.34  57.6132
5619.38  63.4341
5620.42  34.9253
5621.46  46.9319
5622.5  64.749
5623.54  51.3812
5624.58  46.1709
5625.62  41.5313
5626.66  26.173
5627.7  58.0566
5628.74  50.7088
5629.78  55.3117
5630.82  42.6303
5631.86  59.8983
5632.9  98.1367
5633.94  70.121
5634.98  65.9551
5636.02  46.0426
5637.06  39.5437
5638.1  57.5755
5639.14  47.2094
5640.18  45.3405
5641.22  66.8758
5642.26  31.7761
5643.3  56.7864
5644.34  79.2112
5645.38  27.5856
5646.42  30.7681
5647.46  68.1639
5648.5  48.2678
5649.54  34.5302
5650.58  55.1261
5651.62  27.1263
5652.66  42.5329
5653.7  73.0571
5654.74  59.5938
5655.78  28.7622
5656.82  33.8699
5657.86  72.9833
5658.9  75.8641
5659.94  78.9468
5660.98  41.3715
5662.02  39.2159
5663.06  44.5763
5664.1  41.1374
5665.14  46.1814
5666.18  43.6149
5667.22  52.7078
5668.26  52.8019
5669.3  28.6617
5670.34  11.172
5671.38  44.2483
5672.42  45.3253
5673.46  29.5197
5674.5  69.7088
5675.54  46.4614
5676.58  23.5704
5677.62  30.9397
5678.66  46.7172
5679.7  19.8802
5680.74  73.8738
5681.78  70.1839
5682.82  69.5321
5683.86  62.5355
5684.9  59.6614
5685.94  -1.86638
5686.98  53.7801
5688.02  59.9803
5689.06  61.2061
5690.1  54.7497
5691.14  71.9582
5692.18  73.9453
5693.22  54.1294
5694.26  67.1768
5695.3  79.363
5696.34  48.5648
5697.38  55.2121
5698.42  82.1051
5699.46  19.9668
5700.5  67.955
5701.54  74.0247
5702.58  49.5244
5703.62  56.5623
5704.66  33.78
5705.7  50.6069
5706.74  48.0483
5707.78  45.6732
5708.82  48.2285
5709.86  58.3437
5710.9  69.4592
5711.94  84.929
5712.98  52.4229
5714.02  71.0322
5715.06  77.8059
5716.1  69.026
5717.14  64.7916
5718.18  33.8779
5719.22  79.9176
5720.26  66.6486
5721.3  63.9415
5722.34  17.3862
5723.38  25.6483
5724.42  71.788
5725.46  71.7932
5726.5  39.2186
5727.54  21.3128
5728.58  74.2648
5729.62  83.1833
5730.66  80.1788
5731.7  48.9609
5732.74  31.9719
5733.78  58.7226
5734.82  96.7876
5735.86  58.3168
5736.9  58.5547
5737.94  72.0936
5738.98  40.152
5740.02  10.6476
5741.06  42.2268
5742.1  39.6861
5743.14  57.8636
5744.18  61.8718
5745.22  41.4925
5746.26  46.1802
5747.3  62.1027
5748.34  63.1005
5749.38  52.7687
5750.42  29.9068
5751.46  37.6716
5752.5  28.0676
5753.54  19.4121
5754.58  53.0706
5755.62  56.0833
5756.66  43.334
5757.7  57.6678
5758.74  54.8254
5759.78  42.9347
5760.82  23.9782
5761.86  33.6597
5762.9  86.7733
5763.94  56.2755
5764.98  66.3922
5766.02  76.0189
5767.06  67.4585
5768.1  59.8791
5769.14  44.8162
5770.18  49.7203
5771.22  55.9347
5772.26  43.5888
5773.3  50.0349
5774.34  62.0709
5775.38  54.1185
5776.42  52.8814
5777.46  46.3179
5778.5  48.6156
5779.54  59.467
5780.58  49.5009
5781.62  43.6908
5782.66  43.8192
5783.7  62.9839
5784.74  70.9009
5785.78  61.5261
5786.82  50.3302
5787.86  43.9491
5788.9  50.7802
5789.94  58.2275
5790.98  61.8957
5792.02  47.4122
5793.06  40.5033
5794.1  41.1479
5795.14  44.1392
5796.18  56.8789
5797.22  82.3939
5798.26  82.1442
5799.3  71.669
5800.34  70.17278
5801.38  69.58505
5802.42  68.99731
5803.46  68.40958
5804.5  67.82184
5805.54  57.7366
5806.58  48.6455
5807.62  47.8764
5808.66  66.5568
5809.7  62.6147
5810.74  53.6331
5811.78  49.6302
5812.82  58.3865
5813.86  68.8458
5814.9  45.1464
5815.94  38.7267
5816.98  54.5788
5818.02  62.8676
5819.06  66.2608
5820.1  63.86
5821.14  46.613
5822.18  33.0193
5823.22  51.4002
5824.26  67.3335
5825.3  77.4461
5826.34  64.3791
5827.38  53.2617
5828.42  49.3391
5829.46  45.246
5830.5  43.6854
5831.54  46.6215
5832.58  49.1265
5833.62  52.3259
5834.66  56.2686
5835.7  65.2144
5836.74  76.3278
5837.78  74.5229
5838.82  66.7747
5839.86  53.8198
5840.9  54.1126
5841.94  56.0118
5842.98  52.7451
5844.02  42.3748
5845.06  28.9961
5846.1  16.577
5847.14  25.527
5848.18  51.8241
5849.22  42.3986
5850.26  36.5368
5851.3  48.8949
5852.34  58.0833
5853.38  65.2813
5854.42  59.28
5855.46  95.4254
5856.5  157.24
5857.54  214.359
5858.58  246.07
5859.62  248.32
5860.66  233.529
5861.7  197.485
5862.74  131.595
5863.78  88.3792
5864.82  60.3915
5865.86  53.6261
5866.9  45.4495
5867.94  36.5525
5868.98  29.0757
5870.02  23.6959
5871.06  20.8036
5872.1  31.4524
5873.14  45.8652
5874.18  64.201
5875.22  44.9718
5876.26  21.7532
5877.3  55.5407
5878.34  62.6928
5879.38  45.8588
5880.42  36.5878
5881.46  37.299
5882.5  52.0077
5883.54  53.4128
5884.58  52.7729
5885.62  58.0195
5886.66  54.5967
5887.7  48.1715
5888.74  48.3834
5889.78  54.4068
5890.82  63.849
5891.86  53.5564
5892.9  43.0044
5893.94  38.3369
5894.98  49.4156
5896.02  63.1024
5897.06  65.3838
5898.1  67.6073
5899.14  67.3186
5900.18  55.2455
5901.22  51.0547
5902.26  57.3605
5903.3  62.7809
5904.34  59.8727
5905.38  39.1022
5906.42  28.5836
5907.46  25.3041
5908.5  33.0594
5909.54  44.3798
5910.58  54.7025
5911.62  40.7937
5912.66  36.5193
5913.7  49.8124
5914.74  46.6753
5915.78  43.5123
5916.82  50.1139
5917.86  53.1092
5918.9  56.1794
5919.94  67.3145
5920.98  61.7532
5922.02  43.2176
5923.06  41.3486
5924.1  45.6905
5925.14  55.5423
5926.18  47.6818
5927.22  39.3353
5928.26  44.9603
5929.3  49.4464
5930.34  53.386
5931.38  57.1773
5932.42  53.2607
5933.46  42.1364
5934.5  35.0905
5935.54  37.2644
5936.58  55.4487
5937.62  56.0379
5938.66  50.0159
5939.7  41.3505
5940.74  42.4052
5941.78  47.6845
5942.82  37.8405
5943.86  39.6673
5944.9  56.1093
5945.94  50.6292
5946.98  46.5878
5948.02  57.2764
5949.06  61.3669
5950.1  60.5169
5951.14  50.9754
5952.18  40.7599
5953.22  32.2556
5954.26  36.2847
5955.3  41.7047
5956.34  45.9192
5957.38  60.3347
5958.42  69.5275
5959.46  58.6341
5960.5  56.9239
5961.54  57.0529
5962.58  48.2189
5963.62  52.1509
5964.66  65.774
5965.7  60.5437
5966.74  50.7868
5967.78  39.367
5968.82  33.4468
5969.86  37.0048
5970.9  61.2738
5971.94  71.4364
5972.98  73.6769
5974.02  72.9133
5975.06  82.0163
5976.1  103.177
5977.14  150.634
5978.18  167.763
5979.22  118.223
5980.26  89.1255
5981.3  65.9379
5982.34  46.3702
5983.38  39.4624
5984.42  40.9166
5985.46  37.8067
5986.5  36.8513
5987.54  38.6233
5988.58  34.6226
5989.62  34.9537
5990.66  49.6379
5991.7  44.5828
5992.74  39.1
5993.78  61.9366
5994.82  69.4163
5995.86  63.5406
5996.9  55.4259
5997.94  48.3585
5998.98  43.9213
6000.02  49.912
6001.06  54.1442
6002.1  43.1305
6003.14  49.9155
6004.18  59.9614
6005.22  48.9955
6006.26  37.9125
6007.3  30.0704
6008.34  41.3801
6009.38  53.379
6010.42  60.2935
6011.46  55.0084
6012.5  48.4394
6013.54  51.9495
6014.58  52.4275
6015.62  51.5141
6016.66  51.8399
6017.7  50.0499
6018.74  45.6829
6019.78  34.9326
6020.82  32.1783
6021.86  47.5687
6022.9  54.6032
6023.94  57.7379
6024.98  55.3936
6026.02  58.3558
6027.06  63.4657
6028.1  56.5927
6029.14  60.3954
6030.18  79.7905
6031.22  127.156
6032.26  184.643
6033.3  248.068
6034.34  286.932
6035.38  298.666
6036.42  265.093
6037.46  215.659
6038.5  156.382
6039.54  105.936
6040.58  76.1186
6041.62  72.718
6042.66  68.2585
6043.7  65.6873
6044.74  62.8373
6045.78  66.1159
6046.82  69.5949
6047.86  60.6175
6048.9  51.6289
6049.94  44.6124
6050.98  47.6073
6052.02  50.2808
6053.06  48.3942
6054.1  50.7676
6055.14  53.3072
6056.18  52.3022
6057.22  53.2363
6058.26  55.5151
6059.3  59.0862
6060.34  61.2327
6061.38  61.8243
6062.42  67.7971
6063.46  65.5165
6064.5  44.2437
6065.54  37.5616
6066.58  37.1996
6067.62  39.6151
6068.66  45.8815
6069.7  53.0952
6070.74  49.148
6071.78  47.9761
6072.82  52.1802
6073.86  52.3021
6074.9  49.8746
6075.94  43.5544
6076.98  39.5434
6078.02  40.4432
6079.06  57.021
6080.1  61.591
6081.14  56.5113
6082.18  58.2905
6083.22  63.3244
6084.26  71.9839
6085.3  62.7621
6086.34  51.9714
6087.38  53.6965
6088.42  44.4392
6089.46  31.7275
6090.5  26.016
6091.54  28.8684
6092.58  39.215
6093.62  48.0933
6094.66  51.1709
6095.7  44.7477
6096.74  41.4726
6097.78  39.5236
6098.82  38.7625
6099.86  43.3092
6100.9  48.1788
6101.94  35.6855
6102.98  33.5105
6104.02  44.1955
6105.06  44.0941
6106.1  39.1194
6107.14  25.723
6108.18  43.0151
6109.22  65.6079
6110.26  65.8663
6111.3  59.4589
6112.34  49.0495
6113.38  43.197
6114.42  45.5179
6115.46  57.0303
6116.5  53.9052
6117.54  47.2524
6118.58  42.2885
6119.62  34.728
6120.66  27.9975
6121.7  27.0906
6122.74  32.5036
6123.78  42.9595
6124.82  54.1016
6125.86  55.7071
6126.9  42.9132
6127.94  40.1815
6128.98  45.0656
6130.02  65.5868
6131.06  62.0571
6132.1  48.4544
6133.14  47.9161
6134.18  48.0571
6135.22  47.2407
6136.26  34.2105
6137.3  32.0286
6138.34  54.6838
6139.38  47.244
6140.42  34.313
6141.46  34.4517
6142.5  39.2376
6143.54  45.4636
6144.58  41.7257
6145.62  40.1655
6146.66  42.3203
6147.7  42.9042
6148.74  42.593
6149.78  40.4221
6150.82  44.3736
6151.86  47.0712
6152.9  35.8068
6153.94  35.7459
6154.98  44.1077
6156.02  51.3303
6157.06  54.1348
6158.1  51.2626
6159.14  55.3408
6160.18  56.1105
6161.22  43.326
6162.26  44.5165
6163.3  51.3281
6164.34  56.8114
6165.38  55.5943
6166.42  47.9258
6167.46  33.8603
6168.5  32.0302
6169.54  51.1255
6170.58  49.4641
6171.62  40.4218
6172.66  26.3154
6173.7  26.1813
6174.74  34.8476
6175.78  48.4789
6176.82  50.7858
6177.86  42.0734
6178.9  46.602
6179.94  48.92
6180.98  42.5507
6182.02  41.7958
6183.06  44.9122
6184.1  56.0679
6185.14  53.4202
6186.18  43.1205
6187.22  39.7647
6188.26  43.1845
6189.3  52.7951
6190.34  45.316
6191.38  34.7574
6192.42  25.4405
6193.46  26.8963
6194.5  35.5904
6195.54  54.2046
6196.58  54.3567
6197.62  41.6827
6198.66  40.7238
6199.7  42.5694
6200.74  46.0918
6201.78  37.2974
6202.82  32.2568
6203.86  46.279
6204.9  47.3902
6205.94  43.076
6206.98  38.2016
6208.02  41.1983
6209.06  50.3083
6210.1  50.3222
6211.14  49.9048
6212.18  51.7315
6213.22  43.2566
6214.26  38.057
6215.3  51.1558
6216.34  58.4523
6217.38  62.1734
6218.42  63.8323
6219.46  59.5684
6220.5  50.413
6221.54  52.1786
6222.58  53.8664
6223.62  50.9584
6224.66  49.1524
6225.7  47.5089
6226.74  45.6681
6227.78  44.42
6228.82  44.4408
6229.86  51.2729
6230.9  47.4814
6231.94  31.0133
6232.98  33.8031
6234.02  43.9223
6235.06  61.9391
6236.1  56.3274
6237.14  46.2384
6238.18  59.2348
6239.22  52.7777
6240.26  35.1171
6241.3  51.0508
6242.34  56.7348
6243.38  41.46
6244.42  33.1308
6245.46  30.6643
6246.5  38.9936
6247.54  45.4432
6248.58  49.5172
6249.62  45.0614
6250.66  44.9184
6251.7  48.6505
6252.74  47.3782
6253.78  46.2147
6254.82  46.119
6255.86  57.5441
6256.9  64.0963
6257.94  45.5657
6258.98  36.9136
6260.02  34.9235
6261.06  38.8738
6262.1  43.4063
6263.14  47.8659
6264.18  57.2435
6265.22  59.072
6266.26  42.5911
6267.3  56.566
6268.34  73.3865
6269.38  63.1088
6270.42  61.4034
6271.46  61.9599
6272.5  39.466
6273.54  34.8161
6274.58  54.3867
6275.62  46.046
6276.66  34.8813
6277.7  29.8457
6278.74  39.7552
6279.78  54.6628
6280.82  62.6622
6281.86  62.1631
6282.9  54.7479
6283.94  46.1389
6284.98  43.5268
6286.02  49.752
6287.06  55.4034
6288.1  58.9258
6289.14  54.9995
6290.18  62.5729
6291.22  72.0274
6292.26  67.3278
6293.3  56.2607
6294.34  41.6887
6295.38  42.0645
6296.42  39.2706
6297.46  24.935
6298.5  40.7646
6299.54  54.3311
6300.58  28.1103
6301.62  34.923
6302.66  54.2545
6303.7  36.7128
6304.74  36.5162
6305.78  57.468
6306.82  60.6486
6307.86  55.467
6308.9  39.5006
6309.94  45.1471
6310.98  56.8048
6312.02  62.4019
6313.06  59.4105
6314.1  51.1093
6315.14  48.4195
6316.18  48.3136
6317.22  50.546
6318.26  50.8823
6319.3  50.0776
6320.34  48.2204
6321.38  43.1614
6322.42  40.2068
6323.46  52.776
6324.5  50.0274
6325.54  36.3354
6326.58  39.392
6327.62  42.4716
6328.66  41.649
6329.7  45.5313
6330.74  51.5064
6331.78  59.9464
6332.82  62.4873
6333.86  59.1313
6334.9  42.4307
6335.94  41.1962
6336.98  54.6286
6338.02  56.9657
6339.06  56.1745
6340.1  53.1544
6341.14  53.866
6342.18  53.4787
6343.22  44.859
6344.26  48.3166
6345.3  56.8391
6346.34  53.0681
6347.38  49.8456
6348.42  48.6989
6349.46  48.225
6350.5  49.174
6351.54  52.7163
6352.58  53.1667
6353.62  50.4135
6354.66  41.1312
6355.7  35.0732
6356.74  32.3725
6357.78  33.5368
6358.82  39.5586
6359.86  50.411
6360.9  51.8092
6361.94  50.4413
6362.98  49.539
6364.02  46.1221
6365.06  40.2083
6366.1  27.1618
6367.14  30.1383
6368.18  45.401
6369.22  48.2753
6370.26  48.2246
6371.3  46.6542
6372.34  47.1869
6373.38  47.891
6374.42  48.6559
6375.46  43.0284
6376.5  36.8433
6377.54  42.0322
6378.58  51.7708
6379.62  64.2479
6380.66  70.5416
6381.7  67.0584
6382.74  48.8248
6383.78  45.1288
6384.82  44.4753
6385.86  36.4399
6386.9  42.4553
6387.94  54.2434
6388.98  49.1358
6390.02  44.4896
6391.06  42.1161
6392.1  31.8564
6393.14  25.8667
6394.18  31.7627
6395.22  37.4072
6396.26  43.1532
6397.3  46.7117
6398.34  51.6346
6399.38  55.977
6400.42  49.926
6401.46  47.5849
6402.5  52.2152
6403.54  54.5665
6404.58  55.9609
6405.62  56.7681
6406.66  53.3284
6407.7  49.1329
6408.74  50.2716
6409.78  51.5712
6410.82  52.583
6411.86  51.9364
6412.9  50.4407
6413.94  48.4038
6414.98  41.7324
6416.02  35.8827
6417.06  34.5971
6418.1  42.605
6419.14  52.9828
6420.18  48.9998
6421.22  47.4737
6422.26  49.8107
6423.3  56.4432
6424.34  57.5214
6425.38  46.9976
6426.42  40.9657
6427.46  38.5625
6428.5  43.1185
6429.54  47.7873
6430.58  50.8525
6431.62  44.6191
6432.66  39.6247
6433.7  37.6947
6434.74  40.241
6435.78  42.8796
6436.82  41.9902
6437.86  47.8829
6438.9  53.6228
6439.94  49.8184
6440.98  45.4705
6442.02  42.2961
6443.06  48.6214
6444.1  53.1638
6445.14  53.1506
6446.18  53.7159
6447.22  53.9083
6448.26  53.6667
6449.3  53.0493
6450.34  50.2834
6451.38  37.9103
6452.42  39.6666
6453.46  53.5301
6454.5  60.677
6455.54  60.5438
6456.58  50.3818
6457.62  54.7619
6458.66  58.7703
6459.7  48.4076
6460.74  49.0895
6461.78  55.5845
6462.82  61.0057
6463.86  63.7201
6464.9  63.1523
6465.94  54.9613
6466.98  50.9001
6468.02  58.2042
6469.06  57.9156
6470.1  51.7813
6471.14  32.4498
6472.18  33.9055
6473.22  47.9962
6474.26  53.0508
6475.3  58.0866
6476.34  63.4623
6477.38  56.025
6478.42  48.1983
6479.46  46.8941
6480.5  46.9683
6481.54  46.8724
6482.58  40.9502
6483.62  45.2811
6484.66  56.0641
6485.7  55.3236
6486.74  52.8314
6487.78  50.4342
6488.82  53.355
6489.86  53.7599
6490.9  43.1915
6491.94  40.8964
6492.98  43.2135
6494.02  48.3406
6495.06  53.4705
6496.1  57.3133
6497.14  51.2941
6498.18  47.873
6499.22  52.3466
6500.26  44.8478
6501.3  37.085
6502.34  39.2863
6503.38  39.6747
6504.42  37.1252
6505.46  21.2866
6506.5  24.1991
6507.54  46.957
6508.58  57.3273
6509.62  57.5398
6510.66  42.5777
6511.7  41.9633
6512.74  47.1268
6513.78  55.1684
6514.82  58.588
6515.86  59.0431
6516.9  62.5676
6517.94  60.1548
6518.98  50.6137
6520.02  48.3358
6521.06  47.749
6522.1  48.3238
6523.14  39.1491
6524.18  30.3896
6525.22  37.4589
6526.26  44.7787
6527.3  50.7944
6528.34  50.48
6529.38  44.9824
6530.42  33.884
6531.46  43.0471
6532.5  51.2462
6533.54  39.3385
6534.58  46.09
6535.62  56.9268
6536.66  46.464
6537.7  45.826
6538.74  54.921
6539.78  59.1216
6540.82  58.5069
6541.86  51.2034
6542.9  48.1849
6543.94  49.0575
6544.98  57.9264
6546.02  60.3513
6547.06  57.6198
6548.1  48.0775
6549.14  41.8502
6550.18  40.4617
6551.22  43.5031
6552.26  47.2593
6553.3  49.4854
6554.34  53.2866
6555.38  55.7072
6556.42  51.5639
6557.46  52.568
6558.5  55.9599
6559.54  51.5316
6560.58  50.2392
6561.62  53.7586
6562.66  44.9118
6563.7  38.2111
6564.74  42.659
6565.78  50.1961
6566.82  58.4081
6567.86  62.453
6568.9  60.5918
6569.94  53.6218
6570.98  42.7293
6572.02  39.6179
6573.06  48.759
6574.1  50.3311
6575.14  47.5589
6576.18  36.6645
6577.22  39.6178
6578.26  48.9743
6579.3  57.2588
6580.34  51.6761
6581.38  35.5411
6582.42  46.3676
6583.46  56.2507
6584.5  55.4317
6585.54  58.9399
6586.58  58.1148
6587.62  40.7958
6588.66  39.1002
6589.7  44.7573
6590.74  37.6726
6591.78  40.296
6592.82  54.1241
6593.86  58.8832
6594.9  59.0769
6595.94  54.0933
6596.98  53.0425
6598.02  53.5474
6599.06  56.431
6600.1  50.0749
6601.14  39.3514
6602.18  42.7237
6603.22  46.7026
6604.26  48.8564
6605.3  46.9652
6606.34  44.252
6607.38  40.6938
6608.42  50.0681
6609.46  61.2058
6610.5  57.1963
6611.54  49.5914
6612.58  40.7759
6613.62  42.6927
6614.66  43.2125
6615.7  38.6271
6616.74  43.2222
6617.78  46.283
6618.82  37.6941
6619.86  35.0305
6620.9  36.5547
6621.94  45.2487
6622.98  44.3979
6624.02  34.6173
6625.06  33.176
6626.1  39.3805
6627.14  56.6779
6628.18  56.4756
6629.22  50.459
6630.26  45.2319
6631.3  44.0139
6632.34  44.645
6633.38  40.8331
6634.42  38.6314
6635.46  38.9657
6636.5  44.0852
6637.54  48.5707
6638.58  48.5848
6639.62  53.3147
6640.66  55.1387
6641.7  41.3542
6642.74  34.9657
6643.78  36.3736
6644.82  52.599
6645.86  56.8433
6646.9  42.6638
6647.94  29.5398
6648.98  25.8929
6650.02  47.5545
6651.06  46.727
6652.1  39.0251
6653.14  40.9383
6654.18  45.0884
6655.22  49.4365
6656.26  41.4001
6657.3  36.8522
6658.34  41.2065
6659.38  37.5997
6660.42  34.9958
6661.46  41.4785
6662.5  40.5692
6663.54  37.7962
6664.58  43.4177
6665.62  49.096
6666.66  54.0011
6667.7  58.5936
6668.74  60.0701
6669.78  56.9235
6670.82  50.4089
6671.86  45.146
6672.9  48.2739
6673.94  50.0882
6674.98  50.5503
6676.02  46.6146
6677.06  49.6947
6678.1  60.52
6679.14  54.3878
6680.18  46.4019
6681.22  41.6261
6682.26  52.2931
6683.3  62.3057
6684.34  45.2449
6685.38  42.0119
6686.42  48.4754
6687.46  46.4766
6688.5  46.3475
6689.54  49.9234
6690.58  53.5692
6691.62  51.8904
6692.66  35.1534
6693.7  37.706
6694.74  46.3706
6695.78  43.9212
6696.82  42.0101
6697.86  42.05
6698.9  52.119
6699.94  56.9332
6700.98  50.554
6702.02  50.76
6703.06  49.4286
6704.1  38.7122
6705.14  37.2575
6706.18  40.6452
6707.22  42.1623
6708.26  43.8383
6709.3  45.7467
6710.34  48.1672
6711.38  48.8662
6712.42  45.9648
6713.46  48.744
6714.5  52.251
6715.54  53.5405
6716.58  44.826
6717.62  33.8069
6718.66  48.1743
6719.7  53.4672
6720.74  44.7488
6721.78  43.5729
6722.82  45.2254
6723.86  50.2915
6724.9  50.1757
6725.94  47.6919
6726.98  43.5893
6728.02  45.2518
6729.06  50.4683
6730.1  49.2123
6731.14  46.7697
6732.18  44.0765
6733.22  44.1902
6734.26  44.5335
6735.3  42.8251
6736.34  44.5075
6737.38  47.096
6738.42  47.1827
6739.46  45.0075
6740.5  41.4152
6741.54  39.5358
6742.58  45.8142
6743.62  65.1216
6744.66  56.6251
6745.7  44.6998
6746.74  48.9198
6747.78  50.29
6748.82  49.1837
6749.86  42.6413
6750.9  34.9078
6751.94  28.0402
6752.98  40.965
6754.02  50.4747
6755.06  45.1326
6756.1  40.3018
6757.14  35.8605
6758.18  34.5243
6759.22  34.0573
6760.26  35.4793
6761.3  44.6111
6762.34  47.5686
6763.38  42.0049
6764.42  37.6405
6765.46  34.8955
6766.5  35.2447
6767.54  39.0936
6768.58  43.3295
6769.62  41.5478
6770.66  45.4855
6771.7  51.7272
6772.74  39.682
6773.78  36.8415
6774.82  50.7086
6775.86  57.6213
6776.9  60.8847
6777.94  61.6285
6778.98  45.6954
6780.02  29.7848
6781.06  52.2338
6782.1  58.4691
6783.14  48.5149
6784.18  49.919
6785.22  51.727
6786.26  52.0012
6787.3  41.3545
6788.34  31.5604
6789.38  34.8854
6790.42  37.9386
6791.46  41.6057
6792.5  47.4817
6793.54  48.041
6794.58  43.3214
6795.62  46.6013
6796.66  50.6411
6797.7  53.6793
6798.74  47.7784
6799.78  39.7222
6800.82  35.5012
6801.86  38.329
6802.9  45.2904
6803.94  46.6754
6804.98  46.7182
6806.02  46.0161
6807.06  49.8173
6808.1  52.6698
6809.14  50.9535
6810.18  48.8495
6811.22  46.0007
6812.26  41.361
6813.3  43.4491
6814.34  49.5642
6815.38  43.7366
6816.42  40.5283
6817.46  43.8685
6818.5  41.9666
6819.54  40.2971
6820.58  42.9491
6821.62  41.9269
6822.66  41.3966
6823.7  50.066
6824.74  57.281
6825.78  60.9581
6826.82  48.7424
6827.86  40.2088
6828.9  44.1084
6829.94  36.2403
6830.98  31.567
6832.02  47.0711
6833.06  48.3006
6834.1  44.5391
6835.14  59.802
6836.18  63.684
6837.22  53.4406
6838.26  48.075
6839.3  42.0898
6840.34  31.9751
6841.38  39.8394
6842.42  51.4445
6843.46  51.5899
6844.5  49.9132
6845.54  47.347
6846.58  47.4721
6847.62  49.795
6848.66  54.1134
6849.7  44.2347
6850.74  37.3414
6851.78  46.736
6852.82  49.8212
6853.86  49.9844
6854.9  46.5343
6855.94  45.654
6856.98  46.0534
6858.02  37.9891
6859.06  34.0764
6860.1  38.1648
6861.14  42.9777
6862.18  45.867
6863.22  41.6189
6864.26  43.6391
6865.3  45.8989
6866.34  34.7987
6867.38  31.9642
6868.42  38.8062
6869.46  55.8152
6870.5  61.4675
6871.54  44.0415
6872.58  30.608
6873.62  23.292
6874.66  31.5792
6875.7  42.0393
6876.74  52.099
6877.78  52.0589
6878.82  48.0497
6879.86  41.2
6880.9  34.5344
6881.94  35.5944
6882.98  53.7821
6884.02  49.511
6885.06  39.6878
6886.1  39.7659
6887.14  40.1955
6888.18  40.7627
6889.22  40.4931
6890.26  40.8186
6891.3  41.9285
6892.34  36.1366
6893.38  31.643
6894.42  33.8326
6895.46  40.1926
6896.5  46.8876
6897.54  46.295
6898.58  43.6533
6899.62  40.0935
6900.66  39.7459
6901.7  43.9855
6902.74  54.3587
6903.78  50.3408
6904.82  42.8035
6905.86  35.7158
6906.9  45.8844
6907.94  59.1327
6908.98  41.8998
6910.02  34.5401
6911.06  39.1631
6912.1  40.1289
6913.14  43.7175
6914.18  52.3195
6915.22  58.5985
6916.26  59.1691
6917.3  43.8903
6918.34  41.5125
6919.38  47.0642
6920.42  53.3171
6921.46  47.3008
6922.5  28.4188
6923.54  32.3683
6924.58  42.1936
6925.62  53.4133
6926.66  54.5693
6927.7  53.8545
6928.74  64.233
6929.78  56.4566
6930.82  38.7278
6931.86  46.6849
6932.9  51.7331
6933.94  48.1418
6934.98  41.8698
6936.02  38.4629
6937.06  44.8454
6938.1  46.9911
6939.14  46.4351
6940.18  39.6888
6941.22  42.937
6942.26  54.1188
6943.3  57.2263
6944.34  55.6959
6945.38  49.068
6946.42  51.2279
6947.46  50.1013
6948.5  31.4028
6949.54  30.0604
6950.58  35.9008
6951.62  27.7808
6952.66  36.6908
6953.7  60.9317
6954.74  51.5539
6955.78  42.0947
6956.82  45.6414
6957.86  45.6197
6958.9  45.2748
6959.94  46.5333
6960.98  44.8841
6962.02  41.8463
6963.06  41.6449
6964.1  42.0237
6965.14  42.2507
6966.18  31.0201
6967.22  28.3885
6968.26  51.3604
6969.3  56.2393
6970.34  53.6013
6971.38  47.4073
6972.42  46.0236
6973.46  47.3353
6974.5  40.0404
6975.54  37.9938
6976.58  44.5509
6977.62  46.427
6978.66  44.1959
6979.7  33.8519
6980.74  32.9283
6981.78  34.3514
6982.82  24.9691
6983.86  30.6119
6984.9  48.2262
6985.94  48.5286
6986.98  46.1625
6988.02  44.481
6989.06  44.8285
6990.1  45.7384
6991.14  46.1152
6992.18  47.4347
6993.22  46.9321
6994.26  33.9486
6995.3  32.4889
6996.34  43.1337
6997.38  40.0572
6998.42  37.9566
6999.46  42.5317
7000.5  46.3153
7001.54  48.4851
7002.58  46.2324
7003.62  42.5986
7004.66  38.8112
7005.7  39.2453
7006.74  42.2751
7007.78  47.3637
7008.82  43.6595
7009.86  40.5499
7010.9  45.0609
7011.94  38.7626
7012.98  32.9559
7014.02  44.5572
7015.06  49.9499
7016.1  48.7411
7017.14  36.426
7018.18  35.8031
7019.22  53.9232
7020.26  51.3489
7021.3  43.7298
7022.34  36.3147
7023.38  38.7477
7024.42  46.2454
7025.46  53.7515
7026.5  55.6285
7027.54  51.8217
7028.58  43.8799
7029.62  41.5463
7030.66  50.2116
7031.7  46.8293
7032.74  41.351
7033.78  40.6173
7034.82  39.5645
7035.86  39.2178
7036.9  42.4141
7037.94  44.1428
7038.98  43.633
7040.02  38.444
7041.06  35.6829
7042.1  39.8353
7043.14  41.089
7044.18  42.362
7045.22  46.5852
7046.26  47.409
7047.3  45.0969
7048.34  38.2988
7049.38  34.8581
7050.42  36.2773
7051.46  37.5031
7052.5  36.9211
7053.54  30.897
7054.58  33.3286
7055.62  37.307
7056.66  33.3712
7057.7  34.87
7058.74  40.1519
7059.78  39.1588
7060.82  39.88
7061.86  44.3833
7062.9  41.6814
7063.94  38.4015
7064.98  39.1564
7066.02  39.1757
7067.06  39.3516
7068.1  42.6132
7069.14  36.8496
7070.18  24.809
7071.22  34.1382
7072.26  46.5673
7073.3  57.5937
7074.34  52.3486
7075.38  43.7825
7076.42  42.2985
7077.46  46.5021
7078.5  52.6166
7079.54  50.3941
7080.58  45.1743
7081.62  38.7967
7082.66  50.6868
7083.7  59.5632
7084.74  53.6873
7085.78  53.5856
7086.82  54.4018
7087.86  54.0562
7088.9  50.5775
7089.94  46.1296
7090.98  51.5944
7092.02  46.4657
7093.06  27.3497
7094.1  33.3509
7095.14  41.3576
7096.18  38.7995
7097.22  37.956
7098.26  36.3028
7099.3  29.3932
7100.34  32.422
7101.38  42.2592
7102.42  40.6153
7103.46  35.0412
7104.5  26.3894
7105.54  32.8065
7106.58  42.6233
7107.62  49.3585
7108.66  50.0655
7109.7  47.6666
7110.74  47.083
7111.78  47.9699
7112.82  48.9199
7113.86  35.6733
7114.9  29.0249
7115.94  38.171
7116.98  47.9654
7118.02  54.6405
7119.06  49.6116
7120.1  45.7473
7121.14  42.9233
7122.18  42.905
7123.22  43.5073
7124.26  44.0179
7125.3  37.172
7126.34  33.552
7127.38  40.1044
7128.42  41.3443
7129.46  42.4755
7130.5  49.4154
7131.54  49.2397
7132.58  45.1636
7133.62  49.6528
7134.66  53.2754
7135.7  54.0273
7136.74  40.1143
7137.78  30.8302
7138.82  43.0506
7139.86  44.6611
7140.9  43.8959
7141.94  49.0457
7142.98  50.9905
7144.02  49.6121
7145.06  44.9713
7146.1  42.0671
7147.14  42.8272
7148.18  42.3838
7149.22  41.7937
7150.26  40.7368
7151.3  43.1985
7152.34  47.0917
7153.38  48.2218
7154.42  51.5253
7155.46  56.0047
7156.5  46.9599
7157.54  41.2056
7158.58  46.5064
7159.62  45.2325
7160.66  41.9715
7161.7  37.7871
7162.74  38.8957
7163.78  40.6146
7164.82  24.0979
7165.86  28.103
7166.9  55.4312
7167.94  44.1048
7168.98  30.7582
7170.02  30.7312
7171.06  38.8541
7172.1  46.3122
7173.14  37.211
7174.18  31.4168
7175.22  29.973
7176.26  40.1169
7177.3  44.3537
7178.34  38.5242
7179.38  31.6678
7180.42  28.9054
7181.46  37.9561
7182.5  40.4345
7183.54  40.3978
7184.58  40.623
7185.62  40.3264
7186.66  39.3544
7187.7  35.2628
7188.74  35.5191
7189.78  43.5113
7190.82  37.3639
7191.86  33.1227
7192.9  48.0234
7193.94  43.764
7194.98  31.6496
7196.02  30.1111
7197.06  31.9137
7198.1  37.011
7199.14  52.4303
7200.18  59.4572
7201.22  47.1171
7202.26  46.2283
7203.3  48.2916
7204.34  50.1355
7205.38  46.8
7206.42  41.3654
7207.46  42.6894
7208.5  44.9117
7209.54  47.2253
7210.58  49.8921
7211.62  51.7332
7212.66  52.1427
7213.7  49.9601
7214.74  46.1309
7215.78  40.7456
7216.82  39.3737
7217.86  40.3468
7218.9  36.2019
7219.94  31.9683
7220.98  28.6095
7222.02  39.279
7223.06  49.7704
7224.1  50.8267
7225.14  44.3527
7226.18  35.2398
7227.22  32.6217
7228.26  34.1151
7229.3  38.362
7230.34  35.7652
7231.38  38.1256
7232.42  50.3239
7233.46  48.8024
7234.5  45.1002
7235.54  48.1209
7236.58  46.0249
7237.62  42.0094
7238.66  40.946
7239.7  45.3906
7240.74  54.2079
7241.78  50.4171
7242.82  45.0905
7243.86  40.4372
7244.9  56.8155
7245.94  70.1887
7246.98  49.3094
7248.02  35.8262
7249.06  27.6924
7250.1  20.6254
7251.14  25.4167
7252.18  42.7837
7253.22  40.1806
7254.26  34.3649
7255.3  30.4968
7256.34  40.8864
7257.38  51.8805
7258.42  42.4724
7259.46  36.9811
7260.5  35.87
7261.54  40.8997
7262.58  44.8132
7263.62  45.5949
7264.66  48.3652
7265.7  48.3683
7266.74  40.5141
7267.78  36.7059
7268.82  34.5242
7269.86  29.9697
7270.9  35.2739
7271.94  47.6486
7272.98  41.8101
7274.02  37.8783
7275.06  42.3696
7276.1  46.78
7277.14  51.1682
7278.18  55.7386
7279.22  52.4838
7280.26  44.6234
7281.3  36.0411
7282.34  37.9758
7283.38  49.8266
7284.42  46.3136
7285.46  37.0098
7286.5  21.3567
7287.54  31.0888
7288.58  44.0318
7289.62  35.3672
7290.66  31.0498
7291.7  32.0101
7292.74  46.8468
7293.78  54.466
7294.82  50.9582
7295.86  47.392
7296.9  42.0633
7297.94  32.3142
7298.98  38.7108
7300.02  46.5102
7301.06  31.8709
7302.1  31.8661
7303.14  42.419
7304.18  40.0041
7305.22  37.3911
7306.26  37.1186
7307.3  36.9934
7308.34  38.5189
7309.38  43.3756
7310.42  48.9504
7311.46  52.6298
7312.5  46.8557
7313.54  43.602
7314.58  42.6882
7315.62  32.3945
7316.66  34.1729
7317.7  58.112
7318.74  78.2146
7319.78  82.8489
7320.82  42.9033
7321.86  34.9972
7322.9  44.3644
7323.94  47.4413
7324.98  45.3506
7326.02  38.5333
7327.06  41.3615
7328.1  42.1565
7329.14  33.7625
7330.18  37.3461
7331.22  46.0528
7332.26  57.6758
7333.3  60.3143
7334.34  56.0076
7335.38  50.775
7336.42  44.1528
7337.46  36.6683
7338.5  40.8547
7339.54  46.4489
7340.58  49.8738
7341.62  38.3312
7342.66  24.6292
7343.7  28.4713
7344.74  32.0739
7345.78  35.8932
7346.82  47.5798
7347.86  51.2134
7348.9  41.572
7349.94  37.8053
7350.98  36.3118
7352.02  36.1867
7353.06  41.9182
7354.1  49.3137
7355.14  49.9369
7356.18  49.7641
7357.22  48.4109
7358.26  38.0351
7359.3  31.7075
7360.34  35.0274
7361.38  42.0278
7362.42  47.7027
7363.46  43.4193
7364.5  44.5087
7365.54  49.1207
7366.58  57.4919
7367.62  55.8395
7368.66  42.9866
7369.7  32.345
7370.74  28.6562
7371.78  37.3904
7372.82  49.5844
7373.86  58.6236
7374.9  50.1966
7375.94  46.681
7376.98  45.3264
7378.02  33.9062
7379.06  28.5202
7380.1  32.5906
7381.14  46.3899
7382.18  57.3221
7383.22  55.6938
7384.26  47.3909
7385.3  37.1731
7386.34  33.2966
7387.38  37.9437
7388.42  48.4624
7389.46  51.1948
7390.5  48.5243
7391.54  39.613
7392.58  45.1679
7393.62  53.2776
7394.66  59.0066
7395.7  47.5322
7396.74  31.7232
7397.78  39.1575
7398.82  45.5529
7399.86  48.4653
7400.9  42.5607
7401.94  39.5404
7402.98  44.5921
7404.02  53.5689
7405.06  60.1298
7406.1  53.989
7407.14  51.9997
7408.18  51.7462
7409.22  48.1612
7410.26  45.2532
7411.3  43.8344
7412.34  50.4074
7413.38  53.3035
7414.42  43.4703
7415.46  43.0466
7416.5  51.2491
7417.54  80.8614
7418.58  81.0769
7419.62  59.0592
7420.66  36.7942
7421.7  30.6817
7422.74  45.935
7423.78  46.7463
7424.82  45.0608
7425.86  45.4945
7426.9  43.8406
7427.94  40.8638
7428.98  35.6041
7430.02  36.4504
7431.06  41.4633
7432.1  35.2108
7433.14  34.1414
7434.18  43.8478
7435.22  45.4042
7436.26  43.3715
7437.3  37.2136
7438.34  37.6101
7439.38  40.1269
7440.42  34.6823
7441.46  36.9164
7442.5  45.9684
7443.54  37.3431
7444.58  34.9894
7445.62  51.0737
7446.66  49.4574
7447.7  42.6023
7448.74  36.9216
7449.78  38.3455
7450.82  43.8311
7451.86  45.6931
7452.9  45.2074
7453.94  42.7251
7454.98  47.0376
7456.02  47.325
7457.06  34.7038
7458.1  36.7883
7459.14  41.5342
7460.18  35.1893
7461.22  35.0527
7462.26  38.8797
7463.3  36.2727
7464.34  34.6079
7465.38  35.3496
7466.42  38.1521
7467.46  39.4934
7468.5  35.1316
7469.54  35.8746
7470.58  37.9334
7471.62  35.5193
7472.66  37.5849
7473.7  43.7057
7474.74  49.3145
7475.78  52.8576
7476.82  53.5283
7477.86  47.4532
7478.9  40.6048
7479.94  37.8222
7480.98  41.0584
7482.02  45.3808
7483.06  36.6551
7484.1  35.211
7485.14  41.6467
7486.18  38.9823
7487.22  35.0594
7488.26  31.9413
7489.3  30.8984
7490.34  32.0735
7491.38  36.8199
7492.42  40.6098
7493.46  44.0293
7494.5  50.0754
7495.54  49.7945
7496.58  42.1364
7497.62  43.3803
7498.66  43.6393
7499.7  36.4101
7500.74  38.2454
7501.78  41.8625
7502.82  39.3372
7503.86  36.7006
7504.9  34.4523
7505.94  35.2963
7506.98  34.4525
7508.02  30.6849
7509.06  31.0142
7510.1  34.351
7511.14  42.3042
7512.18  46.2075
7513.22  47.284
7514.26  43.9836
7515.3  45.4684
7516.34  50.8443
7517.38  50.7816
7518.42  47.4057
7519.46  40.3373
7520.5  38.0791
7521.54  36.7728
7522.58  32.7867
7523.62  34.224
7524.66  39.4149
7525.7  48.1064
7526.74  49.3684
7527.78  42.4493
7528.82  35.9878
7529.86  30.2057
7530.9  25.699
7531.94  24.4674
7532.98  28.8
7534.02  49.3788
7535.06  40.4121
7536.1  18.5322
7537.14  40.6727
7538.18  51.868
7539.22  43.5859
7540.26  40.6872
7541.3  41.5087
7542.34  50.6907
7543.38  46.882
7544.42  39.5162
7545.46  37.7765
7546.5  40.3118
7547.54  45.5564
7548.58  46.6761
7549.62  44.4466
7550.66  38.453
7551.7  42.7923
7552.74  47.5706
7553.78  46.9575
7554.82  39.7501
7555.86  32.1463
7556.9  37.1281
7557.94  45.4123
7558.98  54.7395
7560.02  54.2687
7561.06  47.1254
7562.1  32.0694
7563.14  36.7757
7564.18  42.9071
7565.22  32.96
7566.26  32.9853
7567.3  37.5519
7568.34  36.7272
7569.38  34.4633
7570.42  31.8044
7571.46  38.2705
7572.5  42.7762
7573.54  39.5009
7574.58  36.6513
7575.62  33.3402
7576.66  29.2595
7577.7  27.7611
7578.74  28.3953
7579.78  30.8326
7580.82  31.2309
7581.86  29.0408
7582.9  39.4597
7583.94  47.381
7584.98  40.3535
7586.02  47.4723
7587.06  56.2426
7588.1  51.1374
7589.14  48.4457
7590.18  47.2857
7591.22  39.2561
7592.26  37.1163
7593.3  44.7917
7594.34  50.6649
7595.38  57.6399
7596.42  68.3334
7597.46  73.0747
7598.5  69.4694
7599.54  40.6294
7600.58  39.7854
7601.62  64.5633
7602.66  66.1906
7603.7  52.4083
7604.74  18.7495
7605.78  16.4267
7606.82  27.6673
7607.86  48.9085
7608.9  48.7851
7609.94  36.7235
7610.98  32.8541
7612.02  25.9534
7613.06  15.6942
7614.1  11.9192
7615.14  13.9014
7616.18  22.3339
7617.22  40.095
7618.26  55.6251
7619.3  53.329
7620.34  37.7998
7621.38  18.5259
7622.42  36.1973
7623.46  43.7136
7624.5  32.1164
7625.54  27.1798
7626.58  28.2745
7627.62  40.2235
7628.66  50.9414
7629.7  55.4373
7630.74  35.3265
7631.78  31.4288
7632.82  39.2776
7633.86  23.0735
7634.9  19.116
7635.94  38.7636
7636.98  30.6797
7638.02  21.838
7639.06  35.3277
7640.1  21.3471
7641.14  2.0843
7642.18  22.1077
7643.22  32.0376
7644.26  29.8324
7645.3  33.0136
7646.34  36.1543
7647.38  38.3371
7648.42  38.2334
7649.46  36.4493
7650.5  31.3948
7651.54  35.4593
7652.58  43.0636
7653.62  40.3907
7654.66  32.0239
7655.7  19.9569
7656.74  29.4012
7657.78  41.1155
7658.82  47.4278
7659.86  43.8214
7660.9  37.3913
7661.94  36.5011
7662.98  38.3511
7664.02  41.4933
7665.06  40.6394
7666.1  37.5924
7667.14  32.7026
7668.18  38.0529
7669.22  41.7293
7670.26  33.1692
7671.3  36.3577
7672.34  43.9717
7673.38  50.6649
7674.42  48.5706
7675.46  40.1236
7676.5  41.1756
7677.54  44.8917
7678.58  50.3801
7679.62  47.4981
7680.66  42.9465
7681.7  41.3551
7682.74  39.6304
7683.78  38.4797
7684.82  38.9218
7685.86  41.5365
7686.9  45.579
7687.94  43.6502
7688.98  43.2637
7690.02  48.4105
7691.06  43.9173
7692.1  37.7208
7693.14  36.1786
7694.18  37.1978
7695.22  38.9859
7696.26  35.0744
7697.3  33.2998
7698.34  34.8534
7699.38  40.1682
7700.42  43.9687
7701.46  42.4569
7702.5  42.3232
7703.54  41.0148
7704.58  34.9735
7705.62  30.8645
7706.66  29.3833
7707.7  34.6841
7708.74  37.4103
7709.78  35.2841
7710.82  49.1764
7711.86  29.688
7712.9  -39.7225
7713.94  80.8358
7714.98  57.2184
7716.02  43.0789
7717.06  42.0008
7718.1  29.6932
7719.14  31.1377
7720.18  55.6729
7721.22  78.4981
7722.26  84.7813
7723.3  45.8561
7724.34  27.1542
7725.38  23.4158
7726.42  42.8843
7727.46  46.4189
7728.5  33.1704
7729.54  42.2396
7730.58  48.3958
7731.62  41.7168
7732.66  34.8579
7733.7  31.2937
7734.74  40.5071
7735.78  42.143
7736.82  40.3469
7737.86  47.3013
7738.9  49.7178
7739.94  45.8256
7740.98  44.2868
7742.02  43.4203
7743.06  43.4937
7744.1  40.714
7745.14  39.7283
7746.18  49.0405
7747.22  54.1597
7748.26  56.1123
7749.3  62.326
7750.34  60.1134
7751.38  46.1717
7752.42  47.076
7753.46  45.9445
7754.5  23.9452
7755.54  47.4283
7756.58  78.6068
7757.62  49.9263
7758.66  41.8081
7759.7  52.7204
7760.74  40.6218
7761.78  34.0062
7762.82  41.7937
7763.86  43.6359
7764.9  55.0204
7765.94  104.249
7766.98  87.6072
7768.02  42.1189
7769.06  39.669
7770.1  43.2074
7771.14  48.9314
7772.18  50.45
7773.22  50.4504
7774.26  48.9437
7775.3  51.5983
7776.34  53.8283
7777.38  50.3392
7778.42  46.6692
7779.46  43.8216
7780.5  47.1771
7781.54  46.9746
7782.58  41.5668
7783.62  34.1928
7784.66  33.4375
7785.7  49.6791
7786.74  52.3692
7787.78  48.9954
7788.82  42.8522
7789.86  35.4615
7790.9  30.2612
7791.94  48.3988
7792.98  52.0393
7794.02  30.3069
7795.06  32.9089
7796.1  49.5717
7797.14  90.8871
7798.18  80.9785
7799.22  51.0963
7800.26  45.0921
7801.3  44.3522
7802.34  46.6629
7803.38  41.164
7804.42  39.4418
7805.46  46.0809
7806.5  47.0427
7807.54  46.0147
7808.58  45.6075
7809.62  36.9912
7810.66  26.8744
7811.7  30.9695
7812.74  43.0939
7813.78  60.561
7814.82  57.0158
7815.86  49.3207
7816.9  41.8152
7817.94  51.6806
7818.98  62.7756
7820.02  55.2788
7821.06  50.579
7822.1  51.102
7823.14  74.7055
7824.18  75.2028
7825.22  44.6774
7826.26  41.6778
7827.3  42.9863
7828.34  40.7226
7829.38  30.2628
7830.42  21.7777
7831.46  33.8437
7832.5  41.6185
7833.54  45.2413
7834.58  49.7456
7835.62  48.0346
7836.66  37.7292
7837.7  45.7381
7838.74  52.8754
7839.78  42.1633
7840.82  47.9718
7841.86  56.7822
7842.9  43.716
7843.94  39.1673
7844.98  44.1563
7846.02  52.011
7847.06  51.6241
7848.1  35.6798
7849.14  35.4141
7850.18  40.5221
7851.22  48.5277
7852.26  42.6544
7853.3  30.5687
7854.34  28.3867
7855.38  35.8601
7856.42  51.4171
7857.46  45.2755
7858.5  47.9172
7859.54  79.1787
7860.58  83.5149
7861.62  74.8601
7862.66  56.6064
7863.7  45.7976
7864.74  41.2022
7865.78  40.5595
7866.82  39.7776
7867.86  37.9838
7868.9  44.6607
7869.94  52.0315
7870.98  56.5593
7872.02  52.5539
7873.06  48.7057
7874.1  60.94
7875.14  70.2539
7876.18  72.9046
7877.22  45.0624
7878.26  34.4225
7879.3  56.7462
7880.34  62.3546
7881.38  60.5328
7882.42  48.9617
7883.46  47.0271
7884.5  48.2356
7885.54  40.1888
7886.58  43.86
7887.62  56.9917
7888.66  44.0811
7889.7  35.9748
7890.74  43.2817
7891.78  70.0326
7892.82  95.7696
7893.86  97.673
7894.9  89.548
7895.94  76.5564
7896.98  77.0365
7898.02  71.396
7899.06  58.0179
7900.1  50.7358
7901.14  49.9408
7902.18  59.5852
7903.22  62.3004
7904.26  59.0548
7905.3  38.1296
7906.34  49.2966
7907.38  88.083
7908.42  131.306
7909.46  224.099
7910.5  375.122
7911.54  498.087
7912.58  573.756
7913.62  569.699
7914.66  530.181
7915.7  456.687
7916.74  356.408
7917.78  251.475
7918.82  152.056
7919.86  108.228
7920.9  77.5994
7921.94  48.6068
7922.98  38.8418
7924.02  36.2445
7925.06  30.0665
7926.1  34.5023
7927.14  46.6018
7928.18  68.6658
7929.22  68.3704
7930.26  47.3729
7931.3  45.7588
7932.34  57.7271
7933.38  86.7376
7934.42  100.597
7935.46  117.189
7936.5  156.555
7937.54  182.667
7938.58  193.983
7939.62  177.476
7940.66  156.415
7941.7  134.449
7942.74  104.299
7943.78  75.4692
7944.82  51.7628
7945.86  43.2452
7946.9  42.2736
7947.94  39.8949
7948.98  44.633
7950.02  52.7815
7951.06  47.4854
7952.1  46.8143
7953.14  54.5807
7954.18  48.0876
7955.22  42.2282
7956.26  47.7826
7957.3  46.8839
7958.34  42.9699
7959.38  36.6785
7960.42  35.432
7961.46  38.7014
7962.5  42.3994
7963.54  42.3439
7964.58  36.091
7965.62  39.4029
7966.66  38.2468
7967.7  13.5994
7968.74  21.5702
7969.78  39.1308
7970.82  16.134
7971.86  10.0897
7972.9  24.3291
7973.94  38.1064
7974.98  47.2701
7976.02  47.3431
7977.06  46.17
7978.1  45.3964
7979.14  48.8295
7980.18  53.2439
7981.22  57.7906
7982.26  58.7525
7983.3  61.1656
7984.34  65.1395
7985.38  53.6622
7986.42  41.6269
7987.46  36.2673
7988.5  36.1751
7989.54  38.8964
7990.58  41.6845
7991.62  40.7673
7992.66  38.5725
7993.7  47.8515
7994.74  53.2337
7995.78  51.0331
7996.82  41.3709
7997.86  38.3191
7998.9  64.0837
7999.94  37.387
8000.98  5.84153
8002.02  57.9132
8003.06  72.9301
8004.1  52.0122
8005.14  43.0957
8006.18  37.6091
8007.22  35.9697
8008.26  32.1527
8009.3  31.7405
8010.34  42.2691
8011.38  43.7978
8012.42  41.3281
8013.46  44.1241
8014.5  42.5156
8015.54  37.2564
8016.58  48.4012
8017.62  58.6652
8018.66  60.0654
8019.7  66.0307
8020.74  73.1749
8021.78  82.9649
8022.82  77.2794
8023.86  59.908
8024.9  34.6853
8025.94  28.6108
8026.98  46.1093
8028.02  52.7247
8029.06  56.2259
8030.1  58.384
8031.14  53.5938
8032.18  44.3298
8033.22  28.9764
8034.26  29.1503
8035.3  41.7895
8036.34  55.3192
8037.38  58.4543
8038.42  46.9104
8039.46  42.1055
8040.5  39.8283
8041.54  40.5911
8042.58  38.2443
8043.62  36.6896
8044.66  44.4086
8045.7  46.7158
8046.74  43.3104
8047.78  37.8465
8048.82  35.9373
8049.86  40.5364
8050.9  43.1833
8051.94  47.646
8052.98  58.3927
8054.02  64.3122
8055.06  64.491
8056.1  50.4635
8057.14  45.9946
8058.18  52.0114
8059.22  40.0743
8060.26  32.6028
8061.3  41.526
8062.34  35.6192
8063.38  30.0609
8064.42  40.7438
8065.46  49.4731
8066.5  54.8502
8067.54  48.0578
8068.58  45.576
8069.62  50.062
8070.66  40.8854
8071.7  34.7081
8072.74  43.4322
8073.78  43.8159
8074.82  41.5167
8075.86  41.2349
8076.9  33.9423
8077.94  23.9752
8078.98  34.8138
8080.02  46.5202
8081.06  54.3887
8082.1  54.1842
8083.14  47.6469
8084.18  31.0553
8085.22  30.5427
8086.26  38.2067
8087.3  46.1236
8088.34  49.018
8089.38  46.29
8090.42  34.5298
8091.46  30.9387
8092.5  43.6713
8093.54  54.4575
8094.58  65.4824
8095.62  73.1275
8096.66  97.0391
8097.7  125.591
8098.74  131.43
8099.78  126.117
8100.82  111.537
8101.86  100.092
8102.9  86.4341
8103.94  67.5212
8104.98  56.3009
8106.02  50.3314
8107.06  52.3249
8108.1  44.5071
8109.14  32.0309
8110.18  30.5912
8111.22  39.4293
8112.26  58.873
8113.3  79.7878
8114.34  97.9787
8115.38  111.173
8116.42  106.568
8117.46  96.6366
8118.5  105.811
8119.54  85.6625
8120.58  46.2483
8121.62  46.9797
8122.66  50.2816
8123.7  47.5692
8124.74  41.9701
8125.78  39.5205
8126.82  48.9275
8127.86  47.3413
8128.9  41.4497
8129.94  40.1027
8130.98  41.3465
8132.02  44.1253
8133.06  40.4718
8134.1  36.4907
8135.14  33.8417
8136.18  37.1759
8137.22  40.0694
8138.26  34.0528
8139.3  36.0808
8140.34  41.316
8141.38  38.6011
8142.42  33.7234
8143.46  28.2719
8144.5  36.8826
8145.54  44.4709
8146.58  43.1441
8147.62  43.3959
8148.66  41.7797
8149.7  33.6195
8150.74  29.5402
8151.78  29.7461
8152.82  36.8862
8153.86  42.7262
8154.9  45.172
8155.94  35.0359
8156.98  28.8083
8158.02  41.2239
8159.06  43.5223
8160.1  41.6481
8161.14  38.5993
8162.18  35.8326
8163.22  33.8793
8164.26  35.6356
8165.3  37.1027
8166.34  37.1078
8167.38  36.2455
8168.42  33.8807
8169.46  27.3249
8170.5  30.407
8171.54  37.8972
8172.58  41.7758
8173.62  43.0031
8174.66  42.0619
8175.7  42.9769
8176.74  45.9524
8177.78  52.3866
8178.82  49.7021
8179.86  44.5715
8180.9  40.5538
8181.94  46.17
8182.98  54.9337
8184.02  48.7827
8185.06  38.3128
8186.1  25.9816
8187.14  32.2424
8188.18  38.8824
8189.22  35.8698
8190.26  39.9544
8191.3  42.5502
8192.34  31.4352
8193.38  27.4476
8194.42  30.6976
8195.46  46.4953
8196.5  50.5281
8197.54  36.8927
8198.58  42.098
8199.62  45.1789
8200.66  29.8726
8201.7  34.694
8202.74  42.864
8203.78  28.2553
8204.82  26.1047
8205.86  34.2419
8206.9  30.1701
8207.94  26.703
8208.98  26.846
8210.02  35.2247
8211.06  39.7104
8212.1  23.5036
8213.14  28.4202
8214.18  41.4618
8215.22  39.2877
8216.26  40.9024
8217.3  46.3254
8218.34  39.3436
8219.38000000001  31.3709
8220.42  25.4836
8221.46  32.5359
8222.5  41.4744
8223.54  40.7297
8224.58  38.6841
8225.62  35.7546
8226.66  32.8509
8227.7  35.6689
8228.74  44.1431
8229.78  33.6761
8230.82  26.2049
8231.86  35.3021
8232.9  36.1219
8233.94  37.3668
8234.98  52.6538
8236.02  43.1169
8237.06  19.782
8238.1  33.2449
8239.14  39.6927
8240.18  29.7034
8241.22  31.0865
8242.26  34.3785
8243.3  36.4436
8244.34  33.1412
8245.38  28.3441
8246.42  28.3096
8247.46  27.6224
8248.5  27.1779
8249.54  33.8444
8250.58  43.739
8251.62  56.7345
8252.66  54.7316
8253.7  47.0142
8254.74  36.9899
8255.78  36.7944
8256.82  42.3447
8257.86  49.0303
8258.9  47.0863
8259.94  36.9382
8260.98  36.5275
8262.02  35.5907
8263.06  30.1701
8264.1  27.4799
8265.14  27.9991
8266.18  36.2531
8267.22  36.1163
8268.26  32.2825
8269.3  39.4981
8270.34  42.8123
8271.38  39.9895
8272.42  32.431
8273.46  27.9021
8274.5  32.8207
8275.54  37.5041
8276.58  41.477
8277.62  42.1719
8278.66  37.709
8279.7  31.3303
8280.74  40.1303
8281.78  43.8514
8282.82  37.5024
8283.86  29.7748
8284.9  24.9426
8285.94  29.0855
8286.98  32.2667
8288.02  34.9071
8289.06  36.4287
8290.1  33.3113
8291.14  26.5672
8292.18  25.7081
8293.22  18.9649
8294.26  0.287551
8295.3  11.9203
8296.34  27.0866
8297.38  21.8885
8298.42  27.5733
8299.46  37.7167
8300.5  42.0877
8301.54  40.6248
8302.58  34.8154
8303.62  44.8714
8304.66  54.081
8305.7  55.2358
8306.74  56.9635
8307.78  55.1851
8308.82  43.5285
8309.86  37.8141
8310.9  37.12
8311.94  42.4435
8312.98  42.3011
8314.02  34.4123
8315.06  22.159
8316.1  18.4137
8317.14  37.2532
8318.18  42.6647
8319.22  43.1811
8320.26  43.9766
8321.3  41.0149
8322.34  36.4879
8323.38  41.1457
8324.42  49.434
8325.46  60.7239
8326.5  45.3929
8327.54  29.9339
8328.58  34.7563
8329.62  37.9589
8330.66  39.1667
8331.7  31.0143
8332.74  28.4878
8333.78  31.6672
8334.82  33.6471
8335.86  36.0863
8336.9  39.1934
8337.94  43.6054
8338.98  42.8333
8340.02  23.938
8341.06  27.005
8342.1  39.7583
8343.14  36.7208
8344.18  31.9238
8345.22  26.8232
8346.26  20.5604
8347.3  23.6088
8348.34  47.3608
8349.38  34.1819
8350.42  20.688
8351.46  53.4538
8352.5  58.6538
8353.54  45.6998
8354.58  41.7416
8355.62  39.5923
8356.66  38.7615
8357.7  40.7685
8358.74  40.4642
8359.78  29.6983
8360.82  41.7259
8361.86  56.6297
8362.9  45.4754
8363.94  41.2194
8364.98  43.2311
8366.02  44.8864
8367.06  44.3997
8368.1  40.5475
8369.14  40.8205
8370.18  47.3358
8371.22  71.2391
8372.26  58.7237
8373.3  34.3851
8374.34  41.8001
8375.38  40.7374
8376.42  30.9933
8377.46  35.3648
8378.5  37.5
8379.54  30.8273
8380.58  35.8319
8381.62  42.6493
8382.66  43.2367
8383.7  45.876
8384.74  47.0603
8385.78  35.0192
8386.82  29.2371
8387.86  32.2219
8388.9  40.7345
8389.94  47.709
8390.98  48.3415
8392.02  48.513
8393.06  45.3583
8394.1  31.9152
8395.14  32.0076
8396.18  40.6025
8397.22  39.3622
8398.26  41.8121
8399.3  49.9711
8400.34  42.6663
8401.38  42.6114
8402.42  73.4798
8403.46  66.9145
8404.5  43.3583
8405.54  11.2301
8406.58  17.0644
8407.62  49.8201
8408.66  39.6159
8409.7  29.4299
8410.74  29.5863
8411.78  25.6417
8412.82  25.7898
8413.86  40.3035
8414.9  38.5534
8415.94  30.1696
8416.98  29.3191
8418.02  29.2647
8419.06  30.128
8420.1  37.1383
8421.14  42.3751
8422.18  42.5183
8423.22  39.6032
8424.26  36.7692
8425.3  38.1743
8426.34  42.1133
8427.38  45.5576
8428.42  36.3648
8429.46  34.8163
8430.5  43.0379
8431.54  43.3034
8432.58  42.1579
8433.62  40.7245
8434.66  49.0778
8435.7  54.5449
8436.74  35.3348
8437.78  32.6975
8438.82  40.2702
8439.86  31.9121
8440.9  28.376
8441.94  33.6494
8442.98  37.0594
8444.02  37.3985
8445.06  29.8967
8446.1  33.06
8447.14  37.2836
8448.18  25.9259
8449.22  26.0084
8450.26  35.8359
8451.3  39.4513
8452.34  42.5094
8453.38  45.8603
8454.42  55.0453
8455.46  58.9838
8456.5  43.3494
8457.54  42.3938
8458.58  45.9789
8459.62  35.1603
8460.66  31.2049
8461.7  34.9704
8462.74  35.1827
8463.78  37.4433
8464.82  45.7749
8465.86  28.5749
8466.9  14.2452
8467.94  36.334
8468.98  49.9269
8470.02  57.4047
8471.06  61.1156
8472.1  55.9424
8473.14  42.14
8474.18  37.079
8475.22  39.3784
8476.26  54.6049
8477.3  51.239
8478.34  38.8915
8479.38  17.843
8480.42  23.2331
8481.46  45.4463
8482.5  44.5018
8483.54  40.8114
8484.58  37.7515
8485.62  35.953
8486.66  37.7641
8487.7  47.9077
8488.74  50.4449
8489.78  48.5565
8490.82  43.153
8491.86  39.2749
8492.9  37.4295
8493.94  40.8992
8494.98  38.641
8496.02  25.3929
8497.06  30.3409
8498.1  39.1522
8499.14  43.0789
8500.18  44.4911
8501.22  42.0318
8502.26  28.401
8503.3  27.2039
8504.34  38.2608
8505.38  30.9061
8506.42  27.1542
8507.46  36.9478
8508.5  38.5365
8509.54  33.091
8510.58  12.0384
8511.62  8.7116
8512.66  19.8152
8513.7  46.0757
8514.74  55.0646
8515.78  41.8436
8516.82  42.2458
8517.86  42.7517
8518.9  37.5589
8519.94  37.3816
8520.98  38.1776
8522.02  35.2841
8523.06  34.5096
8524.1  35.4533
8525.14  35.3272
8526.18  38.961
8527.22  47.6464
8528.26  41.7052
8529.3  34.9656
8530.34  35.3049
8531.38  44.4105
8532.42  53.2908
8533.46  41.7233
8534.5  36.8928
8535.54  39.1495
8536.58  40.849
8537.62  42.0919
8538.66  42.2848
8539.7  41.5658
8540.74  39.2092
8541.78  34.127
8542.82  26.8542
8543.86  20.9715
8544.9  27.6204
8545.94  31.8278
8546.98  31.9448
8548.02  29.3648
8549.06  27.7111
8550.1  29.151
8551.14  31.2505
8552.18  30.8349
8553.22  18.7618
8554.26  23.4188
8555.3  38.2533
8556.34  47.7907
8557.38  44.4247
8558.42  27.0319
8559.46  31.6537
8560.5  36.9234
8561.54  31.9828
8562.58  26.1635
8563.62  22.9752
8564.66  33.1789
8565.7  35.094
8566.74  30.2932
8567.78  26.0762
8568.82  27.0602
8569.86  35.3283
8570.9  33.6033
8571.94  30.8248
8572.98  32.5234
8574.02  32.7752
8575.06  32.5671
8576.1  32.234
8577.14  33.3608
8578.18  35.9273
8579.22  39.1591
8580.26  40.1778
8581.3  37.4289
8582.34  35.2681
8583.38  33.2941
8584.42  31.2799
8585.46  32.3136
8586.5  35.1046
8587.54  37.8382
8588.58  37.3539
8589.62  33.2098
8590.66  23.4575
8591.7  20.5647
8592.74  33.8595
8593.78  37.331
8594.82  35.6282
8595.86  25.6656
8596.9  30.6713
8597.94  42.1828
8598.98  28.6343
8600.02  24.1859
8601.06  34.4924
8602.1  30.3893
8603.14  33.3346
8604.18  62.6733
8605.22  62.8502
8606.26  52.0057
8607.3  44.0614
8608.34  43.2497
8609.38  46.4295
8610.42  34.4715
8611.46  28.454
8612.5  34.3313
8613.54  35.3071
8614.58  32.0639
8615.62  18.6426
8616.66  22.0711
8617.7  32.7365
8618.74  38.8912
8619.78  35.5921
8620.82  24.6064
8621.86  22.9532
8622.9  24.1562
8623.94  26.3787
8624.98  42.4562
8626.02  55.022
8627.06  43.0648
8628.1  38.1987
8629.14  38.8449
8630.18  49.7308
8631.22  50.3452
8632.26  38.62
8633.3  24.6093
8634.34  17.1277
8635.38  24.5722
8636.42  24.2981
8637.46  23.9483
8638.5  30.8062
8639.54  33.0899
8640.58  33.1421
8641.62  40.824
8642.66  44.4439
8643.7  41.7354
8644.74  34.7005
8645.78  30.5964
8646.82  37.1411
8647.86  39.0149
8648.9  37.6196
8649.94  30.7249
8650.98  24.6425
8652.02  19.9376
8653.06  18.1048
8654.1  19.2975
8655.14  23.8281
8656.18  29.1132
8657.22  32.3361
8658.26  28.3667
8659.3  31.0089
8660.34  38.5376
8661.38  53.6157
8662.42  60.3455
8663.46  56.874
8664.5  36.5908
8665.54  26.1018
8666.58  39.444
8667.62  38.0116
8668.66  34.1019
8669.7  34.2514
8670.74  38.5306
8671.78  43.0221
8672.82  33.9108
8673.86  33.0234
8674.9  41.6863
8675.94  26.1249
8676.98  17.5987
8678.02  34.7177
8679.06  42.3088
8680.1  43.875
8681.14  34.1181
8682.18  29.4073
8683.22  28.4859
8684.26  26.7425
8685.3  26.9204
8686.34  29.5143
8687.38  35.3562
8688.42  39.1275
8689.46  36.4638
8690.5  30.7906
8691.54  25.0913
8692.58  26.365
8693.62  25.7575
8694.66  24.8324
8695.7  38.0524
8696.74  43.1709
8697.78  32.3623
8698.82  29.2471
8699.86  30.6388
8700.9  41.2158
8701.94  34.5258
8702.98  22.9768
8704.02  31.4826
8705.06  36.3781
8706.1  36.5094
8707.14  41.4467
8708.18  44.4586
8709.22  43.3972
8710.26  33.7438
8711.3  23.3467
8712.34  19.7083
8713.38  23.8674
8714.42  31.8797
8715.46  31.9076
8716.5  32.3617
8717.54  34.28
8718.58  37.6126
8719.62  38.876
8720.66  34.3029
8721.7  36.4125
8722.74  40.1289
8723.78  40.7821
8724.82  39.7142
8725.86  37.4726
8726.9  35.7592
8727.94  34.9937
8728.98  35.3898
8730.02  39.4066
8731.06  39.6589
8732.1  26.6983
8733.14  29.0209
8734.18  36.1137
8735.22  34.381
8736.26  35.476
8737.3  38.9779
8738.34  39.1843
8739.38  38.6579
8740.42  37.9651
8741.46  37.5838
8742.5  36.9733
8743.54  33.6625
8744.58  41.23
8745.62  52.4962
8746.66  53.6603
8747.7  48.2699
8748.74  38.166
8749.78  40.0058
8750.82  43.0796
8751.86  44.1757
8752.9  37.7535
8753.94  32.9765
8754.98  42.5976
8756.02  45.725
8757.06  44.3869
8758.1  41.4103
8759.14  40.4089
8760.18  42.0379
8761.22  43.0445
8762.26  40.7013
8763.3  31.6653
8764.34  25.608
8765.38  19.1582
8766.42  3.90237
8767.46  14.0486
8768.5  39.4721
8769.54  32.9807
8770.58  32.2602
8771.62  45.468
8772.66  19.0953
8773.7  2.4116
8774.74  37.8051
8775.78  52.87
8776.82  56.6041
8777.86  45.0881
8778.9  43.4109
8779.94  48.5959
8780.98  21.2095
8782.02  23.3123
8783.06  81.8948
8784.1  84.3859
8785.14  64.2494
8786.18  24.3517
8787.22  35.0413
8788.26  64.2801
8789.3  42.742
8790.34  29.1388
8791.38  28.5594
8792.42  32.1756
8793.46  34.0553
8794.5  28.7148
8795.54  37.6544
8796.58  51.7427
8797.62  67.4696
8798.66  68.6893
8799.7  57.7986
8800.74  34.3974
8801.78  27.3665
8802.82  41.2786
8803.86  36.0305
8804.9  31.5032
8805.94  37.5917
8806.98  41.7975
8808.02  43.482
8809.06  37.1739
8810.1  34.6665
8811.14  35.3929
8812.18  37.0659
8813.22000000001  36.6539
8814.26  33.0507
8815.3  35.0603
8816.34  35.5346
8817.38  27.5704
8818.42  27.1765
8819.46  30.5051
8820.5  35.4076
8821.54  33.5574
8822.58  26.7764
8823.62  32.1594
8824.66  38.8534
8825.7  44.3779
8826.74  39.4035
8827.78  33.708
8828.82  38.0963
8829.86  33.8784
8830.9  27.1631
8831.94  31.7322
8832.98  35.4782
8834.02  36.8101
8835.06  32.3426
8836.1  30.2868
8837.14  34.063
8838.18  53.2907
8839.22  65.5358
8840.26  36.9585
8841.3  16.4643
8842.34  5.29276
8843.38  13.2679
8844.42  27.1137
8845.46  43.6403
8846.5  42.4214
8847.54  37.4117
8848.58  35.1042
8849.62  34.9631
8850.66  34.9355
8851.7  31.8305
8852.74  27.4568
8853.78  22.9908
8854.82  26.0055
8855.86  23.0261
8856.9  9.56427
8857.94  23.093
8858.98  37.5078
8860.02  33.8004
8861.06  31.8654
8862.1  29.4771
8863.14  24.7622
8864.18  22.8002
8865.22  24.2865
8866.26  33.9086
8867.3  38.5051
8868.34  32.1371
8869.38  24.7769
8870.42  18.5186
8871.46  16.6889
8872.5  22.2487
8873.54  29.9088
8874.58  25.496
8875.62  17.4936
8876.66  8.56852
8877.7  23.3217
8878.74  34.6752
8879.78  28.3703
8880.82  24.0812
8881.86  20.5034
8882.9  18.265
8883.94  23.8753
8884.98  35.1987
8886.02  54.2863
8887.06  36.3795
8888.1  -25.838
8889.14  10.3859
8890.18  48.0739
8891.22  26.7654
8892.26  33.1295
8893.3  38.8759
8894.34  8.63957
8895.38  -13.7832
8896.42  -22.5628
8897.46  14.0717
8898.5  35.1525
8899.54  21.1139
8900.58  23.7889
8901.62  28.0914
8902.66  29.3348
8903.7  18.5859
8904.74  7.63295
8905.78  27.2579
8906.82  24.6698
8907.86  1.3717
8908.9  0.424459
8909.94  18.8371
8910.98  65.9753
8912.02  37.2796
8913.06  6.17858
8914.1  51.3159
8915.14  47.6361
8916.18  18.2481
8917.22  6.76555
8918.26  -0.0980524
8919.3  -0.430546
8920.34  32.1457
8921.38  117.196
8922.42  312.316
