3753.62  86.6391
3754.66  11.2148
3755.7  -80.5703
3756.74  -57.3185
3757.78  -60.1199
3758.82  -264.498
3759.86  -2.1909
3760.9  222.038
3761.94  -12.638
3762.98  12.7512
3764.02  -74.8653
3765.06  286.507
3766.1  -187.109
3767.14  -9.31923
3768.18  -15.8155
3769.22  282.693
3770.26  24.1503
3771.3  28.9996
3772.34  178.74
3773.38  86.5066
3774.42  -51.6914
3775.46  -11.8421
3776.5  82.0966
3777.54  -105.546
3778.58  -107.706
3779.62  98.4979
3780.66  -114.333
3781.7  54.9027
3782.74  -122.479
3783.78  -13.8398
3784.82  191.725
3785.86  -36.6118
3786.9  100.869
3787.94  156.424
3788.98  90.1048
3790.02  133.682
3791.06  -1.44402
3792.1  46.82
3793.14  151.098
3794.18  331.915
3795.22  -0.452636
3796.26  81.7626
3797.3  148.109
3798.34  52.9437
3799.38  168.699
3800.42  92.8318
3801.46  68.4575
3802.5  4.8662
3803.54  81.0263
3804.58  133.046
3805.62  31.8057
3806.66  -75.5907
3807.7  1.52093
3808.74  68.1994
3809.78  134.286
3810.82  143.78
3811.86  -144.075
3812.9  -11.7705
3813.94  93.736
3814.98  8.98298
3816.02  122.003
3817.06  148.948
3818.1  31.3805
3819.14  22.3287
3820.18  -153.325
3821.22  2.01544
3822.26  -33.1933
3823.3  15.6103
3824.34  113.586
3825.38  245.217
3826.42  43.4466
3827.46  72.2888
3828.5  189.135
3829.54  7.55911
3830.58  -131.28
3831.62  78.09
3832.66  206.879
3833.7  77.221
3834.74  -30.1947
3835.78  27.7503
3836.82  -142.554
3837.86  -154.992
3838.9  125.815
3839.94  52.6367
3840.98  20.5332
3842.02  -77.2156
3843.06  153.327
3844.1  137.354
3845.14  -4.22903
3846.18  23.3766
3847.22  123.103
3848.26  43.1536
3849.3  99.0355
3850.34  36.3351
3851.38  23.4974
3852.42  177.148
3853.46  -21.459
3854.5  0.754875
3855.54  -40.9624
3856.58  -10.1483
3857.62  48.0117
3858.66  -1.98718
3859.7  146.997
3860.74  16.6364
3861.78  -117.702
3862.82  78.5888
3863.86  100.314
3864.9  119.108
3865.94  195.704
3866.98  126.523
3868.02  69.7085
3869.06  -5.9423
3870.1  9.31054
3871.14  120.266
3872.18  -97.8692
3873.22  -126.21
3874.26  33.0277
3875.3  147.709
3876.34  103.059
3877.38  64.2582
3878.42  3.57497
3879.46  -102.
3880.5  -96.2965
3881.54  76.9611
3882.58  141.64
3883.62  71.4793
3884.66  -17.0857
3885.7  48.6087
3886.74  69.2711
3887.78  90.6107
3888.82  104.332
3889.86  -65.8507
3890.9  -3.84644
3891.94  67.8785
3892.98  68.8354
3894.02  91.6023
3895.06  47.5043
3896.1  142.845
3897.14  74.9546
3898.18  -15.2447
3899.22  85.3061
3900.26  116.924
3901.3  188.816
3902.34  168.004
3903.38  -32.0359
3904.42  126.647
3905.46  5.60786
3906.5  26.5718
3907.54  -18.4435
3908.58  -55.6254
3909.62  26.401
3910.66  74.2521
3911.7  -23.0445
3912.74  12.0319
3913.78  105.951
3914.82  81.9739
3915.86  33.3604
3916.9  9.49319
3917.94  -1.69828
3918.98  -18.8469
3920.02  37.7933
3921.06  40.0927
3922.1  95.6986
3923.14  96.7566
3924.18  40.5393
3925.22  179.969
3926.26  93.2721
3927.3  135.976
3928.34  -32.5626
3929.38  -22.2748
3930.42  -37.3241
3931.46  26.9444
3932.5  -24.3156
3933.54  31.0287
3934.58  91.8675
3935.62  19.9389
3936.66  90.2248
3937.7  126.159
3938.74  40.6693
3939.78  107.054
3940.82  37.3775
3941.86  15.5992
3942.9  19.6638
3943.94  0.744062
3944.98  29.7264
3946.02  100.399
3947.06  -11.2304
3948.1  19.6041
3949.14  95.8495
3950.18  42.3809
3951.22  4.73684
3952.26  119.064
3953.3  64.4762
3954.34  105.09
3955.38  95.5973
3956.42  -21.622
3957.46  -14.7065
3958.5  -5.77082
3959.54  136.908
3960.58  101.175
3961.62  14.3251
3962.66  34.2493
3963.7  57.5555
3964.74  79.0572
3965.78  93.0889
3966.82  57.8966
3967.86  75.5765
3968.9  54.9665
3969.94  61.7654
3970.98  19.5013
3972.02  52.9307
3973.06  73.2918
3974.1  77.8055
3975.14  30.7271
3976.18  30.1127
3977.22  70.6738
3978.26  66.1731
3979.3  -78.378
3980.34  -46.4922
3981.38  68.1785
3982.42  54.5442
3983.46  26.7584
3984.5  75.177
3985.54  27.8186
3986.58  -0.738931
3987.62  39.4485
3988.66  50.3095
3989.7  122.602
3990.74  115.295
3991.78  8.12693
3992.82  30.2382
3993.86  120.912
3994.9  124.626
3995.94  112.44
3996.98  117.498
3998.02  24.4774
3999.06  -33.1458
4000.1  -68.3813
4001.14  61.9565
4002.18  53.8129
4003.22  -8.03615
4004.26  48.688
4005.3  30.4492
4006.34  19.3897
4007.38  32.9415
4008.42  75.0465
4009.46  100.192
4010.5  115.608
4011.54  57.7099
4012.58  46.9059
4013.62  -46.1605
4014.66  140.502
4015.7  83.194
4016.74  1.3597
4017.78  34.2091
4018.82  55.9703
4019.86  26.0532
4020.9  48.2658
4021.94  -4.28922
4022.98  186.34
4024.02  -26.0265
4025.06  22.1406
4026.1  75.7733
4027.14  60.0211
4028.18  67.8777
4029.22  -31.2745
4030.26  136.333
4031.3  2.17594
4032.34  165.984
4033.38  85.8819
4034.42  76.1186
4035.46  20.175
4036.5  154.278
4037.54  132.568
4038.58  -62.7175
4039.62  56.0581
4040.66  115.364
4041.7  130.968
4042.74  40.6434
4043.78  67.6087
4044.82  50.2152
4045.86  -26.4174
4046.9  73.1223
4047.94  -35.9188
4048.98  37.6658
4050.02  111.758
4051.06  15.649
4052.1  62.9434
4053.14  118.779
4054.18  88.1025
4055.22  68.3782
4056.26  66.229
4057.3  93.149
4058.34  53.3415
4059.38  71.7665
4060.42  101.095
4061.46  92.8978
4062.5  64.5769
4063.54  45.669
4064.58  38.7268
4065.62  45.6525
4066.66  42.3512
4067.7  0.465818
4068.74  50.6692
4069.78  100.277
4070.82  64.0918
4071.86  76.243
4072.9  82.0111
4073.94  69.0359
4074.98  35.2213
4076.02  74.8853
4077.06  69.1215
4078.1  17.0232
4079.14  71.4906
4080.18  62.4367
4081.22  81.1461
4082.26  130.795
4083.3  171.664
4084.34  105.878
4085.38  69.3827
4086.42  72.1406
4087.46  44.0097
4088.5  109.681
4089.54  37.4053
4090.58  -29.8878
4091.62  -19.9954
4092.66  56.8381
4093.7  98.0299
4094.74  61.8266
4095.78  -2.06906
4096.82  10.3908
4097.86  43.4099
4098.9  0.148826
4099.94  67.0631
4100.98  41.5988
4102.02  24.2469
4103.06  33.7502
4104.1  111.822
4105.14  109.971
4106.18  30.2531
4107.22  49.2837
4108.26  54.2671
4109.3  57.4232
4110.34  86.4952
4111.38  95.7268
4112.42  -22.9471
4113.46  27.8483
4114.5  77.8091
4115.54  141.275
4116.58  12.6372
4117.62  44.8058
4118.66  49.6449
4119.7  65.5069
4120.74  96.7003
4121.78  134.399
4122.82  85.1217
4123.86  25.2586
4124.9  102.197
4125.94  110.242
4126.98  63.603
4128.02  48.6029
4129.06  51.5405
4130.1  82.4107
4131.14  42.829
4132.18  -5.23985
4133.22  133.471
4134.26  77.4342
4135.3  44.915
4136.34  68.5112
4137.38  61.3829
4138.42  117.944
4139.46  142.679
4140.5  144.222
4141.54  92.7304
4142.58  169.164
4143.62  61.4334
4144.66  115.762
4145.7  36.7589
4146.74  67.0849
4147.78  79.8575
4148.82  139.719
4149.86  252.612
4150.9  255.902
4151.94  386.406
4152.98  374.534
4154.02  417.902
4155.06  290.114
4156.1  202.894
4157.14  114.354
4158.18  73.9707
4159.22  94.0875
4160.26  31.7711
4161.3  74.7221
4162.34  97.7898
4163.38  36.4606
4164.42  78.2353
4165.46  112.436
4166.5  110.464
4167.54  51.1567
4168.58  86.251
4169.62  119.589
4170.66  89.1333
4171.7  57.9807
4172.74  -38.2291
4173.78  0.661509
4174.82  122.161
4175.86  106.467
4176.9  70.3762
4177.94  44.9325
4178.98  46.0483
4180.02  70.7571
4181.06  32.3332
4182.1  51.2009
4183.14  74.3023
4184.18  29.1428
4185.22  26.8907
4186.26  110.843
4187.3  155.169
4188.34  35.3117
4189.38  65.3407
4190.42  133.409
4191.46  75.2994
4192.5  37.2268
4193.54  136.027
4194.58  145.844
4195.62  108.771
4196.66  124.093
4197.7  50.2088
4198.74  76.0962
4199.78  31.5351
4200.82  29.8072
4201.86  123.512
4202.9  105.997
4203.94  60.9431
4204.98  77.8854
4206.02  92.7586
4207.06  170.01
4208.1  130.83
4209.14  115.213
4210.18  121.609
4211.22  86.1792
4212.26  67.1737
4213.3  125.971
4214.34  138.659
4215.38  147.303
4216.42  84.8971
4217.46  89.3835
4218.5  94.7709
4219.54  80.0971
4220.58  123.69
4221.62  90.5335
4222.66  36.6152
4223.7  98.1822
4224.74  70.9212
4225.78  107.805
4226.82  123.046
4227.86  25.3828
4228.9  109.287
4229.94  75.8063
4230.98  107.087
4232.02  59.2038
4233.06  105.607
4234.1  69.6197
4235.14  91.3291
4236.18  91.3319
4237.22  117.357
4238.26  20.9556
4239.3  116.634
4240.34  89.1574
4241.38  77.2798
4242.42  141.195
4243.46  65.7423
4244.5  225.339
4245.54  147.307
4246.58  170.95
4247.62  163.164
4248.66  114.001
4249.7  68.8497
4250.74  42.8702
4251.78  103.168
4252.82  103.862
4253.86  217.816
4254.9  153.142
4255.94  126.049
4256.98  98.9649
4258.02  113.373
4259.06  136.916
4260.1  88.2597
4261.14  63.3623
4262.18  45.5504
4263.22  72.2063
4264.26  87.7699
4265.3  98.0136
4266.34  137.027
4267.38  101.092
4268.42  77.7474
4269.46  83.5078
4270.5  44.7213
4271.54  9.07715
4272.58  -3.95811
4273.62  56.0839
4274.66  94.4402
4275.7  115.326
4276.74  34.6374
4277.78  29.0131
4278.82  38.1083
4279.86  25.5282
4280.9  43.2706
4281.94  93.6442
4282.98  90.1514
4284.02  79.4731
4285.06  87.4128
4286.1  136.189
4287.14  128.747
4288.18  88.4149
4289.22  129.369
4290.26  168.159
4291.3  115.617
4292.34  85.5774
4293.38  90.8525
4294.42  96.9163
4295.46  86.0789
4296.5  90.4748
4297.54  108.69
4298.58  112.563
4299.62  108.247
4300.66  77.105
4301.7  66.4345
4302.74  68.2889
4303.78  39.0512
4304.82  97.4504
4305.86  88.2331
4306.9  118.201
4307.94  128.343
4308.98  95.0687
4310.02  91.9615
4311.06  101.447
4312.1  101.005
4313.14  62.6589
4314.18  112.56
4315.22  125.399
4316.26  132.916
4317.3  77.08
4318.34  132.762
4319.38  122.988
4320.42  47.8871
4321.46  1.48846
4322.5  74.2208
4323.54  65.8964
4324.58  89.973
4325.62  80.7806
4326.66  62.2934
4327.7  40.9801
4328.74  46.6048
4329.78  81.8072
4330.82  118.324
4331.86  62.562
4332.9  95.7025
4333.94  96.0984
4334.98  46.6275
4336.02  51.6093
4337.06  48.7786
4338.1  93.0012
4339.14  76.7444
4340.18  100.472
4341.22  107.44
4342.26  65.7081
4343.3  74.1969
4344.34  78.6685
4345.38  85.0726
4346.42  70.2616
4347.46  67.2956
4348.5  50.9362
4349.54  189.994
4350.58  144.774
4351.62  98.9376
4352.66  115.425
4353.7  115.738
4354.74  118.274
4355.78  84.6703
4356.82  123.312
4357.86  114.886
4358.9  131.175
4359.94  98.2772
4360.98  104.303
4362.02  165.108
4363.06  123.397
4364.1  109.682
4365.14  131.807
4366.18  145.302
4367.22  125.388
4368.26  72.3486
4369.3  76.1283
4370.34  101.178
4371.38  153.071
4372.42  102.202
4373.46  69.2363
4374.5  78.5339
4375.54  108.642
4376.58  111.166
4377.62  108.896
4378.66  86.4306
4379.7  67.7467
4380.74  56.8767
4381.78  38.7458
4382.82  54.276
4383.86  24.9334
4384.9  86.8803
4385.94  91.3903
4386.98  50.943
4388.02  116.223
4389.06  91.001
4390.1  125.482
4391.14  170.21
4392.18  76.1928
4393.22  78.0752
4394.26  124.511
4395.3  111.842
4396.34  100.614
4397.38  132.284
4398.42  125.344
4399.46  90.975
4400.5  68.2416
4401.54  108.428
4402.58  150.714
4403.62  184.804
4404.66  157.41
4405.7  167.267
4406.74  116.663
4407.78  89.774
4408.82  152.244
4409.86  152.345
4410.9  167.85
4411.94  94.9528
4412.98  127.963
4414.02  156.333
4415.06  103.898
4416.1  50.1252
4417.14  40.5696
4418.18  20.7361
4419.22  85.548
4420.26  55.5355
4421.3  20.4598
4422.34  22.7696
4423.38  46.671
4424.42  8.7495
4425.46  44.0864
4426.5  60.8621
4427.54  118.022
4428.58  127.606
4429.62  95.9604
4430.66  74.4231
4431.7  94.2707
4432.74  67.1486
4433.78  82.8551
4434.82  76.2353
4435.86  121.335
4436.9  86.6929
4437.94  147.883
4438.98  167.865
4440.02  147.3
4441.06  104.816
4442.1  123.468
4443.14  206.075
4444.18  129.359
4445.22  156.645
4446.26  135.546
4447.3  112.344
4448.34  112.392
4449.38  188.408
4450.42  186.492
4451.46  141.425
4452.5  126.957
4453.54  115.992
4454.58  178.064
4455.62  104.519
4456.66  103.984
4457.7  94.9807
4458.74  105.592
4459.78  194.313
4460.82  179.649
4461.86  142.717
4462.9  92.0331
4463.94  136.856
4464.98  117.39
4466.02  104.501
4467.06  182.459
4468.1  120.3
4469.14  155.498
4470.18  127.587
4471.22  141.198
4472.26  153.984
4473.3  173.288
4474.34  152.337
4475.38  171.419
4476.42  118.744
4477.46  149.206
4478.5  172.531
4479.54  177.04
4480.58  179.459
4481.62  162.885
4482.66  165.978
4483.7  172.227
4484.74  114.115
4485.78  139.41
4486.82  198.892
4487.86  152.997
4488.9  160.278
4489.94  142.643
4490.98  125.6
4492.02  156.494
4493.06  129.203
4494.1  116.009
4495.14  152.456
4496.18  136.368
4497.22  128.391
4498.26  155.006
4499.3  189.186
4500.34  172.611
4501.38  95.841
4502.42  126.754
4503.46  159.741
4504.5  170.428
4505.54  125.634
4506.58  164.859
4507.62  154.359
4508.66  106.264
4509.7  123.124
4510.74  116.981
4511.78  133.762
4512.82  164.429
4513.86  188.491
4514.9  181.332
4515.94  138.43
4516.98  151.934
4518.02  129.442
4519.06  157.331
4520.1  175.378
4521.14  154.995
4522.18  132.536
4523.22  189.175
4524.26  140.076
4525.3  136.927
4526.34  112.251
4527.38  120.695
4528.42  115.227
4529.46  156.944
4530.5  125.1
4531.54  198.857
4532.58  156.001
4533.62  137.022
4534.66  162.74
4535.7  146.686
4536.74  116.962
4537.78  90.4589
4538.82  141.82
4539.86  133.495
4540.9  192.519
4541.94  153.921
4542.98  130.372
4544.02  150.37
4545.06  125.47
4546.1  96.2194
4547.14  115.09
4548.18  127.007
4549.22  103.61
4550.26  154.322
4551.3  162.22
4552.34  134.908
4553.38  129.289
4554.42  152.036
4555.46  120.105
4556.5  160.53
4557.54  172.374
4558.58  108.803
4559.62  155.035
4560.66  141.694
4561.7  137.715
4562.74  121.96
4563.78  116.131
4564.82  118.601
4565.86  138.888
4566.9  124.791
4567.94  97.5409
4568.98  101.935
4570.02  130.44
4571.06  163.712
4572.1  132.875
4573.14  118.338
4574.18  123.313
4575.22  134.143
4576.26  181.695
4577.3  140.94
4578.34  99.1744
4579.38  71.6967
4580.42  118.764
4581.46  176.351
4582.5  130.425
4583.54  102.559
4584.58  120.038
4585.62  137.835
4586.66  144.19
4587.7  168.633
4588.74  132.478
4589.78  99.8356
4590.82  154.349
4591.86  129.973
4592.9  158.576
4593.94  143.682
4594.98  123.011
4596.02  145.913
4597.06  150.883
4598.1  157.029
4599.14  127.915
4600.18  144.59
4601.22  174.266
4602.26  145.41
4603.3  127.119
4604.34  141.182
4605.38  102.153
4606.42  134.588
4607.46  146.793
4608.5  149.652
4609.54  181.075
4610.58  158.111
4611.62  115.632
4612.66  123.328
4613.7  128.884
4614.74  151.448
4615.78  137.211
4616.82  104.267
4617.86  129.466
4618.9  156.746
4619.94  133.279
4620.98  146.574
4622.02  169.176
4623.06  156.236
4624.1  142.214
4625.14  165.917
4626.18  192.742
4627.22  161.871
4628.26  175.505
4629.3  158.383
4630.34  104.89
4631.38  102.246
4632.42  130.716
4633.46  168.605
4634.5  114.161
4635.54  166.998
4636.58  139.364
4637.62  157.767
4638.66  183.055
4639.7  168.189
4640.74  169.845
4641.78  128.43
4642.82  157.602
4643.86  197.292
4644.9  143.178
4645.94  148.149
4646.98  131.106
4648.02  139.975
4649.06  130.873
4650.1  157.247
4651.14  155.12
4652.18  125.654
4653.22  138.15
4654.26  117.028
4655.3  165.808
4656.34  113.222
4657.38  92.2332
4658.42  122.967
4659.46  128.531
4660.5  131.914
4661.54  144.22
4662.58  126.146
4663.62  147.689
4664.66  119.073
4665.7  123.925
4666.74  140.239
4667.78  181.017
4668.82  190.215
4669.86  108.592
4670.9  132.151
4671.94  142.011
4672.98  156.117
4674.02  113.677
4675.06  183.152
4676.1  158.369
4677.14  130.813
4678.18  127.777
4679.22  125.557
4680.26  148.731
4681.3  127.033
4682.34  133.014
4683.38  118.351
4684.42  157.724
4685.46  196.567
4686.5  179.773
4687.54  176.009
4688.58  176.261
4689.62  174.011
4690.66  114.425
4691.7  95.6931
4692.74  154.062
4693.78  165.776
4694.82  148.59
4695.86  150.943
4696.9  165.217
4697.94  141.132
4698.98  132.297
4700.02  154.309
4701.06  180.8
4702.1  151.832
4703.14  140.038
4704.18  196.834
4705.22  190.883
4706.26  159.969
4707.3  179.302
4708.34  177.841
4709.38  91.8166
4710.42  56.2013
4711.46  72.8853
4712.5  107.841
4713.54  137.472
4714.58  151.011
4715.62  171.205
4716.66  118.599
4717.7  122.598
4718.74  147.077
4719.78  139.007
4720.82  113.371
4721.86  127.925
4722.9  140.413
4723.94  124.489
4724.98  170.956
4726.02  170.973
4727.06  151.273
4728.1  175.512
4729.14  196.065
4730.18  161.513
4731.22  116.16
4732.26  130.574
4733.3  116.387
4734.34  151.47
4735.38  128.595
4736.42  124.253
4737.46  120.051
4738.5  152.823
4739.54  143.739
4740.58  128.456
4741.62  111.749
4742.66  144.228
4743.7  150.502
4744.74  132.734
4745.78  134.425
4746.82  153.693
4747.86  105.695
4748.9  104.408
4749.94  156.743
4750.98  105.6
4752.02  137.499
4753.06  91.205
4754.1  125.648
4755.14  112.872
4756.18  126.363
4757.22  133.512
4758.26  115.172
4759.3  135.715
4760.34  127.95
4761.38  142.033
4762.42  141.387
4763.46  137.319
4764.5  127.802
4765.54  158.396
4766.58  140.113
4767.62  122.571
4768.66  124.295
4769.7  93.6848
4770.74  147.615
4771.78  134.912
4772.82  173.542
4773.86  171.467
4774.9  120.618
4775.94  143.999
4776.98  170.5
4778.02  170.573
4779.06  145.91
4780.1  157.114
4781.14  177.865
4782.18  162.634
4783.22  115.493
4784.26  136.389
4785.3  152.551
4786.34  119.813
4787.38  111.412
4788.42  103.136
4789.46  88.6326
4790.5  104.609
4791.54  130.111
4792.58  116.661
4793.62  108.032
4794.66  123.346
4795.7  101.24
4796.74  137.875
4797.78  102.157
4798.82  65.867
4799.86  102.985
4800.9  117.299
4801.94  122.795
4802.98  127.923
4804.02  167.408
4805.06  129.416
4806.1  136.669
4807.14  199.933
4808.18  184.303
4809.22  162.758
4810.26  164.071
4811.3  141.782
4812.34  144.853
4813.38  163.818
4814.42  127.91
4815.46  70.5011
4816.5  100.262
4817.54  146.694
4818.58  139.281
4819.62  153.298
4820.66  117.949
4821.7  113.01
4822.74  121.209
4823.78  119.968
4824.82  121.331
4825.86  150.453
4826.9  115.347
4827.94  153.319
4828.98  148.634
4830.02  104.678
4831.06  139.16
4832.1  189.683
4833.14  224.036
4834.18  204.669
4835.22  181.365
4836.26  127.304
4837.3  124.918
4838.34  102.107
4839.38  145.331
4840.42  113.987
4841.46  124.242
4842.5  159.634
4843.54  147.273
4844.58  163.926
4845.62  123.863
4846.66  113.946
4847.7  98.2975
4848.74  104.269
4849.78  147.52
4850.82  132.882
4851.86  149.463
4852.9  157.726
4853.94  124.949
4854.98  117.926
4856.02  130.966
4857.06  173.501
4858.1  176.571
4859.14  187.393
4860.18  155.809
4861.22  166.607
4862.26  163.01
4863.3  148.114
4864.34  181.004
4865.38  170.144
4866.42  154.906
4867.46  148.718
4868.5  122.793
4869.54  122.355
4870.58  133.748
4871.62  139.837
4872.66  135.111
4873.7  140.625
4874.74  131.642
4875.78  97.81
4876.82  137.304
4877.86  160.012
4878.9  152.547
4879.94  120.961
4880.98  121.161
4882.02  132.934
4883.06  105.637
4884.1  123.295
4885.14  107.448
4886.18  110.995
4887.22  101.451
4888.26  135.93
4889.3  153.914
4890.34  144.447
4891.38  125.139
4892.42  96.2756
4893.46  89.4624
4894.5  123.98
4895.54  153.93
4896.58  169.216
4897.62  190.428
4898.66  142.506
4899.7  136.728
4900.74  168.402
4901.78  139.691
4902.82  143.198
4903.86  135.045
4904.9  165.723
4905.94  151.735
4906.98  158.204
4908.02  142.058
4909.06  117.043
4910.1  176.188
4911.14  158.878
4912.18  202.162
4913.22  164.343
4914.26  157.676
4915.3  166.765
4916.34  156.033
4917.38  136.354
4918.42  124.691
4919.46  119.489
4920.5  143.3
4921.54  124.639
4922.58  177.62
4923.62  132.45
4924.66  112.298
4925.7  135.063
4926.74  139.652
4927.78  140.065
4928.82  137.512
4929.86  146.167
4930.9  103.101
4931.94  115.193
4932.98  138.894
4934.02  137.925
4935.06  121.777
4936.1  160.998
4937.14  187.577
4938.18  146.788
4939.22  135.639
4940.26  138.655
4941.3  134.805
4942.34  142.411
4943.38  140.617
4944.42  172.014
4945.46  156.752
4946.5  136.697
4947.54  139.714
4948.58  164.285
4949.62  157.747
4950.66  140.687
4951.7  152.48
4952.74  174.934
4953.78  157.683
4954.82  155.832
4955.86  162.155
4956.9  182.061
4957.94  169.614
4958.98  148.135
4960.02  156.415
4961.06  145.955
4962.1  138.092
4963.14  140.495
4964.18  160.376
4965.22  132.236
4966.26  145.336
4967.3  126.632
4968.34  149.256
4969.38  155.63
4970.42  151.844
4971.46  168.703
4972.5  188.089
4973.54  104.99
4974.58  182.593
4975.62  121.595
4976.66  137.078
4977.7  125.898
4978.74  152.129
4979.78  161.385
4980.82  121.347
4981.86  179.749
4982.9  148.337
4983.94  188.349
4984.98  161.491
4986.02  167.155
4987.06  159.243
4988.1  168.074
4989.14  106.727
4990.18  128.596
4991.22  145.586
4992.26  160.101
4993.3  145.049
4994.34  155.514
4995.38  135.304
4996.42  151.867
4997.46  152.088
4998.5  130.828
4999.54  139.567
5000.58  132.28
5001.62  136.717
5002.66  116.255
5003.7  130.47
5004.74  138.648
5005.78  137.616
5006.82  171.562
5007.86  165.936
5008.9  196.829
5009.94  155.677
5010.98  137.008
5012.02  163.551
5013.06  156.142
5014.1  155.997
5015.14  158.886
5016.18  162.11
5017.22  156.355
5018.26  160.217
5019.3  160.721
5020.34  146.436
5021.38  128.454
5022.42  138.375
5023.46  146.612
5024.5  138.63
5025.54  155.619
5026.58  177.233
5027.62  175.896
5028.66  150.759
5029.7  135.928
5030.74  149.109
5031.78  145.476
5032.82  135.12
5033.86  168.57
5034.9  168.183
5035.94  171.185
5036.98  141.035
5038.02  154.561
5039.06  161.369
5040.1  142.43
5041.14  140.355
5042.18  156.414
5043.22  133.831
5044.26  132.059
5045.3  123.671
5046.34  163.997
5047.38  148.145
5048.42  157.027
5049.46  176.994
5050.5  148.78
5051.54  153.654
5052.58  134.846
5053.62  147.929
5054.66  138.366
5055.7  165.557
5056.74  156.203
5057.78  157.201
5058.82  133.223
5059.86  168.885
5060.9  178.051
5061.94  114.239
5062.98  148.416
5064.02  178.963
5065.06  145.541
5066.1  156.225
5067.14  162.417
5068.18  130.271
5069.22  122.123
5070.26  125.945
5071.3  105.911
5072.34  133.
5073.38  149.708
5074.42  155.176
5075.46  165.675
5076.5  174.219
5077.54  148.923
5078.58  142.668
5079.62  168.829
5080.66  181.155
5081.7  129.1
5082.74  124.015
5083.78  182.651
5084.82  186.73
5085.86  151.827
5086.9  181.75
5087.94  181.444
5088.98  181.222
5090.02  160.424
5091.06  151.627
5092.1  142.331
5093.14  118.531
5094.18  173.297
5095.22  160.627
5096.26  139.895
5097.3  166.676
5098.34  153.074
5099.38  134.035
5100.42  146.479
5101.46  151.669
5102.5  118.909
5103.54  158.107
5104.58  159.395
5105.62  142.69
5106.66  136.127
5107.7  143.592
5108.74  167.158
5109.78  160.381
5110.82  150.639
5111.86  153.341
5112.9  176.43
5113.94  181.878
5114.98  115.62
5116.02  188.438
5117.06  174.993
5118.1  117.351
5119.14  157.742
5120.18  160.977
5121.22  139.26
5122.26  161.501
5123.3  160.09
5124.34  137.304
5125.38  167.889
5126.42  164.315
5127.46  131.99
5128.5  125.786
5129.54  144.339
5130.58  163.841
5131.62  162.23
5132.66  156.536
5133.7  172.122
5134.74  164.246
5135.78  138.703
5136.82  157.449
5137.86  156.77
5138.9  169.053
5139.94  178.312
5140.98  149.513
5142.02  162.411
5143.06  165.333
5144.1  137.351
5145.14  141.241
5146.18  157.198
5147.22  145.751
5148.26  190.278
5149.3  199.456
5150.34  153.582
5151.38  151.365
5152.42  159.532
5153.46  147.354
5154.5  178.613
5155.54  176.957
5156.58  165.703
5157.62  140.049
5158.66  151.084
5159.7  197.705
5160.74  170.512
5161.78  156.304
5162.82  181.726
5163.86  158.872
5164.9  165.131
5165.94  149.074
5166.98  144.429
5168.02  188.138
5169.06  133.028
5170.1  148.105
5171.14  182.193
5172.18  157.47
5173.22  134.402
5174.26  153.236
5175.3  146.8
5176.34  150.292
5177.38  137.833
5178.42  145.706
5179.46  166.669
5180.5  123.838
5181.54  175.149
5182.58  116.552
5183.62  136.501
5184.66  148.856
5185.7  151.393
5186.74  163.73
5187.78  141.695
5188.82  172.44
5189.86  160.225
5190.9  113.577
5191.94  113.982
5192.98  123.264
5194.02  148.078
5195.06  150.188
5196.1  137.441
5197.14  159.749
5198.18  117.72
5199.22  129.158
5200.26  193.367
5201.3  148.489
5202.34  114.988
5203.38  159.908
5204.42  159.741
5205.46  136.15
5206.5  135.655
5207.54  128.841
5208.58  166.476
5209.62  186.317
5210.66  158.914
5211.7  155.057
5212.74  166.682
5213.78  153.927
5214.82  127.21
5215.86  122.838
5216.9  170.544
5217.94  212.642
5218.98  184.541
5220.02  178.692
5221.06  176.512
5222.1  182.284
5223.14  157.237
5224.18  178.018
5225.22  150.049
5226.26  148.131
5227.3  162.322
5228.34  196.141
5229.38  201.459
5230.42  185.766
5231.46  150.965
5232.5  127.604
5233.54  144.28
5234.58  147.587
5235.62  166.952
5236.66  133.541
5237.7  126.812
5238.74  155.494
5239.78  148.407
5240.82  117.472
5241.86  156.084
5242.9  171.175
5243.94  145.743
5244.98  138.164
5246.02  134.217
5247.06  153.831
5248.1  163.927
5249.14  161.267
5250.18  173.942
5251.22  156.324
5252.26  174.251
5253.3  195.931
5254.34  156.386
5255.38  157.265
5256.42  158.102
5257.46  174.054
5258.5  165.503
5259.54  160.419
5260.58  161.927
5261.62  143.873
5262.66  152.174
5263.7  163.21
5264.74  155.986
5265.78  148.419
5266.82  145.319
5267.86  146.375
5268.9  134.174
5269.94  131.812
5270.98  157.012
5272.02  133.801
5273.06  136.71
5274.1  155.056
5275.14  120.136
5276.18  140.126
5277.22  162.908
5278.26  141.006
5279.3  149.106
5280.34  158.425
5281.38  147.485
5282.42  149.188
5283.46  178.936
5284.5  157.881
5285.54  155.875
5286.58  166.905
5287.62  160.249
5288.66  159.064
5289.7  166.698
5290.74  147.509
5291.78  199.27
5292.82  150.186
5293.86  156.765
5294.9  117.7
5295.94  135.72
5296.98  145.864
5298.02  161.023
5299.06  129.603
5300.1  148.325
5301.14  166.167
5302.18  139.608
5303.22  156.064
5304.26  146.555
5305.3  155.132
5306.34  152.596
5307.38  150.488
5308.42  184.445
5309.46  145.466
5310.5  143.82
5311.54  141.307
5312.58  147.907
5313.62  147.356
5314.66  131.3
5315.7  144.499
5316.74  171.191
5317.78  158.263
5318.82  163.183
5319.86  202.152
5320.9  178.599
5321.94  152.884
5322.98  162.218
5324.02  146.953
5325.06  178.246
5326.1  187.69
5327.14  167.77
5328.18  144.469
5329.22  163.632
5330.26  178.952
5331.3  166.832
5332.34  147.448
5333.38  131.821
5334.42  141.71
5335.46  163.848
5336.5  125.032
5337.54  116.328
5338.58  162.31
5339.62  145.012
5340.66  177.65
5341.7  182.811
5342.74  173.866
5343.78  148.547
5344.82  134.694
5345.86  130.895
5346.9  142.653
5347.94  150.065
5348.98  163.279
5350.02  148.382
5351.06  132.538
5352.1  134.916
5353.14  109.722
5354.18  140.537
5355.22  173.618
5356.26  165.777
5357.3  150.037
5358.34  146.21
5359.38  154.352
5360.42  162.289
5361.46  162.809
5362.5  137.461
5363.54  152.345
5364.58  167.631
5365.62  158.18
5366.66  170.942
5367.7  174.719
5368.74  149.639
5369.78  149.182
5370.82  155.323
5371.86  139.556
5372.9  177.627
5373.94  161.759
5374.98  196.017
5376.02  155.302
5377.06  133.17
5378.1  163.845
5379.14  185.72
5380.18  132.236
5381.22  157.113
5382.26  137.58
5383.3  156.778
5384.34  163.546
5385.38  146.865
5386.42  141.077
5387.46  128.562
5388.5  178.552
5389.54  148.027
5390.58  161.066
5391.62  122.645
5392.66  127.77
5393.7  153.017
5394.74  166.808
5395.78  146.068
5396.82  125.811
5397.86  129.777
5398.9  152.844
5399.94  147.416
5400.98  138.528
5402.02  154.101
5403.06  133.342
5404.1  114.903
5405.14  161.776
5406.18  149.187
5407.22  122.436
5408.26  116.2
5409.3  119.512
5410.34  124.549
5411.38  143.673
5412.42  153.393
5413.46  235.311
5414.5  290.882
5415.54  326.109
5416.58  240.508
5417.62  187.434
5418.66  136.224
5419.7  123.266
5420.74  109.257
5421.78  150.663
5422.82  145.521
5423.86  114.457
5424.9  125.64
5425.94  149.387
5426.98  111.063
5428.02  143.853
5429.06  163.894
5430.1  133.18
5431.14  126.063
5432.18  143.836
5433.22  153.851
5434.26  173.101
5435.3  159.377
5436.34  143.372
5437.38  140.458
5438.42  139.826
5439.46  145.658
5440.5  148.85
5441.54  148.45
5442.58  155.747
5443.62  154.697
5444.66  147.255
5445.7  138.641
5446.74  140.093
5447.78  141.477
5448.82  146.914
5449.86  164.254
5450.9  174.189
5451.94  158.796
5452.98  164.045
5454.02  143.414
5455.06  162.271
5456.1  158.845
5457.14  159.622
5458.18  160.669
5459.22  169.157
5460.26  191.71
5461.3  176.915
5462.34  145.357
5463.38  147.423
5464.42  136.24
5465.46  169.778
5466.5  182.81
5467.54  142.329
5468.58  168.461
5469.62  152.059
5470.66  153.728
5471.7  140.251
5472.74  136.424
5473.78  133.13
5474.82  169.369
5475.86  152.96
5476.9  172.086
5477.94  152.831
5478.98  157.081
5480.02  118.691
5481.06  159.457
5482.1  157.124
5483.14  126.541
5484.18  141.673
5485.22  154.662
5486.26  130.696
5487.3  138.864
5488.34  146.053
5489.38  157.328
5490.42  162.501
5491.46  178.554
5492.5  197.95
5493.54  164.869
5494.58  119.113
5495.62  128.428
5496.66  127.638
5497.7  142.899
5498.74  166.63
5499.78  141.079
5500.82  162.851
5501.86  152.582
5502.9  160.854
5503.94  142.167
5504.98  162.213
5506.02  165.292
5507.06  154.679
5508.1  181.358
5509.14  182.703
5510.18  143.404
5511.22  143.971
5512.26  143.626
5513.3  137.171
5514.34  191.521
5515.38  148.025
5516.42  159.678
5517.46  153.375
5518.5  147.015
5519.54  155.901
5520.58  153.734
5521.62  164.297
5522.66  168.166
5523.7  162.008
5524.74  166.603
5525.78  178.956
5526.82  155.97
5527.86  166.835
5528.9  167.789
5529.94  157.099
5530.98  153.215
5532.02  137.943
5533.06  124.596
5534.1  144.814
5535.14  166.346
5536.18  158.166
5537.22  176.012
5538.26  160.978
5539.3  162.976
5540.34  158.256
5541.38  167.746
5542.42  188.318
5543.46  168.704
5544.5  144.139
5545.54  139.338
5546.58  164.006
5547.62  153.791
5548.66  138.148
5549.7  123.16
5550.74  141.613
5551.78  141.41
5552.82  172.14
5553.86  160.294
5554.9  154.666
5555.94  148.057
5556.98  131.115
5558.02  157.122
5559.06  167.079
5560.1  170.128
5561.14  160.679
5562.18  115.785
5563.22  126.494
5564.26  160.287
5565.3  141.027
5566.34  111.929
5567.38  143.619
5568.42  169.574
5569.46  157.582
5570.5  151.53
5571.54  146.86
5572.58  159.741
5573.62  151.949
5574.66  183.611
5575.7  134.334
5576.74  237.061
5577.78  182.739
5578.82  241.693
5579.86  207.869
5580.9  158.812
5581.94  166.056
5582.98  141.931
5584.02  122.837
5585.06  105.594
5586.1  128.959
5587.14  178.445
5588.18  129.557
5589.22  139.889
5590.26  163.285
5591.3  162.869
5592.34  119.447
5593.38  126.306
5594.42  158.696
5595.46  132.297
5596.5  169.764
5597.54  144.658
5598.58  163.093
5599.62  142.619
5600.66  138.768
5601.7  155.889
5602.74  160.303
5603.78  145.722
5604.82  134.235
5605.86  151.102
5606.9  157.365
5607.94  165.197
5608.98  138.461
5610.02  130.739
5611.06  147.737
5612.1  169.085
5613.14  124.292
5614.18  141.771
5615.22  154.18
5616.26  113.63
5617.3  133.16
5618.34  153.574
5619.38  154.452
5620.42  160.041
5621.46  187.491
5622.5  135.133
5623.54  156.169
5624.58  150.616
5625.62  121.67
5626.66  123.893
5627.7  134.233
5628.74  125.958
5629.78  138.994
5630.82  144.062
5631.86  132.562
5632.9  172.523
5633.94  128.793
5634.98  160.267
5636.02  176.823
5637.06  154.424
5638.1  158.022
5639.14  156.153
5640.18  154.926
5641.22  157.796
5642.26  166.536
5643.3  151.162
5644.34  140.589
5645.38  145.92
5646.42  144.195
5647.46  164.654
5648.5  126.728
5649.54  136.893
5650.58  160.444
5651.62  161.664
5652.66  142.813
5653.7  143.982
5654.74  149.789
5655.78  109.917
5656.82  153.127
5657.86  159.106
5658.9  170.223
5659.94  140.547
5660.98  155.767
5662.02  147.938
5663.06  153.169
5664.1  164.816
5665.14  167.476
5666.18  142.133
5667.22  140.76
5668.26  138.354
5669.3  148.672
5670.34  175.109
5671.38  176.947
5672.42  179.372
5673.46  173.018
5674.5  145.206
5675.54  131.762
5676.58  143.162
5677.62  168.713
5678.66  137.97
5679.7  171.716
5680.74  169.891
5681.78  155.032
5682.82  115.782
5683.86  144.05
5684.9  172.378
5685.94  186.622
5686.98  175.519
5688.02  155.232
5689.06  148.166
5690.1  162.847
5691.14  117.692
5692.18  124.897
5693.22  161.194
5694.26  103.392
5695.3  116.457
5696.34  193.504
5697.38  118.344
5698.42  162.212
5699.46  182.12
5700.5  154.07
5701.54  144.352
5702.58  159.939
5703.62  199.412
5704.66  174.369
5705.7  154.613
5706.74  151.042
5707.78  153.128
5708.82  163.067
5709.86  118.575
5710.9  122.574
5711.94  171.92
5712.98  173.682
5714.02  155.635
5715.06  187.642
5716.1  154.86
5717.14  89.8154
5718.18  153.573
5719.22  120.788
5720.26  152.748
5721.3  112.868
5722.34  143.906
5723.38  156.268
5724.42  149.199
5725.46  105.291
5726.5  122.839
5727.54  99.629
5728.58  120.834
5729.62  161.643
5730.66  167.659
5731.7  154.716
5732.74  156.46
5733.78  131.195
5734.82  141.078
5735.86  162.301
5736.9  165.603
5737.94  152.784
5738.98  152.458
5740.02  128.958
5741.06  138.534
5742.1  122.396
5743.14  113.298
5744.18  97.4142
5745.22  103.552
5746.26  124.568
5747.3  150.588
5748.34  150.022
5749.38  166.971
5750.42  157.258
5751.46  144.886
5752.5  121.598
5753.54  184.301
5754.58  154.221
5755.62  110.801
5756.66  114.005
5757.7  112.046
5758.74  141.671
5759.78  107.728
5760.82  121.952
5761.86  118.357
5762.9  123.608
5763.94  125.46
5764.98  85.3902
5766.02  100.175
5767.06  132.363
5768.1  140.023
5769.14  133.378
5770.18  113.274
5771.22  131.897
5772.26  137.983
5773.3  143.763
5774.34  147.654
5775.38  146.232
5776.42  133.834
5777.46  116.896
5778.5  101.467
5779.54  114.154
5780.58  120.619
5781.62  114.464
5782.66  110.149
5783.7  113.953
5784.74  138.226
5785.78  138.912
5786.82  133.559
5787.86  142.373
5788.9  147.773
5789.94  147.25
5790.98  123.617
5792.02  116.234
5793.06  137.683
5794.1  160.809
5795.14  170.2
5796.18  141.351
5797.22  119.925
5798.26  107.673
5799.3  124.057
5800.34  132.702
5801.38  132.129
5802.42  134.29
5803.46  134.099
5804.5  128.798
5805.54  140.277
5806.58  152.507
5807.62  150.095
5808.66  149.655
5809.7  149.112
5810.74  142.94
5811.78  145.996
5812.82  158.396
5813.86  151.962
5814.9  137.3
5815.94  111.017
5816.98  132.007
5818.02  159.405
5819.06  145.951
5820.1  135.199
5821.14  128.078
5822.18  130.378
5823.22  134.92
5824.26  140.014
5825.3  127.493
5826.34  114.491
5827.38  109.521
5828.42  119.197
5829.46  134.077
5830.5  140.995
5831.54  140.257
5832.58  135.459
5833.62  150.915
5834.66  153.643
5835.7  132.245
5836.74  147.088
5837.78  165.949
5838.82  170.132
5839.86  158.907
5840.9  140.464
5841.94  130.828
5842.98  127.389
5844.02  129.243
5845.06  127.941
5846.1  129.632
5847.14  137.495
5848.18  136.399
5849.22  137.056
5850.26  153.584
5851.3  153.676
5852.34  145.53
5853.38  149.622
5854.42  146.027
5855.46  132.843
5856.5  119.532
5857.54  112.251
5858.58  115.335
5859.62  132.473
5860.66  149.28
5861.7  143.991
5862.74  135.617
5863.78  125.352
5864.82  115.328
5865.86  117.918
5866.9  136.014
5867.94  128.184
5868.98  114.957
5870.02  103.703
5871.06  107.217
5872.1  117.867
5873.14  127.04
5874.18  134.932
5875.22  141.45
5876.26  147.716
5877.3  149.074
5878.34  144.059
5879.38  122.769
5880.42  111.368
5881.46  145.208
5882.5  139.161
5883.54  118.133
5884.58  121.757
5885.62  133.024
5886.66  147.177
5887.7  126.325
5888.74  118.991
5889.78  150.299
5890.82  144.079
5891.86  131.938
5892.9  136.764
5893.94  151.183
5894.98  167.769
5896.02  162.626
5897.06  156.762
5898.1  153.663
5899.14  164.344
5900.18  166.516
5901.22  142.517
5902.26  136.732
5903.3  137.503
5904.34  136.928
5905.38  143.412
5906.42  153.42
5907.46  152.026
5908.5  148.802
5909.54  145.714
5910.58  146.162
5911.62  144.016
5912.66  130.288
5913.7  137.3
5914.74  150.098
5915.78  147.86
5916.82  140.891
5917.86  133.124
5918.9  150.466
5919.94  161.1
5920.98  154.652
5922.02  138.477
5923.06  124.661
5924.1  127.66
5925.14  132.345
5926.18  138.775
5927.22  147.751
5928.26  143.839
5929.3  127.622
5930.34  123.343
5931.38  120.628
5932.42  116.028
5933.46  118.132
5934.5  125.56
5935.54  141.604
5936.58  147.71
5937.62  144.057
5938.66  121.668
5939.7  114.778
5940.74  128.536
5941.78  135.441
5942.82  139.421
5943.86  138.575
5944.9  145.564
5945.94  146.747
5946.98  113.752
5948.02  112.283
5949.06  132.978
5950.1  131.239
5951.14  133.49
5952.18  144.883
5953.22  135.748
5954.26  128.885
5955.3  143.249
5956.34  146.859
5957.38  145.436
5958.42  142.435
5959.46  137.702
5960.5  132.477
5961.54  131.592
5962.58  136.214
5963.62  147.886
5964.66  154.6
5965.7  158.867
5966.74  160.594
5967.78  162.622
5968.82  162.526
5969.86  152.955
5970.9  144.568
5971.94  138.793
5972.98  136.372
5974.02  136.898
5975.06  140.384
5976.1  146.759
5977.14  149.944
5978.18  139.041
5979.22  136.286
5980.26  137.513
5981.3  129.985
5982.34  128.551
5983.38  135.495
5984.42  143.544
5985.46  145.703
5986.5  133.235
5987.54  128.712
5988.58  129.969
5989.62  143.292
5990.66  144.233
5991.7  137.169
5992.74  148.496
5993.78  147.244
5994.82  124.946
5995.86  124.883
5996.9  133.806
5997.94  151.241
5998.98  151.304
6000.02  142.545
6001.06  131.797
6002.1  131.462
6003.14  140.746
6004.18  150.404
6005.22  152.463
6006.26  141.88
6007.3  133.869
6008.34  130.07
6009.38  137.679
6010.42  139.693
6011.46  136.761
6012.5  124.264
6013.54  117.06
6014.58  117.623
6015.62  131.497
6016.66  143.476
6017.7  145.965
6018.74  142.512
6019.78  136.741
6020.82  133.675
6021.86  130.302
6022.9  126.739
6023.94  120.993
6024.98  122.185
6026.02  131.652
6027.06  131.641
6028.1  131.583
6029.14  137.884
6030.18  134.823
6031.22  129.917
6032.26  131.403
6033.3  139.598
6034.34  151.631
6035.38  155.609
6036.42  149.281
6037.46  130.483
6038.5  129.719
6039.54  134.354
6040.58  139.975
6041.62  139.734
6042.66  137.683
6043.7  142.109
6044.74  139.809
6045.78  131.681
6046.82  130.026
6047.86  129.534
6048.9  128.16
6049.94  139.922
6050.98  148.58
6052.02  135.119
6053.06  125.924
6054.1  124.815
6055.14  156.333
6056.18  163.69
6057.22  142.304
6058.26  143.042
6059.3  145.131
6060.34  141.308
6061.38  139.275
6062.42  139.094
6063.46  143.116
6064.5  147.247
6065.54  150.553
6066.58  149.786
6067.62  147.128
6068.66  143.063
6069.7  134.902
6070.74  133.264
6071.78  151.679
6072.82  145.496
6073.86  132.58
6074.9  130.805
6075.94  139.874
6076.98  155.184
6078.02  152.887
6079.06  145.446
6080.1  134.828
6081.14  137.476
6082.18  146.448
6083.22  162.953
6084.26  158.395
6085.3  144.511
6086.34  140.759
6087.38  135.398
6088.42  128.96
6089.46  133.993
6090.5  137.821
6091.54  135.194
6092.58  138.144
6093.62  141.673
6094.66  142.601
6095.7  140.604
6096.74  135.995
6097.78  126.335
6098.82  126.342
6099.86  136.893
6100.9  132.655
6101.94  128.914
6102.98  132.803
6104.02  134.111
6105.06  134.455
6106.1  132.182
6107.14  137.768
6108.18  146.832
6109.22  141.476
6110.26  138.489
6111.3  140.811
6112.34  129.341
6113.38  120.432
6114.42  125.603
6115.46  132.272
6116.5  136.686
6117.54  124.97
6118.58  127.17
6119.62  139.82
6120.66  135.907
6121.7  130.6
6122.74  127.156
6123.78  134.484
6124.82  141.705
6125.86  139.381
6126.9  137.139
6127.94  133.864
6128.98  124.536
6130.02  131.256
6131.06  151.921
6132.1  144.666
6133.14  139.78
6134.18  149.518
6135.22  147.635
6136.26  141.672
6137.3  134.361
6138.34  132.64
6139.38  134.444
6140.42  135.678
6141.46  136.363
6142.5  136.337
6143.54  133.328
6144.58  131.066
6145.62  130.558
6146.66  140.71
6147.7  152.277
6148.74  153.975
6149.78  151.078
6150.82  145.433
6151.86  145.939
6152.9  140.205
6153.94  125.822
6154.98  131.814
6156.02  139.417
6157.06  136.765
6158.1  134.596
6159.14  134.455
6160.18  144.368
6161.22  144.685
6162.26  137.246
6163.3  141.469
6164.34  142.972
6165.38  137.183
6166.42  137.021
6167.46  138.255
6168.5  139.426
6169.54  135.491
6170.58  131.272
6171.62  141.087
6172.66  140.119
6173.7  127.972
6174.74  127.123
6175.78  128.514
6176.82  129.878
6177.86  132.673
6178.9  136.352
6179.94  140.9
6180.98  142.652
6182.02  142.257
6183.06  138.969
6184.1  141.03
6185.14  149.147
6186.18  142.879
6187.22  137.552
6188.26  140.46
6189.3  151.173
6190.34  159.956
6191.38  148.465
6192.42  141.507
6193.46  139.7
6194.5  147.768
6195.54  150.086
6196.58  142.38
6197.62  137.166
6198.66  134.308
6199.7  135.166
6200.74  143.941
6201.78  151.655
6202.82  136.888
6203.86  135.495
6204.9  145.782
6205.94  144.255
6206.98  138.346
6208.02  128.607
6209.06  126.787
6210.1  128.522
6211.14  131.49
6212.18  138.949
6213.22  148.041
6214.26  152.862
6215.3  152.224
6216.34  146.92
6217.38  147.752
6218.42  151.28
6219.46  159.171
6220.5  143.041
6221.54  126.163
6222.58  136.885
6223.62  136.246
6224.66  129.462
6225.7  130.605
6226.74  130.935
6227.78  129.586
6228.82  133.906
6229.86  138.696
6230.9  141.1
6231.94  147.466
6232.98  148.505
6234.02  123.799
6235.06  119.331
6236.1  129.454
6237.14  124.77
6238.18  118.792
6239.22  113.931
6240.26  125.471
6241.3  140.707
6242.34  154.02
6243.38  151.802
6244.42  141.028
6245.46  127.605
6246.5  127.83
6247.54  139.925
6248.58  146.49
6249.62  146.079
6250.66  135.218
6251.7  140.589
6252.74  146.494
6253.78  140.012
6254.82  133.544
6255.86  127.525
6256.9  124.035
6257.94  128.8
6258.98  140.855
6260.02  141.771
6261.06  136.075
6262.1  121.885
6263.14  122.257
6264.18  128.422
6265.22  138.677
6266.26  125.625
6267.3  103.405
6268.34  122.735
6269.38  133.976
6270.42  128.982
6271.46  138.845
6272.5  144.922
6273.54  134.385
6274.58  133.902
6275.62  135.626
6276.66  132.161
6277.7  129.805
6278.74  129.215
6279.78  133.255
6280.82  139.961
6281.86  149.159
6282.9  139.305
6283.94  128.702
6284.98  131.592
6286.02  133.068
6287.06  133.657
6288.1  129.382
6289.14  131.73
6290.18  139.999
6291.22  143.533
6292.26  138.222
6293.3  119.784
6294.34  109.976
6295.38  115.117
6296.42  160.91
6297.46  152.761
6298.5  122.921
6299.54  148.342
6300.58  155.895
6301.62  139.678
6302.66  142.656
6303.7  144.037
6304.74  134.209
6305.78  136.344
6306.82  139.126
6307.86  130.568
6308.9  125.355
6309.94  122.306
6310.98  115.71
6312.02  120.704
6313.06  139.81
6314.1  135.52
6315.14  129.283
6316.18  132.274
6317.22  136.835
6318.26  140.864
6319.3  138.418
6320.34  138.259
6321.38  139.912
6322.42  139.249
6323.46  136.849
6324.5  132.26
6325.54  145.391
6326.58  157.352
6327.62  152.768
6328.66  144.028
6329.7  134.75
6330.74  136.032
6331.78  136.437
6332.82  135.574
6333.86  141.198
6334.9  141.688
6335.94  130.906
6336.98  132.336
6338.02  134.78
6339.06  127.272
6340.1  130.146
6341.14  138.24
6342.18  140.84
6343.22  140.07
6344.26  136.555
6345.3  140.231
6346.34  141.093
6347.38  133.06
6348.42  129.949
6349.46  129.733
6350.5  132.665
6351.54  138.251
6352.58  143.744
6353.62  137.57
6354.66  130.199
6355.7  123.54
6356.74  119.939
6357.78  117.462
6358.82  113.639
6359.86  119.425
6360.9  127.681
6361.94  128.08
6362.98  127.327
6364.02  126.778
6365.06  135.221
6366.1  137.558
6367.14  128.411
6368.18  128.221
6369.22  131.359
6370.26  137.131
6371.3  139.759
6372.34  140.037
6373.38  136.312
6374.42  137.025
6375.46  142.598
6376.5  150.931
6377.54  149.571
6378.58  129.16
6379.62  131.27
6380.66  139.423
6381.7  142.793
6382.74  144.389
6383.78  143.966
6384.82  138.731
6385.86  136.405
6386.9  138.305
6387.94  148.394
6388.98  150.647
6390.02  131.114
6391.06  128.4
6392.1  133.361
6393.14  145.851
6394.18  145.116
6395.22  135.991
6396.26  138.342
6397.3  138.351
6398.34  133.715
6399.38  131.481
6400.42  131.407
6401.46  135.681
6402.5  134.822
6403.54  133.935
6404.58  142.718
6405.62  144.036
6406.66  139.284
6407.7  140.318
6408.74  142.795
6409.78  146.129
6410.82  148.726
6411.86  148.299
6412.9  138.697
6413.94  143.25
6414.98  153.087
6416.02  152.876
6417.06  150.909
6418.1  147.366
6419.14  138.797
6420.18  130.17
6421.22  122.968
6422.26  125.583
6423.3  131.37
6424.34  134.601
6425.38  136.06
6426.42  135.884
6427.46  132.942
6428.5  134.702
6429.54  141.751
6430.58  138.412
6431.62  132.492
6432.66  125.727
6433.7  125.696
6434.74  130.067
6435.78  139.351
6436.82  142.259
6437.86  140.169
6438.9  139.126
6439.94  135.2
6440.98  127.433
6442.02  123.322
6443.06  123.129
6444.1  129.982
6445.14  132.683
6446.18  131.912
6447.22  123.024
6448.26  123.614
6449.3  132.667
6450.34  139.478
6451.38  140.6
6452.42  133.279
6453.46  130.167
6454.5  129.695
6455.54  134.625
6456.58  131.844
6457.62  127.724
6458.66  138.996
6459.7  137.557
6460.74  122.824
6461.78  118.545
6462.82  119.645
6463.86  126.356
6464.9  133.444
6465.94  138.266
6466.98  127.955
6468.02  158.813
6469.06  202.845
6470.1  168.421
6471.14  137.243
6472.18  122.658
6473.22  133.16
6474.26  140.015
6475.3  119.948
6476.34  122.585
6477.38  133.709
6478.42  147.165
6479.46  143.101
6480.5  128.776
6481.54  140.966
6482.58  146.239
6483.62  136.879
6484.66  130.311
6485.7  128.429
6486.74  136.713
6487.78  143.783
6488.82  148.964
6489.86  149.232
6490.9  140.145
6491.94  124.466
6492.98  120.074
6494.02  123.725
6495.06  137.4
6496.1  128.908
6497.14  114.63
6498.18  101.726
6499.22  109.164
6500.26  126.469
6501.3  132.028
6502.34  136.07
6503.38  138.882
6504.42  132.841
6505.46  129.874
6506.5  136.777
6507.54  144.657
6508.58  147.86
6509.62  133.971
6510.66  125.049
6511.7  122.1
6512.74  134.409
6513.78  139.299
6514.82  133.035
6515.86  142.355
6516.9  147.954
6517.94  136.223
6518.98  134.356
6520.02  137.41
6521.06  147.482
6522.1  143.475
6523.14  129.712
6524.18  129.355
6525.22  131.465
6526.26  133.961
6527.3  129.977
6528.34  125.976
6529.38  127.51
6530.42  124.441
6531.46  120.505
6532.5  120.798
6533.54  125.463
6534.58  133.784
6535.62  142.076
6536.66  145.484
6537.7  141.442
6538.74  131.434
6539.78  122.714
6540.82  122.768
6541.86  132.753
6542.9  146.473
6543.94  147.378
6544.98  144.009
6546.02  137.839
6547.06  132.249
6548.1  135.754
6549.14  157.995
6550.18  154.321
6551.22  144.229
6552.26  144.926
6553.3  143.229
6554.34  140.461
6555.38  142.173
6556.42  138.757
6557.46  128.675
6558.5  129.973
6559.54  128.753
6560.58  112.572
6561.62  118.184
6562.66  129.017
6563.7  125.867
6564.74  121.172
6565.78  115.22
6566.82  105.804
6567.86  99.9931
6568.9  100.041
6569.94  111.331
6570.98  123.69
6572.02  131.388
6573.06  119.158
6574.1  102.967
6575.14  116.623
6576.18  127.139
6577.22  132.695
6578.26  142.059
6579.3  142.534
6580.34  127.03
6581.38  126.433
6582.42  130.397
6583.46  133.605
6584.5  136.281
6585.54  138.077
6586.58  138.664
6587.62  137.22
6588.66  133.893
6589.7  132.877
6590.74  131.393
6591.78  128.123
6592.82  127.12
6593.86  127.448
6594.9  128.814
6595.94  131.01
6596.98  132.755
6598.02  128.537
6599.06  124.279
6600.1  121.351
6601.14  123.355
6602.18  125.092
6603.22  121.264
6604.26  128.326
6605.3  136.396
6606.34  130.623
6607.38  123.385
6608.42  117.001
6609.46  123.375
6610.5  130.035
6611.54  133.606
6612.58  127.563
6613.62  121.376
6614.66  123.344
6615.7  126.053
6616.74  130.191
6617.78  139.147
6618.82  136.202
6619.86  122.847
6620.9  124.872
6621.94  131.376
6622.98  141.099
6624.02  135.255
6625.06  128.066
6626.1  134.135
6627.14  135.621
6628.18  134.078
6629.22  129.638
6630.26  128.941
6631.3  132.685
6632.34  134.617
6633.38  136.337
6634.42  138.107
6635.46  138.07
6636.5  136.929
6637.54  134.113
6638.58  135.882
6639.62  139.992
6640.66  137.565
6641.7  134.192
6642.74  130.915
6643.78  128.831
6644.82  130.952
6645.86  141.033
6646.9  153.763
6647.94  161.004
6648.98  140.592
6650.02  131.086
6651.06  131.896
6652.1  127.398
6653.14  126.554
6654.18  132.135
6655.22  132.235
6656.26  131.475
6657.3  132.62
6658.34  131.95
6659.38  129.789
6660.42  123.266
6661.46  128.809
6662.5  145.14
6663.54  144.719
6664.58  144.552
6665.62  152.167
6666.66  141.565
6667.7  131.197
6668.74  143.34
6669.78  141.281
6670.82  131.082
6671.86  125.62
6672.9  125.989
6673.94  132.354
6674.98  135.649
6676.02  136.537
6677.06  133.583
6678.1  135.047
6679.14  137.162
6680.18  135.392
6681.22  136.479
6682.26  138.912
6683.3  136.212
6684.34  132.66
6685.38  129.013
6686.42  128.668
6687.46  131.302
6688.5  139.898
6689.54  136.564
6690.58  130.335
6691.62  135.112
6692.66  135.818
6693.7  132.736
6694.74  133.468
6695.78  132.461
6696.82  127.402
6697.86  134.538
6698.9  139.771
6699.94  128.834
6700.98  125.153
6702.02  126.351
6703.06  133.16
6704.1  134.866
6705.14  131.121
6706.18  130.589
6707.22  131.387
6708.26  133.694
6709.3  135.212
6710.34  134.197
6711.38  126.653
6712.42  119.985
6713.46  115.508
6714.5  118.693
6715.54  123.029
6716.58  127.039
6717.62  124.725
6718.66  124.5
6719.7  133.273
6720.74  130.931
6721.78  127.528
6722.82  137.494
6723.86  136.501
6724.9  128.641
6725.94  133.82
6726.98  138.913
6728.02  141.293
6729.06  131.727
6730.1  121.064
6731.14  115.568
6732.18  120.993
6733.22  128.237
6734.26  116.827
6735.3  118.305
6736.34  131.391
6737.38  135.016
6738.42  135.439
6739.46  133.288
6740.5  130.862
6741.54  129.437
6742.58  131.631
6743.62  129.641
6744.66  127.103
6745.7  132.957
6746.74  136.405
6747.78  136.08
6748.82  129.559
6749.86  125.221
6750.9  127.881
6751.94  128.348
6752.98  130.261
6754.02  137.939
6755.06  143.034
6756.1  145.069
6757.14  142.599
6758.18  133.32
6759.22  117.625
6760.26  116.048
6761.3  119.779
6762.34  127.163
6763.38  130.961
6764.42  132.409
6765.46  130.507
6766.5  128.663
6767.54  127.964
6768.58  135.1
6769.62  137.941
6770.66  132.983
6771.7  125.664
6772.74  120.538
6773.78  123.072
6774.82  127.33
6775.86  131.399
6776.9  130.017
6777.94  126.903
6778.98  123.259
6780.02  127.945
6781.06  132.621
6782.1  134.49
6783.14  135.935
6784.18  135.867
6785.22  132.218
6786.26  135.237
6787.3  139.952
6788.34  132.985
6789.38  129.829
6790.42  132.283
6791.46  140.428
6792.5  142.482
6793.54  129.843
6794.58  121.877
6795.62  118.507
6796.66  126.435
6797.7  127.342
6798.74  124.46
6799.78  126.859
6800.82  132.101
6801.86  139.425
6802.9  133.221
6803.94  123.532
6804.98  112.501
6806.02  115.319
6807.06  124.429
6808.1  132.574
6809.14  141.101
6810.18  147.738
6811.22  139.294
6812.26  130.118
6813.3  124.027
6814.34  124.878
6815.38  128.973
6816.42  135.771
6817.46  135.005
6818.5  130.533
6819.54  127.021
6820.58  126.766
6821.62  128.624
6822.66  117.323
6823.7  113.911
6824.74  127.481
6825.78  140.824
6826.82  146.779
6827.86  130.106
6828.9  118.139
6829.94  111.406
6830.98  117.854
6832.02  126.329
6833.06  134.239
6834.1  126.632
6835.14  121.917
6836.18  131.352
6837.22  129.159
6838.26  124.395
6839.3  125.034
6840.34  122.694
6841.38  118.75
6842.42  118.571
6843.46  117.864
6844.5  116.026
6845.54  116.533
6846.58  119.364
6847.62  125.87
6848.66  130.596
6849.7  134.919
6850.74  141.997
6851.78  137.689
6852.82  124.6
6853.86  116.275
6854.9  117.276
6855.94  130.786
6856.98  128.918
6858.02  127.074
6859.06  137.3
6860.1  141.618
6861.14  141.258
6862.18  133.371
6863.22  129.574
6864.26  129.768
6865.3  122.763
6866.34  121.86
6867.38  134.982
6868.42  123.011
6869.46  107.84
6870.5  109.577
6871.54  106.549
6872.58  102.867
6873.62  108.563
6874.66  113.753
6875.7  116.412
6876.74  102.369
6877.78  97.3503
6878.82  120.291
6879.86  121.447
6880.9  116.288
6881.94  115.108
6882.98  117.552
6884.02  120.606
6885.06  110.465
6886.1  104.732
6887.14  107.167
6888.18  117.148
6889.22  124.532
6890.26  119.305
6891.3  120.459
6892.34  122.596
6893.38  120.364
6894.42  117.703
6895.46  115.493
6896.5  117.73
6897.54  120.965
6898.58  124.476
6899.62  123.431
6900.66  122.659
6901.7  127.853
6902.74  122.966
6903.78  115.667
6904.82  123.221
6905.86  121.7
6906.9  111.11
6907.94  111.053
6908.98  115.063
6910.02  122.948
6911.06  120.04
6912.1  116.203
6913.14  121.455
6914.18  122.395
6915.22  121.014
6916.26  121.705
6917.3  123.405
6918.34  125.922
6919.38  125.131
6920.42  122.553
6921.46  118.475
6922.5  113.985
6923.54  111.168
6924.58  114.798
6925.62  114.085
6926.66  112.23
6927.7  124.842
6928.74  131.697
6929.78  128.316
6930.82  114.866
6931.86  105.126
6932.9  112.002
6933.94  117.931
6934.98  121.939
6936.02  115.935
6937.06  114.221
6938.1  115.437
6939.14  105.958
6940.18  101.771
6941.22  108.376
6942.26  115.168
6943.3  117.273
6944.34  103.267
6945.38  109.997
6946.42  121.93
6947.46  103.389
6948.5  102.497
6949.54  120.883
6950.58  126.546
6951.62  131.905
6952.66  142.213
6953.7  132.928
6954.74  121.156
6955.78  125.665
6956.82  124.296
6957.86  119.863
6958.9  118.644
6959.94  117.068
6960.98  114.742
6962.02  116.944
6963.06  120.063
6964.1  123.24
6965.14  120.278
6966.18  114.471
6967.22  106.732
6968.26  110.339
6969.3  121.34
6970.34  122.023
6971.38  123.593
6972.42  128.187
6973.46  119.703
6974.5  109.541
6975.54  103.768
6976.58  104.653
6977.62  111.349
6978.66  128.261
6979.7  128.015
6980.74  114.655
6981.78  126.808
6982.82  133.374
6983.86  124.033
6984.9  124.078
6985.94  126.347
6986.98  127.963
6988.02  128.548
6989.06  125.504
6990.1  107.532
6991.14  100.117
6992.18  105.334
6993.22  112.795
6994.26  118.794
6995.3  120.364
6996.34  118.669
6997.38  116.904
6998.42  120.542
6999.46  120.442
7000.5  117.868
7001.54  116.261
7002.58  115.082
7003.62  114.474
7004.66  114.338
7005.7  115.992
7006.74  122.999
7007.78  115.76
7008.82  106.401
7009.86  110.446
7010.9  114.239
7011.94  117.265
7012.98  119.323
7014.02  113.977
7015.06  98.8616
7016.1  118.961
7017.14  137.318
7018.18  124.943
7019.22  118.547
7020.26  118.391
7021.3  137.592
7022.34  145.108
7023.38  140.826
7024.42  142.638
7025.46  136.474
7026.5  115.877
7027.54  117.281
7028.58  122.678
7029.62  118.476
7030.66  119.276
7031.7  122.307
7032.74  122.428
7033.78  123.006
7034.82  124.132
7035.86  122.619
7036.9  120.654
7037.94  118.928
7038.98  120.336
7040.02  121.583
7041.06  117.938
7042.1  117.74
7043.14  120.175
7044.18  123.888
7045.22  124.873
7046.26  122.126
7047.3  120.327
7048.34  119.989
7049.38  124.025
7050.42  117.544
7051.46  109.966
7052.5  114.416
7053.54  120.977
7054.58  127.177
7055.62  120.553
7056.66  117.134
7057.7  121.342
7058.74  120.776
7059.78  118.306
7060.82  112.878
7061.86  115.718
7062.9  122.252
7063.94  126.599
7064.98  127.044
7066.02  124.35
7067.06  124.79
7068.1  125.653
7069.14  126.076
7070.18  128.824
7071.22  129.635
7072.26  122.334
7073.3  117.659
7074.34  116.902
7075.38  129.203
7076.42  131.639
7077.46  122.387
7078.5  122.808
7079.54  123.115
7080.58  119.261
7081.62  117.56
7082.66  118.601
7083.7  126.943
7084.74  128.124
7085.78  123.692
7086.82  116.358
7087.86  113.614
7088.9  117.559
7089.94  126.84
7090.98  133.645
7092.02  131.825
7093.06  125.941
7094.1  120.061
7095.14  122.79
7096.18  125.413
7097.22  128.138
7098.26  133.108
7099.3  139.308
7100.34  146.923
7101.38  140.366
7102.42  130.085
7103.46  121.868
7104.5  118.733
7105.54  118.928
7106.58  120.895
7107.62  120.399
7108.66  117.362
7109.7  115.628
7110.74  113.876
7111.78  111.3
7112.82  118.526
7113.86  124.408
7114.9  114.95
7115.94  116.231
7116.98  122.594
7118.02  120.92
7119.06  122.036
7120.1  126.216
7121.14  113.653
7122.18  108.815
7123.22  128.201
7124.26  132.719
7125.3  128.787
7126.34  111.013
7127.38  113.582
7128.42  127.949
7129.46  121.511
7130.5  115.625
7131.54  113.884
7132.58  116.542
7133.62  118.948
7134.66  116.979
7135.7  117.585
7136.74  118.623
7137.78  117.452
7138.82  120.121
7139.86  124.879
7140.9  119.236
7141.94  115.557
7142.98  117.391
7144.02  124.786
7145.06  131.404
7146.1  131.797
7147.14  126.126
7148.18  118.983
7149.22  122.14
7150.26  123.375
7151.3  122.179
7152.34  122.834
7153.38  122.037
7154.42  117.81
7155.46  117.983
7156.5  120.722
7157.54  128.127
7158.58  122.008
7159.62  110.944
7160.66  120.726
7161.7  125.577
7162.74  122.024
7163.78  115.401
7164.82  112.006
7165.86  117.108
7166.9  122.252
7167.94  124.35
7168.98  114.062
7170.02  111.255
7171.06  112.946
7172.1  105.764
7173.14  102.929
7174.18  107.401
7175.22  110.92
7176.26  113.014
7177.3  110.77
7178.34  114.209
7179.38  119.247
7180.42  120.879
7181.46  118.564
7182.5  114.759
7183.54  125.693
7184.58  133.052
7185.62  130.937
7186.66  128.714
7187.7  127.575
7188.74  132.524
7189.78  125.51
7190.82  115.524
7191.86  121.82
7192.9  127.233
7193.94  129.453
7194.98  119.538
7196.02  115.299
7197.06  127.246
7198.1  123.74
7199.14  118.47
7200.18  124.881
7201.22  121.316
7202.26  113.112
7203.3  113.893
7204.34  116.705
7205.38  120.484
7206.42  119.648
7207.46  121.561
7208.5  131.859
7209.54  137.438
7210.58  138.201
7211.62  127.923
7212.66  124.844
7213.7  127.447
7214.74  130.627
7215.78  130.106
7216.82  124.156
7217.86  119.584
7218.9  118.103
7219.94  123.227
7220.98  127.628
7222.02  129.618
7223.06  123.917
7224.1  115.068
7225.14  106.073
7226.18  116.202
7227.22  123.37
7228.26  119.449
7229.3  132.46
7230.34  141.11
7231.38  120.917
7232.42  126.261
7233.46  140.41
7234.5  130.593
7235.54  121.768
7236.58  117.851
7237.62  137.664
7238.66  145.458
7239.7  118.93
7240.74  126.165
7241.78  140.039
7242.82  142.598
7243.86  124.136
7244.9  98.3192
7245.94  111.501
7246.98  124.543
7248.02  131.372
7249.06  136.348
7250.1  136.93
7251.14  129.101
7252.18  132.735
7253.22  137.005
7254.26  126.808
7255.3  124.833
7256.34  129.022
7257.38  129.994
7258.42  126.908
7259.46  118.984
7260.5  121.431
7261.54  121.416
7262.58  106.162
7263.62  105.946
7264.66  111.665
7265.7  112.092
7266.74  111.599
7267.78  111.603
7268.82  124.37
7269.86  130.084
7270.9  121.369
7271.94  104.153
7272.98  85.1625
7274.02  66.8824
7275.06  79.9313
7276.1  106.574
7277.14  104.363
7278.18  111.612
7279.22  130.093
7280.26  133.158
7281.3  129.205
7282.34  117.943
7283.38  122.838
7284.42  129.726
7285.46  123.575
7286.5  120.364
7287.54  120.085
7288.58  125.907
7289.62  123.44
7290.66  110.592
7291.7  112.512
7292.74  116.514
7293.78  113.719
7294.82  131.382
7295.86  153.524
7296.9  160.588
7297.94  160.941
7298.98  157.712
7300.02  167.329
7301.06  171.132
7302.1  164.156
7303.14  144.749
7304.18  123.55
7305.22  106.838
7306.26  108.572
7307.3  117.356
7308.34  109.399
7309.38  117.039
7310.42  142.327
7311.46  182.889
7312.5  234.877
7313.54  294.819
7314.58  405.446
7315.62  499.64
7316.66  509.878
7317.7  475.554
7318.74  406.152
7319.78  325.084
7320.82  245.943
7321.86  174.463
7322.9  143.463
7323.94  130.097
7324.98  127.842
7326.02  118.305
7327.06  107.93
7328.1  98.5066
7329.14  99.8931
7330.18  107.624
7331.22  104.305
7332.26  111.743
7333.3  133.709
7334.34  145.594
7335.38  165.038
7336.42  204.877
7337.46  242.879
7338.5  275.908
7339.54  295.429
7340.58  292.429
7341.62  267.27
7342.66  214.853
7343.7  169.557
7344.74  142.673
7345.78  137.236
7346.82  136.115
7347.86  122.812
7348.9  116.106
7349.94  113.812
7350.98  116.603
7352.02  113.889
7353.06  106.741
7354.1  112.373
7355.14  120.616
7356.18  129.559
7357.22  125.534
7358.26  117.709
7359.3  111.385
7360.34  118.361
7361.38  129.589
7362.42  119.323
7363.46  114.229
7364.5  116.672
7365.54  106.188
7366.58  104.006
7367.62  127.92
7368.66  107.114
7369.7  80.6717
7370.74  91.1009
7371.78  101.012
7372.82  110.405
7373.86  118.516
7374.9  123.814
7375.94  125.645
7376.98  118.309
7378.02  113.61
7379.06  122.932
7380.1  120.527
7381.14  114.986
7382.18  114.893
7383.22  117.364
7384.26  121.096
7385.3  120.523
7386.34  114.352
7387.38  100.804
7388.42  106.966
7389.46  116.644
7390.5  119.477
7391.54  120.336
7392.58  118.954
7393.62  114.657
7394.66  110.913
7395.7  108.638
7396.74  111.29
7397.78  116.64
7398.82  125.638
7399.86  114.576
7400.9  104.888
7401.94  123.971
7402.98  118.267
7404.02  101.775
7405.06  109.425
7406.1  116.322
7407.14  118.966
7408.18  112.184
7409.22  110.28
7410.26  123.979
7411.3  127.382
7412.34  126.041
7413.38  121.327
7414.42  118.283
7415.46  115.65
7416.5  106.799
7417.54  106.092
7418.58  116.863
7419.62  124.147
7420.66  129.041
7421.7  130.964
7422.74  125.56
7423.78  118.768
7424.82  120.475
7425.86  124.902
7426.9  130.448
7427.94  128.738
7428.98  126.33
7430.02  125.289
7431.06  113.034
7432.1  102.371
7433.14  103.783
7434.18  111.705
7435.22  121.534
7436.26  121.512
7437.3  117.458
7438.34  110.036
7439.38  99.3258
7440.42  98.3916
7441.46  117.042
7442.5  112.854
7443.54  105.16
7444.58  109.992
7445.62  114.078
7446.66  117.199
7447.7  116.33
7448.74  116.773
7449.78  119.212
7450.82  117.983
7451.86  117.315
7452.9  120.915
7453.94  116.225
7454.98  109.918
7456.02  109.407
7457.06  109.514
7458.1  110.184
7459.14  110.217
7460.18  112.177
7461.22  116.625
7462.26  122.378
7463.3  123.362
7464.34  110.443
7465.38  112.793
7466.42  120.109
7467.46  120.212
7468.5  118.662
7469.54  116.673
7470.58  122.772
7471.62  122.066
7472.66  108.212
7473.7  111.052
7474.74  116.407
7475.78  114.859
7476.82  114.467
7477.86  113.446
7478.9  106.157
7479.94  107.487
7480.98  117.151
7482.02  111.243
7483.06  109.113
7484.1  116.235
7485.14  153.852
7486.18  196.678
7487.22  220.531
7488.26  222.745
7489.3  207.486
7490.34  184.281
7491.38  158.698
7492.42  133.148
7493.46  126.555
7494.5  124.583
7495.54  120.771
7496.58  113.131
7497.62  107.472
7498.66  113.766
7499.7  118.293
7500.74  123.444
7501.78  142.847
7502.82  161.746
7503.86  176.795
7504.9  179.919
7505.94  172.449
7506.98  149.642
7508.02  138.473
7509.06  132.243
7510.1  126.547
7511.14  112.557
7512.18  94.0486
7513.22  102.416
7514.26  109.23
7515.3  104.705
7516.34  109.54
7517.38  111.738
7518.42  97.782
7519.46  96.8753
7520.5  103.064
7521.54  108.376
7522.58  109.195
7523.62  105.941
7524.66  116.272
7525.7  116.883
7526.74  91.8563
7527.78  98.0524
7528.82  115.446
7529.86  135.507
7530.9  132.918
7531.94  117.181
7532.98  118.739
7534.02  112.708
7535.06  96.5399
7536.1  110.717
7537.14  127.43
7538.18  135.499
7539.22  119.567
7540.26  100.335
7541.3  110.145
7542.34  115.005
7543.38  115.217
7544.42  113.793
7545.46  113.603
7546.5  115.685
7547.54  112.627
7548.58  108.56
7549.62  104.546
7550.66  109.706
7551.7  116.978
7552.74  113.175
7553.78  110.597
7554.82  110.147
7555.86  112.334
7556.9  113.811
7557.94  113.621
7558.98  105.95
7560.02  100.74
7561.06  110.426
7562.1  116.128
7563.14  118.025
7564.18  109.945
7565.22  111.418
7566.26  123.
7567.3  114.158
7568.34  106.355
7569.38  109.115
7570.42  111.919
7571.46  108.916
7572.5  81.5376
7573.54  85.6668
7574.58  107.95
7575.62  104.127
7576.66  106.082
7577.7  118.34
7578.74  116.447
7579.78  113.18
7580.82  114.405
7581.86  118.352
7582.9  121.843
7583.94  118.638
7584.98  117.128
7586.02  116.045
7587.06  106.599
7588.1  101.108
7589.14  103.29
7590.18  104.983
7591.22  107.52
7592.26  110.658
7593.3  116.224
7594.34  120.918
7595.38  114.408
7596.42  118.912
7597.46  133.388
7598.5  136.063
7599.54  138.46
7600.58  146.221
7601.62  115.203
7602.66  87.0872
7603.7  107.866
7604.74  111.43
7605.78  108.823
7606.82  125.575
7607.86  125.377
7608.9  106.014
7609.94  108.081
7610.98  110.59
7612.02  104.326
7613.06  106.265
7614.1  112.427
7615.14  123.501
7616.18  125.071
7617.22  120.187
7618.26  119.186
7619.3  116.158
7620.34  110.415
7621.38  110.496
7622.42  113.106
7623.46  119.615
7624.5  109.535
7625.54  102.064
7626.58  137.646
7627.62  133.007
7628.66  97.5508
7629.7  95.3067
7630.74  102.613
7631.78  116.156
7632.82  119.38
7633.86  116.763
7634.9  108.076
7635.94  99.1327
7636.98  93.5537
7638.02  103.088
7639.06  114.035
7640.1  123.426
7641.14  113.035
7642.18  109.496
7643.22  126.292
7644.26  120.656
7645.3  111.679
7646.34  114.423
7647.38  117.733
7648.42  120.339
7649.46  116.859
7650.5  110.056
7651.54  101.561
7652.58  109.853
7653.62  118.353
7654.66  119.007
7655.7  115.878
7656.74  111.476
7657.78  109.707
7658.82  108.502
7659.86  109.241
7660.9  120.133
7661.94  126.354
7662.98  124.543
7664.02  114.271
7665.06  105.013
7666.1  103.388
7667.14  110.482
7668.18  119.61
7669.22  119.543
7670.26  115.419
7671.3  108.712
7672.34  105.904
7673.38  108.554
7674.42  118.488
7675.46  117.26
7676.5  113.344
7677.54  110.909
7678.58  111.419
7679.62  113.625
7680.66  115.543
7681.7  116.684
7682.74  116.473
7683.78  112.213
7684.82  107.073
7685.86  101.794
7686.9  101.25
7687.94  102.058
7688.98  100.554
7690.02  100.686
7691.06  103.943
7692.1  119.971
7693.14  122.86
7694.18  109.821
7695.22  113.386
7696.26  116.389
7697.3  110.513
7698.34  109.937
7699.38  111.176
7700.42  112.428
7701.46  111.44
7702.5  109.586
7703.54  113.44
7704.58  112.943
7705.62  105.792
7706.66  100.947
7707.7  100.885
7708.74  113.131
7709.78  107.604
7710.82  97.081
7711.86  98.4949
7712.9  101.498
7713.94  102.183
7714.98  72.2795
7716.02  61.7621
7717.06  89.6256
7718.1  101.139
7719.14  104.846
7720.18  97.4979
7721.22  97.4526
7722.26  100.319
7723.3  99.1826
7724.34  100.005
7725.38  103.621
7726.42  114.811
7727.46  117.94
7728.5  102.803
7729.54  103.455
7730.58  110.947
7731.62  126.732
7732.66  118.839
7733.7  99.5537
7734.74  104.653
7735.78  108.453
7736.82  107.704
7737.86  113.638
7738.9  115.8
7739.94  105.815
7740.98  106.273
7742.02  108.971
7743.06  106.402
7744.1  104.817
7745.14  103.82
7746.18  101.478
7747.22  100.47
7748.26  101.566
7749.3  95.2816
7750.34  92.5776
7751.38  105.399
7752.42  102.36
7753.46  94.857
7754.5  100.653
7755.54  94.4301
7756.58  80.6193
7757.62  102.374
7758.66  112.636
7759.7  93.5333
7760.74  100.16
7761.78  108.575
7762.82  101.37
7763.86  95.1059
7764.9  92.0523
7765.94  103.188
7766.98  110.639
7768.02  112.586
7769.06  114.277
7770.1  116.928
7771.14  122.417
7772.18  122.451
7773.22  118.835
7774.26  111.238
7775.3  103.448
7776.34  97.5143
7777.38  101.648
7778.42  107.567
7779.46  113.635
7780.5  115.887
7781.54  113.581
7782.58  103.425
7783.62  101.012
7784.66  102.575
7785.7  107.408
7786.74  108.571
7787.78  107.276
7788.82  110.796
7789.86  108.081
7790.9  95.7504
7791.94  106.266
7792.98  118.62
7794.02  118.508
7795.06  121.914
7796.1  122.058
7797.14  103.101
7798.18  97.7941
7799.22  105.181
7800.26  101.403
7801.3  103.27
7802.34  117.227
7803.38  118.089
7804.42  113.533
7805.46  104.901
7806.5  104.48
7807.54  110.212
7808.58  124.017
7809.62  121.425
7810.66  102.284
7811.7  105.291
7812.74  111.83
7813.78  116.188
7814.82  117.314
7815.86  113.829
7816.9  98.1477
7817.94  101.973
7818.98  115.313
7820.02  102.742
7821.06  96.5841
7822.1  102.506
7823.14  121.832
7824.18  127.975
7825.22  90.0844
7826.26  99.8962
7827.3  122.671
7828.34  124.545
7829.38  120.302
7830.42  111.604
7831.46  103.194
7832.5  100.706
7833.54  106.774
7834.58  108.245
7835.62  106.586
7836.66  98.3758
7837.7  100.97
7838.74  108.126
7839.78  111.862
7840.82  111.227
7841.86  107.019
7842.9  105.09
7843.94  106.794
7844.98  114.456
7846.02  108.908
7847.06  102.507
7848.1  107.832
7849.14  102.834
7850.18  94.353
7851.22  99.9826
7852.26  99.0542
7853.3  91.137
7854.34  111.763
7855.38  126.776
7856.42  119.153
7857.46  104.049
7858.5  92.5592
7859.54  108.567
7860.58  111.772
7861.62  104.398
7862.66  87.9188
7863.7  82.8889
7864.74  93.9131
7865.78  101.235
7866.82  105.225
7867.86  102.375
7868.9  101.053
7869.94  99.9508
7870.98  96.6363
7872.02  104.176
7873.06  118.422
7874.1  113.696
7875.14  111.648
7876.18  118.112
7877.22  119.62
7878.26  117.082
7879.3  107.513
7880.34  101.48
7881.38  98.7305
7882.42  103.382
7883.46  103.507
7884.5  99.0489
7885.54  98.9698
7886.58  95.3706
7887.62  82.6879
7888.66  105.598
7889.7  126.685
7890.74  102.846
7891.78  105.818
7892.82  118.364
7893.86  96.2618
7894.9  88.2421
7895.94  99.2828
7896.98  100.601
7898.02  101.986
7899.06  106.226
7900.1  112.88
7901.14  117.642
7902.18  113.324
7903.22  107.557
7904.26  101.748
7905.3  101.721
7906.34  105.564
7907.38  112.741
7908.42  107.665
7909.46  101.926
7910.5  101.186
7911.54  110.019
7912.58  117.926
7913.62  100.857
7914.66  107.173
7915.7  128.576
7916.74  103.9
7917.78  84.4978
7918.82  84.7109
7919.86  92.2484
7920.9  101.036
7921.94  104.501
7922.98  101.454
7924.02  96.7055
7925.06  101.874
7926.1  103.23
7927.14  100.962
7928.18  109.807
7929.22  108.398
7930.26  83.3458
7931.3  95.3253
7932.34  112.78
7933.38  108.457
7934.42  104.344
7935.46  100.738
7936.5  102.057
7937.54  100.657
7938.58  96.1551
7939.62  103.509
7940.66  109.286
7941.7  105.066
7942.74  110.576
7943.78  115.049
7944.82  104.538
7945.86  98.124
7946.9  95.1943
7947.94  92.5906
7948.98  94.9783
7950.02  103.378
7951.06  100.266
7952.1  95.3082
7953.14  92.4497
7954.18  96.5259
7955.22  103.004
7956.26  104.982
7957.3  105.785
7958.34  105.459
7959.38  103.42
7960.42  103.437
7961.46  107.678
7962.5  91.1577
7963.54  76.3033
7964.58  84.1948
7965.62  86.2847
7966.66  86.1534
7967.7  84.5623
7968.74  94.1502
7969.78  113.173
7970.82  110.184
7971.86  104.068
7972.9  101.068
7973.94  99.5233
7974.98  99.676
7976.02  102.752
7977.06  101.909
7978.1  102.51
7979.14  128.281
7980.18  128.488
7981.22  97.7594
7982.26  109.587
7983.3  117.035
7984.34  92.3411
7985.38  91.533
7986.42  97.2429
7987.46  94.2621
7988.5  97.1912
7989.54  102.322
7990.58  90.6431
7991.62  86.7114
7992.66  96.4228
7993.7  96.7174
7994.74  91.0962
7995.78  72.8877
7996.82  86.148
7997.86  105.324
7998.9  84.9542
7999.94  83.0137
8000.98  98.6877
8002.02  109.639
8003.06  111.598
8004.1  100.473
8005.14  93.6639
8006.18  89.1982
8007.22  87.0509
8008.26  94.5796
8009.3  104.8
8010.34  100.268
8011.38  96.7293
8012.42  95.898
8013.46  99.5427
8014.5  102.9
8015.54  102.682
8016.58  113.155
8017.62  119.642
8018.66  100.532
8019.7  96.081
8020.74  101.142
8021.78  104.425
8022.82  105.623
8023.86  104.58
8024.9  110.716
8025.94  114.669
8026.98  110.699
8028.02  105.65
8029.06  100.699
8030.1  100.132
8031.14  96.0342
8032.18  91.0594
8033.22  99.803
8034.26  104.606
8035.3  100.984
8036.34  101.242
8037.38  102.737
8038.42  106.106
8039.46  102.749
8040.5  99.0292
8041.54  108.001
8042.58  111.426
8043.62  108.465
8044.66  101.005
8045.7  96.4644
8046.74  97.9686
8047.78  104.834
8048.82  111.658
8049.86  114.008
8050.9  105.694
8051.94  95.2733
8052.98  108.241
8054.02  110.192
8055.06  99.1227
8056.1  100.722
8057.14  103.566
8058.18  103.767
8059.22  106.797
8060.26  110.242
8061.3  111.879
8062.34  112.81
8063.38  112.525
8064.42  109.762
8065.46  100.271
8066.5  84.2058
8067.54  98.1504
8068.58  111.875
8069.62  106.137
8070.66  109.198
8071.7  111.316
8072.74  98.7217
8073.78  98.1933
8074.82  106.257
8075.86  102.482
8076.9  103.361
8077.94  113.152
8078.98  107.046
8080.02  97.8316
8081.06  91.4421
8082.1  94.6712
8083.14  102.018
8084.18  103.458
8085.22  107.283
8086.26  113.185
8087.3  115.815
8088.34  113.845
8089.38  105.622
8090.42  101.33
8091.46  99.3647
8092.5  100.365
8093.54  102.024
8094.58  103.036
8095.62  97.1902
8096.66  97.6507
8097.7  104.875
8098.74  101.107
8099.78  97.9144
8100.82  100.309
8101.86  103.043
8102.9  105.22
8103.94  104.356
8104.98  105.035
8106.02  104.511
8107.06  89.2742
8108.1  83.9695
8109.14  93.6199
8110.18  111.293
8111.22  122.677
8112.26  114.37
8113.3  105.958
8114.34  97.148
8115.38  92.6673
8116.42  85.7509
8117.46  79.0679
8118.5  89.0574
8119.54  96.4042
8120.58  95.4897
8121.62  98.5963
8122.66  101.151
8123.7  99.6899
8124.74  101.499
8125.78  103.804
8126.82  101.094
8127.86  100.071
8128.9  101.696
8129.94  112.561
8130.98  117.83
8132.02  109.718
8133.06  114.335
8134.1  120.575
8135.14  120.908
8136.18  118.286
8137.22  113.936
8138.26  111.274
8139.3  109.59
8140.34  108.498
8141.38  98.2913
8142.42  94.7958
8143.46  110.329
8144.5  107.452
8145.54  98.5378
8146.58  89.8461
8147.62  92.9141
8148.66  104.295
8149.7  113.928
8150.74  115.183
8151.78  106.109
8152.82  101.895
8153.86  103.174
8154.9  117.001
8155.94  112.445
8156.98  102.392
8158.02  101.336
8159.06  105.329
8160.1  112.317
8161.14  112.331
8162.18  109.427
8163.22  104.147
8164.26  100.909
8165.3  99.7641
8166.34  102.84
8167.38  102.72
8168.42  101.437
8169.46  102.083
8170.5  101.65
8171.54  100.757
8172.58  107.926
8173.62  112.318
8174.66  108.904
8175.7  106.498
8176.74  104.791
8177.78  105.063
8178.82  105.463
8179.86  106.188
8180.9  105.839
8181.94  113.104
8182.98  127.736
8184.02  121.578
8185.06  114.29
8186.1  115.758
8187.14  111.905
8188.18  107.119
8189.22  104.363
8190.26  107.405
8191.3  112.746
8192.34  104.75
8193.38  99.4256
8194.42  100.102
8195.46  101.65
8196.5  102.824
8197.54  100.244
8198.58  105.777
8199.62  113.132
8200.66  114.779
8201.7  107.869
8202.74  95.4455
8203.78  96.723
8204.82  100.758
8205.86  105.218
8206.9  105.185
8207.94  103.879
8208.98  103.108
8210.02  102.529
8211.06  101.406
8212.1  96.1704
8213.14  95.9266
8214.18  101.12
8215.22  108.573
8216.26  108.925
8217.3  94.3198
8218.34  100.397
8219.38000000001  109.596
8220.42  105.481
8221.46  107.513
8222.5  111.78
8223.54  107.294
8224.58  106.739
8225.62  111.412
8226.66  107.095
8227.7  102.117
8228.74  99.898
8229.78  100.398
8230.82  102.696
8231.86  107.21
8232.9  105.483
8233.94  99.7702
8234.98  99.4968
8236.02  99.2899
8237.06  98.2568
8238.1  103.704
8239.14  108.49
8240.18  107.447
8241.22  103.19
8242.26  100.016
8243.3  110.025
8244.34  106.38
8245.38  92.7908
8246.42  102.142
8247.46  109.938
8248.5  108.872
8249.54  109.281
8250.58  108.555
8251.62  104.263
8252.66  103.556
8253.7  105.134
8254.74  107.004
8255.78  110.571
8256.82  114.791
8257.86  104.602
8258.9  95.1244
8259.94  93.19
8260.98  93.1896
8262.02  95.4015
8263.06  100.486
8264.1  102.658
8265.14  102.815
8266.18  102.595
8267.22  100.68
8268.26  97.3606
8269.3  95.4361
8270.34  95.6756
8271.38  100.739
8272.42  98.9644
8273.46  94.468
8274.5  90.1405
8275.54  87.1142
8276.58  87.1202
8277.62  101.12
8278.66  109.169
8279.7  106.06
8280.74  99.1499
8281.78  99.7156
8282.82  126.733
8283.86  119.853
8284.9  104.844
8285.94  127.795
8286.98  121.748
8288.02  91.5066
8289.06  93.7588
8290.1  105.061
8291.14  123.143
8292.18  99.4591
8293.22  77.6173
8294.26  102.244
8295.3  108.566
8296.34  104.039
8297.38  87.694
8298.42  101.477
8299.46  143.832
8300.5  126.845
8301.54  110.294
8302.58  121.51
8303.62  103.829
8304.66  86.8711
8305.7  104.587
8306.74  108.67
8307.78  102.501
8308.82  88.9785
8309.86  88.1952
8310.9  103.504
8311.94  101.437
8312.98  93.9295
8314.02  80.7758
8315.06  91.7803
8316.1  107.753
8317.14  104.345
8318.18  100.059
8319.22  96.089
8320.26  97.3463
8321.3  97.073
8322.34  93.4539
8323.38  102.924
8324.42  109.437
8325.46  98.8968
8326.5  93.9169
8327.54  89.851
8328.58  77.8819
8329.62  85.1352
8330.66  107.721
8331.7  103.623
8332.74  98.8814
8333.78  101.125
8334.82  103.448
8335.86  104.945
8336.9  102.288
8337.94  106.988
8338.98  111.717
8340.02  95.3062
8341.06  88.771
8342.1  95.8205
8343.14  116.754
8344.18  131.078
8345.22  126.951
8346.26  110.443
8347.3  95.8906
8348.34  109.826
8349.38  103.359
8350.42  88.0343
8351.46  108.431
8352.5  108.701
8353.54  79.8368
8354.58  109.317
8355.62  137.189
8356.66  132.312
8357.7  95.8648
8358.74  60.0329
8359.78  86.7963
8360.82  99.0622
8361.86  97.7322
8362.9  99.2057
8363.94  97.5397
8364.98  91.3465
8366.02  90.9891
8367.06  94.3474
8368.1  103.01
8369.14  106.665
8370.18  106.618
8371.22  101.513
8372.26  98.8243
8373.3  99.3103
8374.34  105.051
8375.38  108.995
8376.42  108.216
8377.46  104.321
8378.5  98.0769
8379.54  82.7346
8380.58  107.977
8381.62  145.859
8382.66  120.818
8383.7  101.359
8384.74  95.9473
8385.78  104.734
8386.82  104.488
8387.86  76.2646
8388.9  73.7536
8389.94  83.0612
8390.98  101.034
8392.02  106.86
8393.06  102.359
8394.1  92.368
8395.14  79.8665
8396.18  66.0231
8397.22  67.5932
8398.26  58.0604
8399.3  3.64865
8400.34  20.4566
8401.38  61.8619
8402.42  77.1378
8403.46  83.5354
8404.5  83.6569
8405.54  89.3292
8406.58  90.6104
8407.62  84.3855
8408.66  94.292
8409.7  104.681
8410.74  104.561
8411.78  98.3916
8412.82  90.901
8413.86  89.6661
8414.9  107.237
8415.94  137.149
8416.98  109.163
8418.02  86.3392
8419.06  93.4384
8420.1  100.243
8421.14  105.356
8422.18  102.533
8423.22  94.0078
8424.26  84.0446
8425.3  87.7289
8426.34  82.523
8427.38  67.8679
8428.42  89.9481
8429.46  110.667
8430.5  111.237
8431.54  111.473
8432.58  107.69
8433.62  93.0221
8434.66  97.6939
8435.7  115.711
8436.74  128.278
8437.78  125.16
8438.82  103.057
8439.86  95.5635
8440.9  95.4044
8441.94  104.387
8442.98  107.855
8444.02  107.985
8445.06  103.889
8446.1  99.9521
8447.14  96.6028
8448.18  95.5078
8449.22  93.8889
8450.26  90.679
8451.3  95.8783
8452.34  101.71
8453.38  98.8334
8454.42  115.947
8455.46  137.206
8456.5  127.295
8457.54  123.45
8458.58  128.453
8459.62  133.259
8460.66  138.378
8461.7  146.219
8462.74  118.19
8463.78  98.2321
8464.82  147.909
8465.86  151.428
8466.9  126.478
8467.94  105.015
8468.98  98.4916
8470.02  108.615
8471.06  101.128
8472.1  92.5192
8473.14  88.0345
8474.18  96.4871
8475.22  106.522
8476.26  101.488
8477.3  103.402
8478.34  109.968
8479.38  113.962
8480.42  109.113
8481.46  93.34
8482.5  90.4191
8483.54  90.8059
8484.58  92.9974
8485.62  80.0112
8486.66  68.8389
8487.7  95.3615
8488.74  102.985
8489.78  93.3584
8490.82  95.9227
8491.86  95.0931
8492.9  85.8916
8493.94  93.0051
8494.98  100.821
8496.02  97.6811
8497.06  89.4818
8498.1  79.5069
8499.14  75.9187
8500.18  78.3588
8501.22  86.0288
8502.26  79.1693
8503.3  116.656
8504.34  250.251
8505.38  200.127
8506.42  107.186
8507.46  90.5216
8508.5  76.5277
8509.54  71.0459
8510.58  94.0838
8511.62  106.718
8512.66  102.504
8513.7  96.2402
8514.74  92.0339
8515.78  95.0502
8516.82  96.4374
8517.86  96.4213
8518.9  92.3398
8519.94  89.1937
8520.98  87.645
8522.02  91.1575
8523.06  93.2529
8524.1  92.1121
8525.14  93.2039
8526.18  96.602
8527.22  105.61
8528.26  102.986
8529.3  96.5271
8530.34  97.7324
8531.38  100.004
8532.42  102.322
8533.46  101.59
8534.5  97.7503
8535.54  89.6608
8536.58  86.7792
8537.62  87.9859
8538.66  96.2305
8539.7  96.3167
8540.74  92.3902
8541.78  90.3466
8542.82  93.9884
8543.86  102.052
8544.9  93.8364
8545.94  84.4646
8546.98  79.3906
8548.02  76.8475
8549.06  77.9961
8550.1  86.2635
8551.14  88.1522
8552.18  86.8635
8553.22  93.3544
8554.26  93.0171
8555.3  83.9666
8556.34  94.2444
8557.38  104.845
8558.42  105.435
8559.46  105.554
8560.5  104.068
8561.54  100.485
8562.58  95.0905
8563.62  89.689
8564.66  92.8864
8565.7  95.7655
8566.74  96.1839
8567.78  95.8587
8568.82  94.7711
8569.86  92.2679
8570.9  92.7539
8571.94  93.7324
8572.98  89.6346
8574.02  88.6786
8575.06  90.7604
8576.1  89.3483
8577.14  89.0805
8578.18  91.4924
8579.22  93.8542
8580.26  95.3821
8581.3  94.4706
8582.34  92.6902
8583.38  90.2766
8584.42  87.0361
8585.46  88.3829
8586.5  94.2707
8587.54  94.0128
8588.58  92.9852
8589.62  92.8824
8590.66  95.5258
8591.7  99.0871
8592.74  103.687
8593.78  99.3933
8594.82  90.469
8595.86  92.2923
8596.9  88.2321
8597.94  76.0054
8598.98  78.4977
8600.02  85.6013
8601.06  95.9327
8602.1  92.4366
8603.14  84.9769
8604.18  85.1275
8605.22  87.0162
8606.26  90.0486
8607.3  92.0382
8608.34  91.6155
8609.38  88.0703
8610.42  88.2229
8611.46  89.4385
8612.5  91.0767
8613.54  89.9729
8614.58  89.3161
8615.62  97.9133
8616.66  97.3749
8617.7  89.4471
8618.74  99.3223
8619.78  106.255
8620.82  104.209
8621.86  83.1007
8622.9  65.6184
8623.94  77.6914
8624.98  95.4152
8626.02  110.74
8627.06  93.9929
8628.1  77.8804
8629.14  67.1224
8630.18  63.9289
8631.22  62.2591
8632.26  59.5842
8633.3  52.4939
8634.34  49.7397
8635.38  65.4012
8636.42  81.2298
8637.46  92.9802
8638.5  81.2073
8639.54  72.768
8640.58  72.8995
8641.62  65.6286
8642.66  58.8049
8643.7  56.0486
8644.74  58.6239
8645.78  62.997
8646.82  64.0712
8647.86  64.545
8648.9  63.4775
8649.94  51.7229
8650.98  52.6611
8652.02  74.841
8653.06  77.1022
8654.1  72.4909
8655.14  65.5747
8656.18  57.5122
8657.22  53.0578
8658.26  68.1993
8659.3  72.3682
8660.34  64.9476
8661.38  60.5066
8662.42  68.2925
8663.46  97.7319
8664.5  92.1124
8665.54  77.5095
8666.58  72.5736
8667.62  67.4173
8668.66  62.3827
8669.7  55.8677
8670.74  57.9919
8671.78  69.3431
8672.82  75.1924
8673.86  75.3658
8674.9  64.5013
8675.94  74.3649
8676.98  89.4631
8678.02  97.9755
8679.06  88.7702
8680.1  71.3501
8681.14  85.442
8682.18  95.7079
8683.22  95.2977
8684.26  94.14
8685.3  91.2152
8686.34  83.844
8687.38  91.1844
8688.42  102.821
8689.46  106.386
8690.5  100.218
8691.54  87.8695
8692.58  93.0421
8693.62  95.1502
8694.66  87.582
8695.7  98.3942
8696.74  106.924
8697.78  92.792
8698.82  94.5035
8699.86  102.139
8700.9  101.043
8701.94  98.8147
8702.98  96.1388
8704.02  95.1497
8705.06  95.6392
8706.1  98.1493
8707.14  95.5806
8708.18  92.9808
8709.22  94.7104
8710.26  99.4606
8711.3  103.711
8712.34  92.935
8713.38  90.7515
8714.42  99.536
8715.46  92.7315
8716.5  88.713
8717.54  98.2401
8718.58  96.3101
8719.62  90.8651
8720.66  84.8293
8721.7  91.1874
8722.74  104.016
8723.78  96.8692
8724.82  93.8811
8725.86  100.057
8726.9  99.9723
8727.94  100.359
8728.98  106.151
8730.02  105.718
8731.06  102.663
8732.1  100.102
8733.14  98.852
8734.18  98.6349
8735.22  97.7074
8736.26  92.0072
8737.3  78.9327
8738.34  85.4803
8739.38  93.9623
8740.42  89.23
8741.46  91.3457
8742.5  96.4834
8743.54  98.729
8744.58  102.593
8745.62  106.95
8746.66  94.939
8747.7  89.3855
8748.74  102.799
8749.78  98.766
8750.82  92.208
8751.86  94.4656
8752.9  100.083
8753.94  105.741
8754.98  98.994
8756.02  94.7622
8757.06  94.8434
8758.1  82.2174
8759.14  72.577
8760.18  71.8387
8761.22  100.108
8762.26  124.929
8763.3  87.2743
8764.34  88.6665
8765.38  112.104
8766.42  67.7596
8767.46  56.0191
8768.5  100.896
8769.54  96.395
8770.58  96.3734
8771.62  145.163
8772.66  132.407
8773.7  95.5606
8774.74  76.7554
8775.78  75.5878
8776.82  87.2656
8777.86  73.3527
8778.9  73.8268
8779.94  104.984
8780.98  90.0443
8782.02  71.8496
8783.06  85.667
8784.1  92.7623
8785.14  94.9328
8786.18  88.2245
8787.22  83.9653
8788.26  83.2551
8789.3  81.9908
8790.34  79.1581
8791.38  73.0248
8792.42  75.7209
8793.46  82.2741
8794.5  91.494
8795.54  91.8543
8796.58  86.3802
8797.62  83.484
8798.66  79.5324
8799.7  74.7321
8800.74  87.8873
8801.78  96.4733
8802.82  84.76
8803.86  78.4459
8804.9  76.3235
8805.94  84.5598
8806.98  91.8385
8808.02  96.4568
8809.06  91.648
8810.1  85.2848
8811.14  79.1583
8812.18  92.8087
8813.22000000001  104.592
8814.26  98.1211
8815.3  87.5311
8816.34  76.2958
8817.38  74.2238
8818.42  77.4908
8819.46  84.6073
8820.5  87.7368
8821.54  85.9351
8822.58  77.3168
8823.62  75.2248
8824.66  79.0878
8825.7  95.2046
8826.74  97.3261
8827.78  91.4949
8828.82  87.2436
8829.86  85.0351
8830.9  84.5355
8831.94  76.3608
8832.98  74.4432
8834.02  88.4339
8835.06  88.762
8836.1  81.0279
8837.14  60.1554
8838.18  63.8818
8839.22  83.1355
8840.26  92.4876
8841.3  97.1919
8842.34  96.9182
8843.38  82.9018
8844.42  70.8565
8845.46  71.7482
8846.5  73.3674
8847.54  78.8353
8848.58  95.3077
8849.62  97.0143
8850.66  86.2244
8851.7  75.439
8852.74  68.5322
8853.78  67.4775
8854.82  64.9791
8855.86  64.5518
8856.9  68.5546
8857.94  73.7958
8858.98  78.6659
8860.02  76.9274
8861.06  83.5093
8862.1  95.155
8863.14  76.1799
8864.18  67.6333
8865.22  86.4255
8866.26  92.7661
8867.3  90.4029
8868.34  69.9127
8869.38  72.1659
8870.42  83.9354
8871.46  76.7298
8872.5  63.2676
8873.54  46.9281
8874.58  56.5747
8875.62  68.0192
8876.66  69.55
8877.7  78.8559
8878.74  86.0288
8879.78  78.4454
8880.82  71.7851
8881.86  67.6063
8882.9  77.7873
8883.94  67.623
8884.98  30.9958
8886.02  37.6203
8887.06  47.6595
8888.1  45.1181
8889.14  5.15505
8890.18  -28.3042
8891.22  30.6701
8892.26  53.4225
8893.3  42.4665
8894.34  24.3875
8895.38  22.5526
8896.42  48.1509
8897.46  27.5885
8898.5  5.09002
