3753.62  -196.914
3754.66  228.076
3755.7  -16.5357
3756.74  43.4009
3757.78  117.737
3758.82  34.3801
3759.86  64.4775
3760.9  77.1962
3761.94  207.044
3762.98  -14.081
3764.02  177.759
3765.06  184.856
3766.1  98.1257
3767.14  86.4479
3768.18  98.3128
3769.22  142.116
3770.26  31.2138
3771.3  330.344
3772.34  -173.461
3773.38  264.03
3774.42  75.3725
3775.46  166.898
3776.5  -66.9394
3777.54  22.6074
3778.58  -103.893
3779.62  485.547
3780.66  267.397
3781.7  203.984
3782.74  368.159
3783.78  600.777
3784.82  -117.862
3785.86  181.586
3786.9  119.585
3787.94  4.93097
3788.98  267.844
3790.02  307.441
3791.06  315.241
3792.1  309.409
3793.14  34.2951
3794.18  116.18
3795.22  112.896
3796.26  -113.116
3797.3  81.7312
3798.34  229.916
3799.38  157.191
3800.42  352.095
3801.46  277.943
3802.5  38.9926
3803.54  161.716
3804.58  -134.428
3805.62  -156.214
3806.66  -68.031
3807.7  18.5575
3808.74  96.2241
3809.78  108.685
3810.82  100.364
3811.86  12.0419
3812.9  186.057
3813.94  367.813
3814.98  188.255
3816.02  214.976
3817.06  222.76
3818.1  69.8516
3819.14  156.771
3820.18  137.134
3821.22  151.305
3822.26  258.63
3823.3  234.196
3824.34  78.7474
3825.38  37.6253
3826.42  70.4252
3827.46  17.5758
3828.5  73.2067
3829.54  153.94
3830.58  32.7465
3831.62  43.6535
3832.66  189.213
3833.7  264.696
3834.74  77.3711
3835.78  68.3952
3836.82  115.495
3837.86  82.4165
3838.9  2.86718
3839.94  125.354
3840.98  227.602
3842.02  215.889
3843.06  8.12353
3844.1  15.4912
3845.14  154.336
3846.18  135.541
3847.22  43.6774
3848.26  136.382
3849.3  212.384
3850.34  119.059
3851.38  308.74
3852.42  217.626
3853.46  160.443
3854.5  5.02872
3855.54  116.412
3856.58  -29.06
3857.62  221.399
3858.66  12.7801
3859.7  26.8999
3860.74  50.1364
3861.78  195.263
3862.82  250.396
3863.86  111.528
3864.9  126.469
3865.94  97.1528
3866.98  185.972
3868.02  38.7107
3869.06  138.043
3870.1  126.767
3871.14  104.012
3872.18  40.662
3873.22  109.096
3874.26  161.082
3875.3  115.006
3876.34  354.507
3877.38  23.8874
3878.42  107.937
3879.46  -72.8638
3880.5  -5.35323
3881.54  133.916
3882.58  331.288
3883.62  42.9281
3884.66  218.262
3885.7  178.299
3886.74  4.18509
3887.78  259.9
3888.82  152.609
3889.86  21.4186
3890.9  140.88
3891.94  84.527
3892.98  245.376
3894.02  202.121
3895.06  122.653
3896.1  139.083
3897.14  47.7294
3898.18  49.3818
3899.22  150.119
3900.26  190.51
3901.3  174.908
3902.34  192.052
3903.38  62.7089
3904.42  7.53564
3905.46  63.4615
3906.5  183.004
3907.54  152.304
3908.58  6.95943
3909.62  193.911
3910.66  198.08
3911.7  103.41
3912.74  70.8013
3913.78  156.837
3914.82  307.072
3915.86  293.036
3916.9  139.755
3917.94  159.423
3918.98  170.902
3920.02  48.1342
3921.06  94.2159
3922.1  96.8365
3923.14  -30.632
3924.18  77.6059
3925.22  248.655
3926.26  133.694
3927.3  33.4038
3928.34  131.497
3929.38  74.5475
3930.42  71.8116
3931.46  69.135
3932.5  75.2798
3933.54  166.336
3934.58  69.8524
3935.62  106.227
3936.66  83.4046
3937.7  205.882
3938.74  30.344
3939.78  -17.2683
3940.82  20.4889
3941.86  84.9594
3942.9  76.8117
3943.94  106.022
3944.98  50.3744
3946.02  83.5179
3947.06  28.0094
3948.1  60.4598
3949.14  88.2971
3950.18  49.7329
3951.22  61.2377
3952.26  48.0487
3953.3  197.089
3954.34  179.78
3955.38  32.0714
3956.42  287.293
3957.46  104.054
3958.5  163.698
3959.54  50.7244
3960.58  8.39602
3961.62  87.9323
3962.66  8.88326
3963.7  53.5268
3964.74  128.485
3965.78  -60.0693
3966.82  124.429
3967.86  124.289
3968.9  78.1129
3969.94  133.012
3970.98  102.247
3972.02  97.0892
3973.06  156.408
3974.1  90.1096
3975.14  106.075
3976.18  -3.49018
3977.22  71.2048
3978.26  93.0031
3979.3  155.493
3980.34  45.4135
3981.38  129.028
3982.42  166.068
3983.46  80.4287
3984.5  221.759
3985.54  141.332
3986.58  53.0348
3987.62  131.922
3988.66  170.803
3989.7  138.258
3990.74  114.274
3991.78  209.019
3992.82  206.044
3993.86  130.738
3994.9  234.526
3995.94  86.6583
3996.98  150.535
3998.02  240.62
3999.06  87.654
4000.1  78.4129
4001.14  136.582
4002.18  68.1442
4003.22  4.14536
4004.26  38.136
4005.3  63.0234
4006.34  152.235
4007.38  166.422
4008.42  107.48
4009.46  79.6376
4010.5  121.791
4011.54  125.277
4012.58  117.98
4013.62  65.1879
4014.66  64.8539
4015.7  59.8468
4016.74  132.725
4017.78  157.528
4018.82  106.005
4019.86  89.582
4020.9  72.5106
4021.94  68.9672
4022.98  196.706
4024.02  205.836
4025.06  120.558
4026.1  161.778
4027.14  162.014
4028.18  155.16
4029.22  157.165
4030.26  113.9
4031.3  116.41
4032.34  189.883
4033.38  149.772
4034.42  134.674
4035.46  109.108
4036.5  96.0342
4037.54  135.375
4038.58  99.1673
4039.62  92.8094
4040.66  117.315
4041.7  203.508
4042.74  64.1024
4043.78  -1.10934
4044.82  73.2365
4045.86  68.865
4046.9  146.493
4047.94  165.394
4048.98  174.548
4050.02  90.9291
4051.06  116.904
4052.1  127.751
4053.14  157.827
4054.18  210.777
4055.22  125.491
4056.26  91.6674
4057.3  144.048
4058.34  25.7051
4059.38  13.2278
4060.42  186.407
4061.46  94.6899
4062.5  67.1001
4063.54  150.327
4064.58  198.032
4065.62  69.2335
4066.66  91.3757
4067.7  167.009
4068.74  196.095
4069.78  147.351
4070.82  131.568
4071.86  194.112
4072.9  217.673
4073.94  103.532
4074.98  273.478
4076.02  117.672
4077.06  69.1853
4078.1  297.379
4079.14  255.583
4080.18  276.072
4081.22  186.812
4082.26  173.432
4083.3  127.563
4084.34  244.703
4085.38  238.827
4086.42  57.8839
4087.46  168.691
4088.5  117.076
4089.54  83.2816
4090.58  155.535
4091.62  189.202
4092.66  216.314
4093.7  142.749
4094.74  142.685
4095.78  197.688
4096.82  169.812
4097.86  141.145
4098.9  115.362
4099.94  137.03
4100.98  109.027
4102.02  89.7985
4103.06  84.7755
4104.1  57.1607
4105.14  126.513
4106.18  181.172
4107.22  143.986
4108.26  85.8054
4109.3  136.311
4110.34  148.77
4111.38  172.169
4112.42  130.562
4113.46  96.0576
4114.5  129.151
4115.54  129.25
4116.58  138.3
4117.62  188.904
4118.66  146.791
4119.7  108.635
4120.74  157.24
4121.78  146.822
4122.82  129.093
4123.86  177.08
4124.9  230.726
4125.94  192.511
4126.98  109.656
4128.02  85.7774
4129.06  53.5724
4130.1  52.289
4131.14  70.9659
4132.18  151.597
4133.22  148.91
4134.26  121.621
4135.3  130.814
4136.34  231.754
4137.38  187.234
4138.42  140.059
4139.46  142.246
4140.5  146.691
4141.54  146.961
4142.58  124.766
4143.62  110.873
4144.66  91.9661
4145.7  95.8476
4146.74  106.068
4147.78  154.23
4148.82  214.418
4149.86  396.03
4150.9  458.359
4151.94  564.915
4152.98  586.53
4154.02  517.935
4155.06  473.682
4156.1  409.759
4157.14  201.659
4158.18  196.934
4159.22  121.962
4160.26  73.8403
4161.3  6.2738
4162.34  105.178
4163.38  166.704
4164.42  142.433
4165.46  118.144
4166.5  177.253
4167.54  141.878
4168.58  219.42
4169.62  103.12
4170.66  185.022
4171.7  158.136
4172.74  139.751
4173.78  47.1721
4174.82  76.2812
4175.86  90.1545
4176.9  105.564
4177.94  90.538
4178.98  101.068
4180.02  120.792
4181.06  189.539
4182.1  43.7141
4183.14  180.604
4184.18  187.756
4185.22  228.256
4186.26  129.503
4187.3  170.4
4188.34  220.048
4189.38  174.219
4190.42  199.907
4191.46  136.758
4192.5  191.019
4193.54  93.1231
4194.58  102.449
4195.62  175.931
4196.66  172.13
4197.7  50.0787
4198.74  66.218
4199.78  109.863
4200.82  97.5334
4201.86  138.932
4202.9  227.758
4203.94  134.579
4204.98  120.666
4206.02  135.898
4207.06  103.288
4208.1  188.301
4209.14  217.659
4210.18  238.113
4211.22  172.851
4212.26  203.876
4213.3  225.653
4214.34  156.199
4215.38  151.917
4216.42  122.851
4217.46  208.426
4218.5  189.043
4219.54  169.498
4220.58  220.048
4221.62  209.302
4222.66  169.51
4223.7  147.398
4224.74  150.348
4225.78  174.664
4226.82  212.269
4227.86  141.973
4228.9  144.089
4229.94  156.297
4230.98  173.661
4232.02  148.735
4233.06  128.111
4234.1  126.098
4235.14  143.54
4236.18  143.036
4237.22  214.174
4238.26  244.36
4239.3  203.399
4240.34  198.819
4241.38  135.725
4242.42  129.055
4243.46  239.085
4244.5  194.837
4245.54  134.314
4246.58  157.12
4247.62  218.787
4248.66  163.517
4249.7  171.213
4250.74  180.377
4251.78  161.39
4252.82  160.119
4253.86  147.797
4254.9  233.875
4255.94  218.694
4256.98  208.991
4258.02  148.914
4259.06  138.748
4260.1  116.928
4261.14  224.438
4262.18  280.065
4263.22  176.081
4264.26  83.7821
4265.3  100.836
4266.34  151.255
4267.38  121.219
4268.42  135.703
4269.46  104.89
4270.5  66.5519
4271.54  134.307
4272.58  101.886
4273.62  105.698
4274.66  118.207
4275.7  169.489
4276.74  132.762
4277.78  87.8972
4278.82  118.115
4279.86  139.378
4280.9  185.429
4281.94  169.075
4282.98  228.522
4284.02  167.376
4285.06  142.696
4286.1  153.986
4287.14  217.289
4288.18  206.806
4289.22  179.721
4290.26  140.84
4291.3  132.091
4292.34  191.975
4293.38  215.762
4294.42  209.587
4295.46  170.335
4296.5  159.584
4297.54  185.802
4298.58  175.524
4299.62  89.3751
4300.66  161.013
4301.7  185.282
4302.74  141.127
4303.78  188.273
4304.82  188.142
4305.86  135.743
4306.9  170.306
4307.94  217.464
4308.98  222.041
4310.02  224.728
4311.06  195.685
4312.1  177.58
4313.14  254.3
4314.18  173.157
4315.22  203.125
4316.26  196.252
4317.3  218.69
4318.34  213.327
4319.38  149.277
4320.42  175.238
4321.46  230.471
4322.5  138.648
4323.54  121.524
4324.58  112.721
4325.62  128.632
4326.66  126.691
4327.7  111.44
4328.74  123.342
4329.78  52.7576
4330.82  112.679
4331.86  205.012
4332.9  163.573
4333.94  137.308
4334.98  170.886
4336.02  126.366
4337.06  136.827
4338.1  138.016
4339.14  86.2884
4340.18  126.251
4341.22  135.713
4342.26  130.383
4343.3  146.467
4344.34  144.193
4345.38  211.395
4346.42  181.842
4347.46  146.141
4348.5  159.416
4349.54  185.912
4350.58  175.368
4351.62  163.283
4352.66  174.962
4353.7  156.119
4354.74  157.608
4355.78  185.782
4356.82  207.001
4357.86  242.598
4358.9  239.423
4359.94  184.965
4360.98  175.241
4362.02  139.227
4363.06  141.975
4364.1  175.139
4365.14  148.903
4366.18  161.257
4367.22  161.184
4368.26  198.003
4369.3  152.018
4370.34  216.34
4371.38  164.537
4372.42  192.982
4373.46  165.499
4374.5  110.437
4375.54  192.969
4376.58  139.036
4377.62  133.726
4378.66  169.51
4379.7  135.974
4380.74  103.095
4381.78  134.918
4382.82  52.4917
4383.86  91.2234
4384.9  164.55
4385.94  145.775
4386.98  112.089
4388.02  120.226
4389.06  125.612
4390.1  138.87
4391.14  175.987
4392.18  228.454
4393.22  196.862
4394.26  177.586
4395.3  128.896
4396.34  66.7051
4397.38  121.396
4398.42  225.303
4399.46  114.424
4400.5  133.846
4401.54  136.638
4402.58  190.192
4403.62  180.904
4404.66  176.342
4405.7  141.48
4406.74  209.261
4407.78  196.82
4408.82  202.474
4409.86  113.324
4410.9  189.702
4411.94  128.995
4412.98  112.223
4414.02  178.14
4415.06  189.777
4416.1  137.382
4417.14  120.284
4418.18  155.051
4419.22  102.525
4420.26  127.928
4421.3  74.1992
4422.34  26.8496
4423.38  97.1854
4424.42  148.98
4425.46  121.276
4426.5  111.59
4427.54  140.871
4428.58  147.332
4429.62  225.519
4430.66  163.57
4431.7  178.526
4432.74  190.355
4433.78  136.184
4434.82  148.697
4435.86  127.865
4436.9  184.653
4437.94  179.985
4438.98  165.977
4440.02  183.363
4441.06  182.756
4442.1  242.288
4443.14  239.878
4444.18  219.021
4445.22  160.162
4446.26  234.887
4447.3  205.714
4448.34  192.448
4449.38  235.484
4450.42  205.89
4451.46  243.028
4452.5  242.961
4453.54  189.377
4454.58  195.946
4455.62  197.966
4456.66  201.935
4457.7  172.985
4458.74  203.575
4459.78  207.067
4460.82  137.721
4461.86  154.912
4462.9  138.858
4463.94  156.461
4464.98  198.392
4466.02  194.835
4467.06  229.619
4468.1  231.421
4469.14  173.056
4470.18  143.401
4471.22  177.786
4472.26  174.117
4473.3  201.562
4474.34  220.559
4475.38  214.166
4476.42  188.991
4477.46  271.604
4478.5  286.096
4479.54  160.488
4480.58  179.375
4481.62  261.852
4482.66  216.687
4483.7  194.547
4484.74  263.985
4485.78  241.297
4486.82  198.976
4487.86  167.706
4488.9  238.532
4489.94  227.742
4490.98  212.59
4492.02  281.93
4493.06  219.858
4494.1  205.612
4495.14  195.284
4496.18  223.795
4497.22  248.166
4498.26  183.847
4499.3  245.328
4500.34  220.696
4501.38  230.705
4502.42  225.278
4503.46  239.613
4504.5  193.578
4505.54  181.368
4506.58  198.563
4507.62  247.164
4508.66  186.998
4509.7  192.592
4510.74  231.023
4511.78  195.224
4512.82  241.714
4513.86  234.102
4514.9  195.796
4515.94  238.277
4516.98  280.943
4518.02  160.379
4519.06  210.223
4520.1  238.858
4521.14  237.663
4522.18  194.123
4523.22  186.752
4524.26  180.112
4525.3  161.297
4526.34  198.495
4527.38  192.303
4528.42  267.311
4529.46  199.963
4530.5  181.492
4531.54  255.225
4532.58  145.454
4533.62  199.272
4534.66  215.588
4535.7  221.417
4536.74  246.23
4537.78  257.044
4538.82  219.054
4539.86  164.659
4540.9  170.161
4541.94  183.573
4542.98  181.54
4544.02  232.429
4545.06  193.595
4546.1  166.432
4547.14  208.005
4548.18  219.185
4549.22  211.515
4550.26  234.224
4551.3  241.82
4552.34  182.077
4553.38  158.751
4554.42  183.251
4555.46  231.316
4556.5  206.733
4557.54  189.908
4558.58  221.157
4559.62  211.214
4560.66  207.348
4561.7  178.967
4562.74  138.881
4563.78  138.98
4564.82  161.115
4565.86  160.888
4566.9  140.482
4567.94  113.621
4568.98  175.914
4570.02  188.961
4571.06  222.164
4572.1  204.667
4573.14  146.876
4574.18  137.454
4575.22  189.435
4576.26  174.881
4577.3  203.941
4578.34  218.777
4579.38  176.076
4580.42  137.339
4581.46  210.818
4582.5  160.46
4583.54  231.947
4584.58  227.983
4585.62  267.118
4586.66  260.775
4587.7  170.244
4588.74  196.008
4589.78  190.797
4590.82  178.347
4591.86  190.775
4592.9  221.032
4593.94  188.104
4594.98  226.603
4596.02  268.264
4597.06  213.002
4598.1  162.308
4599.14  210.645
4600.18  217.133
4601.22  173.625
4602.26  175.998
4603.3  212.195
4604.34  125.081
4605.38  196.204
4606.42  185.098
4607.46  214.396
4608.5  192.168
4609.54  237.103
4610.58  257.088
4611.62  214.306
4612.66  202.235
4613.7  223.644
4614.74  173.688
4615.78  198.633
4616.82  218.68
4617.86  174.615
4618.9  200.385
4619.94  235.307
4620.98  202.481
4622.02  195.837
4623.06  194.948
4624.1  187.504
4625.14  192.696
4626.18  202.458
4627.22  187.854
4628.26  176.484
4629.3  145.5
4630.34  220.191
4631.38  219.463
4632.42  184.279
4633.46  206.865
4634.5  224.883
4635.54  183.291
4636.58  204.993
4637.62  227.407
4638.66  178.98
4639.7  204.436
4640.74  191.014
4641.78  247.711
4642.82  195.426
4643.86  185.329
4644.9  234.247
4645.94  245.738
4646.98  197.3
4648.02  178.916
4649.06  168.006
4650.1  164.464
4651.14  144.561
4652.18  173.719
4653.22  175.399
4654.26  180.987
4655.3  204.412
4656.34  222.522
4657.38  236.751
4658.42  208.01
4659.46  210.185
4660.5  209.656
4661.54  236.432
4662.58  187.672
4663.62  168.922
4664.66  218.1
4665.7  237.589
4666.74  227.068
4667.78  189.845
4668.82  187.302
4669.86  217.745
4670.9  242.924
4671.94  235.404
4672.98  195.108
4674.02  221.342
4675.06  218.86
4676.1  200.554
4677.14  207.149
4678.18  201.305
4679.22  158.713
4680.26  192.351
4681.3  191.179
4682.34  192.727
4683.38  199.552
4684.42  223.772
4685.46  178.464
4686.5  197.349
4687.54  163.389
4688.58  160.823
4689.62  217.276
4690.66  188.589
4691.7  195.916
4692.74  197.373
4693.78  193.308
4694.82  186.512
4695.86  208.131
4696.9  198.563
4697.94  156.574
4698.98  192.729
4700.02  164.981
4701.06  212.987
4702.1  232.482
4703.14  219.544
4704.18  217.366
4705.22  157.317
4706.26  230.155
4707.3  181.3
4708.34  189.942
4709.38  168.506
4710.42  144.382
4711.46  163.25
4712.5  182.462
4713.54  160.905
4714.58  214.707
4715.62  239.986
4716.66  226.603
4717.7  225.411
4718.74  198.039
4719.78  209.071
4720.82  240.542
4721.86  239.889
4722.9  199.479
4723.94  231.969
4724.98  210.142
4726.02  219.427
4727.06  201.668
4728.1  214.592
4729.14  224.186
4730.18  210.741
4731.22  194.003
4732.26  215.186
4733.3  248.505
4734.34  186.904
4735.38  193.107
4736.42  229.205
4737.46  238.579
4738.5  195.722
4739.54  196.39
4740.58  191.65
4741.62  193.528
4742.66  200.561
4743.7  222.75
4744.74  205.4
4745.78  176.344
4746.82  211.046
4747.86  201.359
4748.9  202.485
4749.94  183.762
4750.98  189.89
4752.02  209.793
4753.06  213.28
4754.1  209.123
4755.14  206.884
4756.18  219.454
4757.22  223.071
4758.26  214.687
4759.3  193.122
4760.34  194.25
4761.38  157.959
4762.42  158.951
4763.46  218.07
4764.5  193.591
4765.54  187.743
4766.58  164.841
4767.62  181.364
4768.66  248.576
4769.7  234.258
4770.74  174.78
4771.78  173.564
4772.82  220.467
4773.86  212.743
4774.9  194.48
4775.94  234.433
4776.98  184.078
4778.02  166.169
4779.06  191.232
4780.1  188.927
4781.14  163.562
4782.18  195.463
4783.22  175.714
4784.26  180.939
4785.3  227.591
4786.34  185.144
4787.38  166.549
4788.42  155.73
4789.46  207.503
4790.5  200.112
4791.54  175.737
4792.58  168.112
4793.62  149.477
4794.66  176.296
4795.7  150.611
4796.74  152.943
4797.78  143.288
4798.82  180.285
4799.86  156.677
4800.9  179.173
4801.94  199.054
4802.98  228.888
4804.02  232.951
4805.06  202.97
4806.1  226.387
4807.14  208.221
4808.18  188.569
4809.22  165.001
4810.26  185.694
4811.3  216.643
4812.34  202.736
4813.38  171.876
4814.42  200.542
4815.46  184.283
4816.5  171.699
4817.54  181.163
4818.58  174.323
4819.62  167.483
4820.66  162.508
4821.7  155.099
4822.74  198.751
4823.78  205.763
4824.82  189.213
4825.86  198.389
4826.9  187.782
4827.94  172.876
4828.98  150.414
4830.02  157.407
4831.06  205.828
4832.1  257.049
4833.14  252.989
4834.18  211.845
4835.22  176.386
4836.26  157.872
4837.3  196.382
4838.34  173.631
4839.38  176.556
4840.42  180.337
4841.46  183.655
4842.5  207.657
4843.54  218.016
4844.58  180.791
4845.62  162.424
4846.66  199.473
4847.7  199.77
4848.74  171.969
4849.78  182.669
4850.82  191.433
4851.86  193.898
4852.9  162.419
4853.94  134.668
4854.98  183.675
4856.02  193.865
4857.06  217.402
4858.1  205.863
4859.14  228.791
4860.18  172.575
4861.22  197.127
4862.26  222.217
4863.3  183.358
4864.34  188.799
4865.38  180.639
4866.42  238.013
4867.46  212.091
4868.5  139.103
4869.54  194.02
4870.58  144.551
4871.62  170.746
4872.66  176.302
4873.7  173.514
4874.74  198.148
4875.78  195.185
4876.82  196.436
4877.86  252.67
4878.9  191.759
4879.94  205.782
4880.98  159.426
4882.02  185.51
4883.06  183.753
4884.1  189.328
4885.14  164.497
4886.18  218.49
4887.22  177.832
4888.26  184.629
4889.3  172.62
4890.34  149.63
4891.38  215.594
4892.42  198.248
4893.46  180.744
4894.5  219.91
4895.54  200.555
4896.58  182.474
4897.62  163.033
4898.66  182.911
4899.7  213.872
4900.74  251.034
4901.78  242.013
4902.82  197.716
4903.86  151.938
4904.9  174.677
4905.94  182.974
4906.98  212.871
4908.02  193.831
4909.06  176.033
4910.1  205.306
4911.14  215.249
4912.18  212.73
4913.22  186.675
4914.26  190.398
4915.3  202.829
4916.34  208.428
4917.38  203.65
4918.42  184.671
4919.46  188.834
4920.5  167.464
4921.54  170.642
4922.58  223.153
4923.62  213.896
4924.66  209.485
4925.7  207.517
4926.74  197.128
4927.78  219.664
4928.82  194.137
4929.86  168.099
4930.9  182.907
4931.94  186.905
4932.98  171.177
4934.02  184.295
4935.06  212.911
4936.1  244.063
4937.14  163.845
4938.18  183.872
4939.22  200.506
4940.26  195.899
4941.3  182.595
4942.34  197.23
4943.38  197.634
4944.42  217.699
4945.46  198.837
4946.5  150.044
4947.54  165.484
4948.58  255.599
4949.62  230.034
4950.66  229.46
4951.7  199.045
4952.74  211.26
4953.78  188.539
4954.82  192.513
4955.86  223.309
4956.9  203.705
4957.94  277.384
4958.98  195.973
4960.02  216.832
4961.06  254.517
4962.1  192.864
4963.14  228.065
4964.18  192.177
4965.22  205.135
4966.26  207.865
4967.3  216.812
4968.34  219.283
4969.38  180.768
4970.42  195.353
4971.46  222.34
4972.5  203.605
4973.54  213.985
4974.58  222.453
4975.62  198.305
4976.66  209.296
4977.7  186.773
4978.74  153.377
4979.78  195.791
4980.82  231.802
4981.86  211.11
4982.9  222.649
4983.94  215.276
4984.98  227.438
4986.02  234.936
4987.06  186.07
4988.1  184.023
4989.14  198.063
4990.18  170.283
4991.22  181.779
4992.26  194.178
4993.3  176.953
4994.34  216.431
4995.38  239.003
4996.42  188.19
4997.46  184.677
4998.5  203.889
4999.54  219.273
5000.58  208.87
5001.62  230.783
5002.66  228.481
5003.7  220.015
5004.74  199.011
5005.78  197.544
5006.82  204.647
5007.86  223.589
5008.9  182.573
5009.94  227.843
5010.98  238.961
5012.02  190.299
5013.06  201.618
5014.1  177.571
5015.14  218.366
5016.18  229.634
5017.22  221.917
5018.26  205.662
5019.3  201.924
5020.34  175.413
5021.38  230.633
5022.42  238.202
5023.46  210.606
5024.5  221.79
5025.54  241.996
5026.58  206.564
5027.62  193.359
5028.66  238.067
5029.7  222.428
5030.74  234.972
5031.78  222.138
5032.82  236.778
5033.86  234.914
5034.9  174.323
5035.94  181.434
5036.98  204.485
5038.02  233.137
5039.06  225.492
5040.1  211.571
5041.14  228.081
5042.18  170.867
5043.22  189.964
5044.26  190.817
5045.3  194.804
5046.34  206.903
5047.38  224.707
5048.42  215.984
5049.46  175.587
5050.5  175.268
5051.54  194.282
5052.58  200.268
5053.62  197.937
5054.66  220.212
5055.7  213.736
5056.74  200.771
5057.78  208.925
5058.82  198.485
5059.86  217.184
5060.9  213.13
5061.94  205.841
5062.98  209.205
5064.02  199.472
5065.06  197.805
5066.1  162.996
5067.14  177.446
5068.18  196.231
5069.22  198.087
5070.26  208.048
5071.3  179.959
5072.34  182.019
5073.38  197.353
5074.42  190.784
5075.46  205.203
5076.5  228.503
5077.54  237.235
5078.58  222.522
5079.62  224.921
5080.66  211.142
5081.7  229.268
5082.74  202.672
5083.78  205.764
5084.82  173.83
5085.86  231.11
5086.9  196.702
5087.94  283.042
5088.98  222.073
5090.02  242.386
5091.06  209.134
5092.1  228.252
5093.14  201.718
5094.18  220.847
5095.22  199.213
5096.26  214.561
5097.3  241.131
5098.34  248.363
5099.38  210.204
5100.42  173.529
5101.46  233.35
5102.5  223.148
5103.54  202.865
5104.58  183.798
5105.62  174.291
5106.66  207.998
5107.7  195.461
5108.74  202.534
5109.78  222.651
5110.82  212.02
5111.86  229.979
5112.9  236.085
5113.94  214.797
5114.98  231.997
5116.02  210.903
5117.06  220.261
5118.1  202.15
5119.14  198.07
5120.18  229.291
5121.22  189.082
5122.26  184.193
5123.3  224.317
5124.34  240.71
5125.38  200.572
5126.42  193.318
5127.46  190.627
5128.5  211.589
5129.54  207.202
5130.58  202.975
5131.62  238.276
5132.66  216.403
5133.7  190.818
5134.74  196.583
5135.78  196.353
5136.82  217.431
5137.86  207.634
5138.9  206.39
5139.94  261.641
5140.98  268.769
5142.02  256.34
5143.06  244.92
5144.1  226.144
5145.14  221.871
5146.18  239.261
5147.22  232.412
5148.26  229.631
5149.3  235.7
5150.34  234.698
5151.38  180.936
5152.42  200.7
5153.46  221.59
5154.5  269.128
5155.54  170.95
5156.58  228.187
5157.62  241.508
5158.66  221.037
5159.7  224.223
5160.74  226.329
5161.78  204.199
5162.82  225.312
5163.86  201.021
5164.9  217.282
5165.94  201.477
5166.98  211.794
5168.02  219.68
5169.06  210.811
5170.1  218.004
5171.14  230.659
5172.18  230.054
5173.22  223.399
5174.26  209.327
5175.3  217.474
5176.34  189.07
5177.38  226.613
5178.42  224.282
5179.46  164.335
5180.5  201.602
5181.54  224.772
5182.58  215.242
5183.62  208.142
5184.66  204.531
5185.7  183.007
5186.74  191.741
5187.78  234.448
5188.82  234.307
5189.86  208.313
5190.9  151.731
5191.94  162.076
5192.98  211.523
5194.02  194.199
5195.06  276.604
5196.1  243.067
5197.14  237.855
5198.18  200.02
5199.22  211.658
5200.26  172.195
5201.3  201.689
5202.34  204.199
5203.38  225.079
5204.42  203.925
5205.46  214.58
5206.5  239.532
5207.54  233.658
5208.58  238.258
5209.62  224.138
5210.66  220.771
5211.7  245.332
5212.74  230.668
5213.78  203.045
5214.82  194.941
5215.86  218.109
5216.9  209.669
5217.94  228.897
5218.98  203.842
5220.02  208.065
5221.06  212.196
5222.1  218.696
5223.14  231.027
5224.18  255.352
5225.22  259.515
5226.26  219.968
5227.3  205.67
5228.34  191.485
5229.38  197.77
5230.42  207.483
5231.46  202.732
5232.5  203.718
5233.54  207.65
5234.58  227.802
5235.62  256.624
5236.66  236.942
5237.7  198.942
5238.74  181.445
5239.78  194.522
5240.82  210.152
5241.86  175.326
5242.9  217.402
5243.94  189.831
5244.98  174.808
5246.02  225.387
5247.06  230.303
5248.1  179.098
5249.14  168.428
5250.18  207.95
5251.22  226.496
5252.26  249.656
5253.3  223.105
5254.34  191.199
5255.38  220.524
5256.42  247.09
5257.46  233.056
5258.5  243.719
5259.54  208.006
5260.58  226.051
5261.62  225.265
5262.66  196.914
5263.7  213.933
5264.74  215.607
5265.78  198.441
5266.82  190.232
5267.86  214.668
5268.9  194.377
5269.94  218.452
5270.98  192.255
5272.02  187.384
5273.06  190.455
5274.1  230.732
5275.14  211.79
5276.18  187.86
5277.22  214.583
5278.26  212.602
5279.3  212.4
5280.34  214.167
5281.38  200.015
5282.42  224.966
5283.46  230.66
5284.5  195.831
5285.54  181.781
5286.58  207.502
5287.62  218.471
5288.66  211.089
5289.7  246.655
5290.74  256.432
5291.78  233.24
5292.82  232.106
5293.86  229.843
5294.9  256.501
5295.94  224.888
5296.98  205.461
5298.02  227.687
5299.06  221.36
5300.1  247.389
5301.14  239.252
5302.18  216.29
5303.22  211.725
5304.26  219.543
5305.3  228.423
5306.34  190.763
5307.38  185.985
5308.42  203.59
5309.46  226.357
5310.5  228.948
5311.54  219.719
5312.58  243.448
5313.62  187.274
5314.66  215.248
5315.7  184.264
5316.74  211.163
5317.78  180.835
5318.82  201.016
5319.86  217.949
5320.9  216.207
5321.94  231.394
5322.98  199.377
5324.02  214.21
5325.06  217.098
5326.1  209.054
5327.14  208.477
5328.18  222.885
5329.22  234.786
5330.26  183.297
5331.3  190.088
5332.34  189.019
5333.38  186.787
5334.42  182.859
5335.46  202.55
5336.5  235.839
5337.54  240.325
5338.58  234.229
5339.62  227.895
5340.66  222.079
5341.7  220.675
5342.74  247.343
5343.78  235.689
5344.82  207.061
5345.86  219.159
5346.9  215.878
5347.94  236.966
5348.98  239.405
5350.02  187.618
5351.06  176.623
5352.1  191.318
5353.14  201.265
5354.18  191.253
5355.22  196.366
5356.26  224.745
5357.3  207.684
5358.34  224.573
5359.38  200.96
5360.42  268.648
5361.46  218.81
5362.5  230.596
5363.54  214.517
5364.58  221.736
5365.62  195.68
5366.66  210.697
5367.7  214.534
5368.74  224.316
5369.78  232.107
5370.82  235.081
5371.86  192.573
5372.9  209.892
5373.94  247.837
5374.98  210.569
5376.02  200.165
5377.06  219.407
5378.1  247.871
5379.14  209.872
5380.18  208.875
5381.22  184.113
5382.26  189.527
5383.3  198.763
5384.34  232.155
5385.38  242.223
5386.42  231.345
5387.46  226.892
5388.5  245.118
5389.54  217.189
5390.58  217.451
5391.62  202.644
5392.66  184.557
5393.7  197.565
5394.74  189.532
5395.78  201.828
5396.82  239.407
5397.86  203.756
5398.9  186.194
5399.94  209.603
5400.98  229.032
5402.02  165.777
5403.06  223.773
5404.1  208.846
5405.14  209.904
5406.18  206.92
5407.22  195.272
5408.26  181.689
5409.3  174.856
5410.34  186.009
5411.38  194.411
5412.42  197.042
5413.46  322.726
5414.5  412.081
5415.54  384.454
5416.58  351.322
5417.62  271.433
5418.66  211.9
5419.7  193.919
5420.74  171.168
5421.78  183.26
5422.82  183.043
5423.86  207.035
5424.9  230.002
5425.94  241.214
5426.98  179.228
5428.02  165.197
5429.06  190.215
5430.1  186.364
5431.14  200.991
5432.18  188.652
5433.22  190.655
5434.26  195.311
5435.3  190.515
5436.34  189.942
5437.38  199.152
5438.42  225.638
5439.46  240.724
5440.5  216.027
5441.54  193.217
5442.58  195.981
5443.62  188.12
5444.66  205.928
5445.7  207.28
5446.74  224.045
5447.78  213.897
5448.82  195.511
5449.86  174.49
5450.9  226.006
5451.94  228.623
5452.98  265.455
5454.02  213.235
5455.06  248.532
5456.1  232.691
5457.14  237.765
5458.18  220.458
5459.22  194.21
5460.26  196.924
5461.3  209.964
5462.34  187.468
5463.38  211.762
5464.42  187.827
5465.46  205.057
5466.5  203.381
5467.54  225.855
5468.58  218.174
5469.62  201.215
5470.66  203.903
5471.7  214.969
5472.74  220.933
5473.78  224.572
5474.82  215.402
5475.86  200.597
5476.9  217.608
5477.94  209.436
5478.98  218.202
5480.02  206.654
5481.06  203.468
5482.1  217.751
5483.14  213.769
5484.18  200.185
5485.22  212.36
5486.26  175.53
5487.3  180.874
5488.34  204.065
5489.38  217.502
5490.42  195.77
5491.46  195.036
5492.5  191.598
5493.54  179.97
5494.58  208.841
5495.62  187.695
5496.66  211.056
5497.7  226.141
5498.74  223.793
5499.78  211.38
5500.82  198.747
5501.86  217.286
5502.9  201.083
5503.94  224.788
5504.98  195.087
5506.02  203.912
5507.06  220.019
5508.1  207.616
5509.14  218.866
5510.18  221.808
5511.22  211.303
5512.26  211.629
5513.3  231.175
5514.34  238.696
5515.38  214.02
5516.42  220.931
5517.46  233.777
5518.5  239.955
5519.54  223.477
5520.58  232.881
5521.62  223.703
5522.66  209.957
5523.7  240.558
5524.74  272.974
5525.78  229.724
5526.82  178.279
5527.86  191.082
5528.9  253.5
5529.94  218.744
5530.98  216.599
5532.02  219.011
5533.06  188.632
5534.1  196.621
5535.14  235.869
5536.18  177.104
5537.22  196.23
5538.26  208.599
5539.3  207.608
5540.34  219.201
5541.38  230.643
5542.42  238.461
5543.46  205.126
5544.5  206.69
5545.54  199.011
5546.58  207.191
5547.62  202.454
5548.66  186.494
5549.7  216.177
5550.74  191.532
5551.78  199.711
5552.82  218.014
5553.86  189.43
5554.9  212.285
5555.94  230.155
5556.98  215.251
5558.02  211.564
5559.06  188.683
5560.1  182.662
5561.14  218.403
5562.18  203.334
5563.22  218.93
5564.26  184.348
5565.3  252.126
5566.34  241.246
5567.38  224.383
5568.42  203.554
5569.46  216.604
5570.5  315.2165
5571.54  313.5285
5572.58  311.8406
5573.62  310.1527
5574.66  308.4648
5575.7  306.7768
5576.74  305.0889
5577.78  303.4018
5578.82  326.499
5579.86  287.758
5580.9  272.984
5581.94  203.874
5582.98  232.57
5584.02  223.006
5585.06  205.705
5586.1  214.132
5587.14  204.72
5588.18  221.906
5589.22  216.86
5590.26  198.651
5591.3  209.749
5592.34  206.812
5593.38  202.851
5594.42  213.014
5595.46  194.675
5596.5  200.873
5597.54  178.811
5598.58  199.568
5599.62  167.403
5600.66  194.47
5601.7  231.258
5602.74  226.135
5603.78  248.078
5604.82  234.379
5605.86  209.648
5606.9  191.712
5607.94  233.773
5608.98  254.021
5610.02  197.606
5611.06  217.797
5612.1  202.286
5613.14  194.798
5614.18  196.18
5615.22  179.154
5616.26  180.803
5617.3  188.464
5618.34  152.136
5619.38  163.674
5620.42  250.796
5621.46  258.128
5622.5  214.567
5623.54  229.678
5624.58  242.487
5625.62  237.433
5626.66  189.529
5627.7  201.601
5628.74  223.528
5629.78  221.777
5630.82  206.697
5631.86  209.606
5632.9  263.072
5633.94  269.691
5634.98  214.222
5636.02  176.436
5637.06  202.921
5638.1  208.969
5639.14  203.081
5640.18  175.46
5641.22  213.979
5642.26  250.675
5643.3  242.752
5644.34  147.805
5645.38  199.049
5646.42  226.166
5647.46  216.057
5648.5  210.492
5649.54  181.852
5650.58  219.399
5651.62  207.781
5652.66  225.555
5653.7  191.499
5654.74  220.938
5655.78  186.514
5656.82  174.885
5657.86  179.97
5658.9  170.287
5659.94  185.984
5660.98  213.042
5662.02  167.72
5663.06  189.424
5664.1  206.066
5665.14  216.451
5666.18  191.499
5667.22  171.353
5668.26  215.556
5669.3  216.917
5670.34  269.817
5671.38  263.399
5672.42  224.603
5673.46  216.514
5674.5  234.386
5675.54  187.47
5676.58  213.99
5677.62  182.745
5678.66  181.392
5679.7  214.587
5680.74  205.337
5681.78  210.205
5682.82  218.389
5683.86  204.166
5684.9  219.634
5685.94  217.736
5686.98  196.623
5688.02  212.333
5689.06  233.422
5690.1  165.761
5691.14  195.659
5692.18  219.397
5693.22  219.052
5694.26  198.043
5695.3  183.499
5696.34  184.25
5697.38  219.084
5698.42  165.926
5699.46  163.558
5700.5  187.064
5701.54  262.981
5702.58  223.511
5703.62  198.015
5704.66  226.829
5705.7  228.664
5706.74  244.081
5707.78  249.538
5708.82  149.298
5709.86  180.822
5710.9  159.47
5711.94  194.262
5712.98  183.958
5714.02  161.919
5715.06  207.712
5716.1  226.443
5717.14  208.302
5718.18  198.602
5719.22  186.506
5720.26  189.495
5721.3  176.406
5722.34  231.601
5723.38  214.219
5724.42  189.903
5725.46  194.838
5726.5  201.017
5727.54  268.789
5728.58  234.117
5729.62  252.472
5730.66  245.327
5731.7  223.615
5732.74  207.117
5733.78  184.794
5734.82  229.524
5735.86  217.035
5736.9  217.016
5737.94  260.853
5738.98  205.679
5740.02  226.666
5741.06  210.29
5742.1  213.86
5743.14  176.987
5744.18  180.975
5745.22  198.329
5746.26  190.371
5747.3  182.815
5748.34  181.983
5749.38  198.237
5750.42  203.604
5751.46  217.573
5752.5  221.292
5753.54  214.69
5754.58  203.466
5755.62  200.48
5756.66  193.741
5757.7  179.676
5758.74  178.295
5759.78  177.875
5760.82  179.396
5761.86  193.536
5762.9  202.201
5763.94  175.531
5764.98  186.049
5766.02  185.588
5767.06  209.741
5768.1  211.08
5769.14  196.426
5770.18  212.251
5771.22  231.166
5772.26  219.334
5773.3  209.942
5774.34  215.641
5775.38  214.407
5776.42  195.049
5777.46  186.113
5778.5  187.657
5779.54  208.854
5780.58  216.582
5781.62  203.966
5782.66  190.608
5783.7  187.921
5784.74  214.965
5785.78  208.558
5786.82  198.059
5787.86  222.858
5788.9  236.757
5789.94  239.138
5790.98  231.405
5792.02  221.98
5793.06  213.561
5794.1  222.413
5795.14  231.026
5796.18  228.212
5797.22  205.871
5798.26  180.239
5799.3  185.236
5800.34  193.896
5801.38  204.065
5802.42  212.809
5803.46  224.902
5804.5  244.873
5805.54  228.353
5806.58  202.432
5807.62  184.243
5808.66  191.262
5809.7  211.176
5810.74  211.612
5811.78  223.849
5812.82  248.559
5813.86  237.255
5814.9  227.314
5815.94  238.618
5816.98  234.206
5818.02  223.542
5819.06  208.066
5820.1  210.414
5821.14  222.908
5822.18  214.651
5823.22  218.802
5824.26  241.084
5825.3  227.715
5826.34  208.966
5827.38  196.094
5828.42  209.65
5829.46  230.426
5830.5  230.13
5831.54  227.705
5832.58  223.361
5833.62  213.682
5834.66  210.306
5835.7  217.424
5836.74  214.14
5837.78  218.69
5838.82  256.302
5839.86  248.211
5840.9  219.448
5841.94  201.817
5842.98  212.894
5844.02  247.273
5845.06  239.247
5846.1  230.229
5847.14  235.679
5848.18  218.342
5849.22  203.879
5850.26  219.872
5851.3  230.621
5852.34  237.183
5853.38  238.627
5854.42  227.543
5855.46  205.203
5856.5  208.37
5857.54  217.442
5858.58  223.915
5859.62  241.687
5860.66  254.107
5861.7  231.718
5862.74  227.176
5863.78  235.742
5864.82  244.836
5865.86  241.292
5866.9  221.251
5867.94  207.557
5868.98  195.654
5870.02  180.863
5871.06  197.488
5872.1  219.223
5873.14  198.931
5874.18  203.221
5875.22  226.468
5876.26  222.354
5877.3  207.409
5878.34  182.485
5879.38  201.664
5880.42  223.499
5881.46  216.068
5882.5  198.901
5883.54  184.188
5884.58  205.239
5885.62  240.066
5886.66  278.746
5887.7  247.364
5888.74  212.076
5889.78  193.953
5890.82  226.873
5891.86  265.225
5892.9  258.541
5893.94  252.419
5894.98  246.307
5896.02  247.59
5897.06  238.224
5898.1  217.333
5899.14  226.054
5900.18  237.142
5901.22  239.003
5902.26  231.375
5903.3  222.358
5904.34  223.964
5905.38  226.493
5906.42  229.873
5907.46  236.152
5908.5  234.72
5909.54  223.106
5910.58  223.146
5911.62  237.78
5912.66  285.431
5913.7  279.658
5914.74  251.591
5915.78  232.971
5916.82  227.509
5917.86  234.199
5918.9  247.757
5919.94  256.977
5920.98  257.035
5922.02  252.843
5923.06  244.945
5924.1  231.417
5925.14  231.341
5926.18  237.263
5927.22  233.46
5928.26  238.545
5929.3  252.52
5930.34  260.214
5931.38  258.288
5932.42  241.622
5933.46  235.966
5934.5  230.315
5935.54  210.228
5936.58  214.886
5937.62  232.455
5938.66  229.056
5939.7  222.792
5940.74  217.002
5941.78  243.521
5942.82  264.222
5943.86  256.473
5944.9  239.608
5945.94  224.007
5946.98  232.119
5948.02  240.614
5949.06  246.564
5950.1  236.261
5951.14  227.84
5952.18  225.713
5953.22  224.308
5954.26  226.827
5955.3  238.203
5956.34  243.171
5957.38  244.261
5958.42  243.13
5959.46  235.253
5960.5  222.753
5961.54  215.042
5962.58  219.436
5963.62  241.503
5964.66  245.674
5965.7  243.375
5966.74  237.985
5967.78  238.562
5968.82  240.575
5969.86  232.3
5970.9  229.668
5971.94  233.484
5972.98  230.471
5974.02  233.15
5975.06  249.672
5976.1  246.297
5977.14  237.629
5978.18  234.073
5979.22  241.76
5980.26  251.532
5981.3  231.002
5982.34  217.394
5983.38  216.432
5984.42  200.714
5985.46  197.659
5986.5  229.338
5987.54  247.764
5988.58  254.209
5989.62  231.225
5990.66  224.09
5991.7  230.23
5992.74  235.97
5993.78  236.936
5994.82  230.586
5995.86  249.756
5996.9  259.005
5997.94  221.747
5998.98  216.916
6000.02  226.118
6001.06  231.876
6002.1  232.11
6003.14  227.506
6004.18  225.157
6005.22  232.591
6006.26  256.705
6007.3  238.072
6008.34  221.474
6009.38  256.112
6010.42  248.634
6011.46  224.281
6012.5  234.247
6013.54  245.769
6014.58  254.085
6015.62  238.472
6016.66  225.451
6017.7  228.857
6018.74  229.911
6019.78  231.235
6020.82  233.738
6021.86  230.012
6022.9  222.879
6023.94  219.467
6024.98  221.567
6026.02  229.136
6027.06  222.369
6028.1  218.606
6029.14  229.495
6030.18  240.782
6031.22  247.806
6032.26  236.642
6033.3  227.608
6034.34  224.917
6035.38  251.096
6036.42  272.48
6037.46  279.73
6038.5  265.36
6039.54  263.146
6040.58  321.168
6041.62  305.173
6042.66  257.968
6043.7  235.217
6044.74  227.681
6045.78  232.426
6046.82  222.393
6047.86  216.962
6048.9  222.757
6049.94  229.229
6050.98  231.966
6052.02  220.367
6053.06  222.998
6054.1  231.192
6055.14  225.025
6056.18  221.936
6057.22  223.775
6058.26  226.764
6059.3  229.949
6060.34  231.877
6061.38  236.983
6062.42  241.087
6063.46  236.835
6064.5  244.462
6065.54  256.539
6066.58  244.628
6067.62  236.927
6068.66  238.967
6069.7  244.657
6070.74  250.306
6071.78  253.557
6072.82  244.325
6073.86  238.119
6074.9  266.236
6075.94  279.192
6076.98  273.87
6078.02  232.231
6079.06  214.916
6080.1  243.036
6081.14  241.786
6082.18  233.746
6083.22  225.043
6084.26  229.499
6085.3  237.43
6086.34  230.184
6087.38  223.709
6088.42  220.655
6089.46  236.397
6090.5  248.132
6091.54  245.895
6092.58  251.664
6093.62  255.917
6094.66  249.605
6095.7  248.794
6096.74  249.523
6097.78  241.446
6098.82  234.143
6099.86  228.826
6100.9  222.668
6101.94  215.286
6102.98  203.782
6104.02  207.753
6105.06  218.002
6106.1  227.465
6107.14  230.299
6108.18  228.349
6109.22  226.537
6110.26  233.048
6111.3  249.44
6112.34  240.986
6113.38  226.334
6114.42  210.955
6115.46  216.93
6116.5  230.296
6117.54  232.749
6118.58  233.838
6119.62  233.541
6120.66  228.075
6121.7  225.934
6122.74  230.225
6123.78  234.296
6124.82  237.067
6125.86  237.21
6126.9  231.371
6127.94  223.765
6128.98  221.987
6130.02  226.327
6131.06  235.559
6132.1  233.778
6133.14  232.92
6134.18  237.933
6135.22  236.552
6136.26  230.751
6137.3  215.404
6138.34  225.476
6139.38  242.9
6140.42  210.431
6141.46  198.416
6142.5  215.812
6143.54  227.958
6144.58  232.996
6145.62  224.602
6146.66  214.415
6147.7  206.952
6148.74  211.343
6149.78  229.849
6150.82  252.939
6151.86  236.602
6152.9  228.69
6153.94  239.989
6154.98  244.565
6156.02  244.763
6157.06  237.129
6158.1  232.362
6159.14  229.326
6160.18  229.871
6161.22  225.384
6162.26  217.868
6163.3  226.782
6164.34  229.811
6165.38  219.084
6166.42  212.118
6167.46  213.074
6168.5  235.234
6169.54  233.905
6170.58  223.555
6171.62  233.586
6172.66  229.875
6173.7  213.316
6174.74  230.041
6175.78  241.666
6176.82  231.735
6177.86  228.28
6178.9  226.562
6179.94  223.998
6180.98  230.963
6182.02  241.865
6183.06  237.695
6184.1  237.121
6185.14  242.494
6186.18  239.922
6187.22  235.623
6188.26  229.765
6189.3  239.173
6190.34  249.783
6191.38  241.548
6192.42  234.681
6193.46  230.621
6194.5  238.461
6195.54  238.073
6196.58  224.084
6197.62  221.486
6198.66  225.264
6199.7  238.734
6200.74  239.381
6201.78  235.676
6202.82  243.728
6203.86  225.606
6204.9  190.325
6205.94  213.617
6206.98  230.611
6208.02  220.456
6209.06  220.794
6210.1  216.975
6211.14  190.654
6212.18  205.253
6213.22  235.003
6214.26  225.033
6215.3  218.024
6216.34  218.796
6217.38  235.734
6218.42  247.894
6219.46  244.767
6220.5  232.985
6221.54  221.606
6222.58  227.037
6223.62  220.3
6224.66  208.426
6225.7  213.61
6226.74  218.271
6227.78  219.587
6228.82  209.941
6229.86  207.252
6230.9  228.209
6231.94  229.1
6232.98  223.786
6234.02  223.928
6235.06  223.884
6236.1  224.198
6237.14  227.103
6238.18  229.766
6239.22  231.869
6240.26  230.983
6241.3  228.86
6242.34  225.168
6243.38  225.124
6244.42  229.959
6245.46  249.671
6246.5  248.281
6247.54  228.666
6248.58  229.754
6249.62  235.131
6250.66  241.803
6251.7  238.795
6252.74  237.843
6253.78  257.914
6254.82  237.383
6255.86  203.27
6256.9  217.851
6257.94  235.516
6258.98  250.016
6260.02  246.488
6261.06  243.345
6262.1  251.208
6263.14  242.303
6264.18  232.754
6265.22  241.997
6266.26  238.77
6267.3  228.167
6268.34  224.014
6269.38  222.532
6270.42  223.255
6271.46  230.163
6272.5  234.105
6273.54  225.877
6274.58  230.807
6275.62  235.15
6276.66  213.395
6277.7  223.764
6278.74  254.007
6279.78  236.02
6280.82  218.851
6281.86  213.583
6282.9  217.614
6283.94  225.956
6284.98  238.105
6286.02  233.878
6287.06  224.252
6288.1  227.502
6289.14  230.034
6290.18  231.224
6291.22  229.186
6292.26  232.513
6293.3  246.713
6294.34  240.767
6295.38  227.822
6296.42  210.784
6297.46  222.257
6298.5  247.124
6299.54  249.466
6300.58  254.79
6301.62  263.783
6302.66  250.593
6303.7  229.68
6304.74  201.173
6305.78  209.983
6306.82  227.669
6307.86  223.757
6308.9  229.314
6309.94  239.038
6310.98  234.354
6312.02  233.382
6313.06  239.115
6314.1  223.832
6315.14  211.242
6316.18  218.797
6317.22  214.345
6318.26  212.176
6319.3  236.979
6320.34  239.105
6321.38  224.032
6322.42  227.089
6323.46  230.023
6324.5  229.067
6325.54  227.493
6326.58  225.614
6327.62  221.434
6328.66  229.536
6329.7  241.228
6330.74  240.945
6331.78  235.591
6332.82  226.706
6333.86  225.315
6334.9  227.989
6335.94  235.304
6336.98  231.325
6338.02  226.683
6339.06  231.949
6340.1  233.524
6341.14  232.568
6342.18  228.939
6343.22  228.683
6344.26  233.316
6345.3  252.651
6346.34  265.657
6347.38  260.475
6348.42  247.637
6349.46  232.838
6350.5  223.132
6351.54  231.023
6352.58  246.235
6353.62  222.993
6354.66  217.871
6355.7  241.673
6356.74  244.614
6357.78  238.152
6358.82  218.225
6359.86  224.567
6360.9  237.355
6361.94  229.846
6362.98  226.019
6364.02  225.733
6365.06  224.938
6366.1  221.987
6367.14  215.578
6368.18  216.473
6369.22  221.132
6370.26  229.735
6371.3  235.158
6372.34  237.298
6373.38  231.473
6374.42  230.043
6375.46  233.511
6376.5  231.689
6377.54  235.726
6378.58  253.016
6379.62  235.095
6380.66  220.399
6381.7  255.238
6382.74  259.329
6383.78  244.643
6384.82  230.219
6385.86  223.722
6386.9  226.842
6387.94  233.87
6388.98  243.251
6390.02  256.583
6391.06  247.646
6392.1  230.289
6393.14  214.212
6394.18  221.834
6395.22  242.911
6396.26  235.637
6397.3  227.17
6398.34  222.945
6399.38  227.997
6400.42  232.304
6401.46  226.368
6402.5  234.453
6403.54  242.84
6404.58  229.571
6405.62  216.489
6406.66  208.247
6407.7  230.307
6408.74  243.126
6409.78  233.083
6410.82  227.773
6411.86  226.649
6412.9  235.77
6413.94  239.983
6414.98  238.023
6416.02  219.032
6417.06  214.818
6418.1  226.532
6419.14  236.165
6420.18  240.06
6421.22  233.228
6422.26  237.954
6423.3  242.668
6424.34  236.409
6425.38  231.28
6426.42  228.082
6427.46  231.592
6428.5  235.678
6429.54  238.956
6430.58  233.412
6431.62  229.297
6432.66  234.629
6433.7  226.074
6434.74  214.968
6435.78  211.822
6436.82  216.628
6437.86  224.949
6438.9  214.978
6439.94  210.868
6440.98  217.87
6442.02  225.817
6443.06  230.918
6444.1  228.068
6445.14  222.561
6446.18  217.188
6447.22  221.394
6448.26  216.245
6449.3  203.771
6450.34  202.386
6451.38  206.462
6452.42  214.932
6453.46  240.909
6454.5  259.844
6455.54  242.276
6456.58  242.906
6457.62  248.667
6458.66  233.82
6459.7  228.711
6460.74  233.797
6461.78  213.943
6462.82  202.492
6463.86  215.004
6464.9  225.894
6465.94  233.921
6466.98  229.642
6468.02  233.392
6469.06  241.689
6470.1  244.664
6471.14  252.678
6472.18  265.76
6473.22  245.841
6474.26  227.679
6475.3  231.581
6476.34  233.528
6477.38  235.485
6478.42  234.574
6479.46  243.177
6480.5  255.192
6481.54  240.987
6482.58  223.208
6483.62  206.894
6484.66  218.374
6485.7  233.148
6486.74  233.081
6487.78  236.78
6488.82  241.506
6489.86  248.253
6490.9  241.696
6491.94  225.615
6492.98  230.22
6494.02  241.087
6495.06  256.65
6496.1  243.513
6497.14  228.988
6498.18  238.456
6499.22  243.457
6500.26  241.862
6501.3  216.778
6502.34  213.813
6503.38  234.921
6504.42  235.245
6505.46  232.807
6506.5  233.85
6507.54  228.302
6508.58  223.713
6509.62  230.318
6510.66  232.341
6511.7  231.687
6512.74  233.335
6513.78  236.124
6514.82  239.6
6515.86  231.414
6516.9  223.457
6517.94  220.421
6518.98  234.304
6520.02  248.961
6521.06  237.61
6522.1  228.825
6523.14  224.118
6524.18  230.583
6525.22  235.675
6526.26  235.484
6527.3  236.663
6528.34  238.639
6529.38  243.688
6530.42  235.797
6531.46  230.048
6532.5  266.32
6533.54  263.611
6534.58  227.729
6535.62  248.47
6536.66  259.83
6537.7  238.474
6538.74  235.771
6539.78  236.537
6540.82  231.621
6541.86  232.726
6542.9  236.98
6543.94  236.142
6544.98  240.61
6546.02  251.561
6547.06  268.763
6548.1  271.526
6549.14  242.377
6550.18  235.567
6551.22  237.969
6552.26  245.699
6553.3  250.447
6554.34  251.33
6555.38  243.482
6556.42  234.161
6557.46  225.066
6558.5  223.407
6559.54  221.183
6560.58  212.036
6561.62  211.271
6562.66  209.393
6563.7  191.135
6564.74  177.822
6565.78  172.977
6566.82  195.936
6567.86  209.609
6568.9  202.602
6569.94  210.199
6570.98  215.015
6572.02  204.281
6573.06  191.855
6574.1  186.118
6575.14  215.277
6576.18  232.69
6577.22  235.105
6578.26  227.044
6579.3  221.563
6580.34  225.518
6581.38  224.678
6582.42  223.071
6583.46  224.113
6584.5  216.48
6585.54  207.032
6586.58  216.042
6587.62  225.078
6588.66  230.843
6589.7  217.368
6590.74  211.699
6591.78  233.652
6592.82  227.227
6593.86  217.377
6594.9  230.713
6595.94  234.227
6596.98  230.648
6598.02  227.508
6599.06  227.289
6600.1  231.203
6601.14  242.964
6602.18  249.728
6603.22  240.768
6604.26  231.24
6605.3  220.641
6606.34  205.351
6607.38  217.734
6608.42  249.542
6609.46  254.704
6610.5  244.227
6611.54  217.1
6612.58  216.192
6613.62  221.463
6614.66  221.897
6615.7  223.469
6616.74  224.816
6617.78  222.908
6618.82  223.778
6619.86  226.864
6620.9  222.442
6621.94  219.487
6622.98  221.507
6624.02  225.363
6625.06  228.705
6626.1  226.928
6627.14  229.57
6628.18  234.741
6629.22  238.857
6630.26  237.15
6631.3  229.19
6632.34  225.139
6633.38  225.647
6634.42  233.944
6635.46  232.643
6636.5  229.373
6637.54  231.017
6638.58  234.682
6639.62  238.29
6640.66  229.341
6641.7  235.036
6642.74  261.231
6643.78  245.422
6644.82  228.429
6645.86  237.236
6646.9  234.109
6647.94  227.605
6648.98  222.844
6650.02  228.502
6651.06  241.249
6652.1  236.317
6653.14  232.228
6654.18  234.445
6655.22  233.2
6656.26  231.111
6657.3  227.149
6658.34  233.145
6659.38  242.272
6660.42  243.126
6661.46  232.449
6662.5  213.379
6663.54  221.449
6664.58  234.451
6665.62  246.695
6666.66  244.201
6667.7  236.847
6668.74  232.509
6669.78  233.32
6670.82  235.002
6671.86  222.912
6672.9  221.185
6673.94  232.352
6674.98  229.079
6676.02  223.05
6677.06  218.285
6678.1  217.405
6679.14  218.531
6680.18  219.01
6681.22  224.226
6682.26  232.372
6683.3  236.092
6684.34  239.882
6685.38  244.358
6686.42  236.716
6687.46  230.883
6688.5  238.572
6689.54  241.56
6690.58  240.1
6691.62  227.49
6692.66  217.89
6693.7  212.774
6694.74  218.699
6695.78  225.184
6696.82  228.598
6697.86  230.347
6698.9  229.157
6699.94  222.317
6700.98  220.432
6702.02  221.705
6703.06  225.562
6704.1  223.1
6705.14  214.753
6706.18  213.828
6707.22  216.407
6708.26  221.419
6709.3  237.678
6710.34  249.16
6711.38  232.221
6712.42  225.846
6713.46  224.643
6714.5  210.724
6715.54  212.439
6716.58  232.888
6717.62  234.646
6718.66  233.416
6719.7  233.554
6720.74  243.02
6721.78  249.979
6722.82  234.315
6723.86  227.64
6724.9  228.087
6725.94  225.993
6726.98  225.269
6728.02  226.567
6729.06  226.271
6730.1  223.836
6731.14  214.248
6732.18  225.698
6733.22  242.945
6734.26  243.225
6735.3  234.436
6736.34  221.549
6737.38  233.929
6738.42  246.996
6739.46  253.806
6740.5  244.043
6741.54  233.666
6742.58  239.241
6743.62  236.346
6744.66  230.525
6745.7  231.699
6746.74  232.41
6747.78  231.797
6748.82  227.959
6749.86  226.134
6750.9  230.193
6751.94  224.474
6752.98  218.506
6754.02  223.332
6755.06  222.757
6756.1  220.529
6757.14  231.54
6758.18  233.679
6759.22  223.68
6760.26  220.044
6761.3  215.773
6762.34  206.096
6763.38  211.523
6764.42  221.276
6765.46  222.298
6766.5  224.891
6767.54  228.022
6768.58  224.05
6769.62  226.726
6770.66  239.957
6771.7  243.301
6772.74  241.762
6773.78  236.229
6774.82  227.356
6775.86  220.165
6776.9  228.671
6777.94  232.353
6778.98  230.005
6780.02  225.39
6781.06  222.029
6782.1  221.321
6783.14  228.949
6784.18  236.162
6785.22  234.206
6786.26  232.567
6787.3  232.304
6788.34  239.18
6789.38  241.733
6790.42  238.9
6791.46  236.19
6792.5  228.903
6793.54  211.791
6794.58  212.175
6795.62  219.385
6796.66  227.741
6797.7  225.026
6798.74  216.124
6799.78  215.38
6800.82  218.321
6801.86  224.192
6802.9  226.577
6803.94  230.676
6804.98  242.486
6806.02  236.867
6807.06  226.855
6808.1  229.71
6809.14  229.193
6810.18  226.818
6811.22  233.568
6812.26  232.586
6813.3  218.712
6814.34  223.188
6815.38  230.174
6816.42  230.773
6817.46  227.065
6818.5  221.854
6819.54  221.156
6820.58  221.289
6821.62  222.434
6822.66  224.983
6823.7  229.299
6824.74  236.885
6825.78  226.182
6826.82  209.736
6827.86  192.279
6828.9  196.355
6829.94  214.86
6830.98  239.776
6832.02  246.591
6833.06  232.145
6834.1  205.94
6835.14  194.422
6836.18  219.643
6837.22  225.888
6838.26  221.683
6839.3  197.721
6840.34  207.616
6841.38  236.386
6842.42  232.331
6843.46  222.661
6844.5  212.112
6845.54  223.583
6846.58  233.325
6847.62  223.962
6848.66  225.472
6849.7  227.127
6850.74  212.989
6851.78  210.56
6852.82  216.741
6853.86  208.126
6854.9  206.531
6855.94  218.044
6856.98  233.115
6858.02  240.842
6859.06  225.148
6860.1  221.813
6861.14  220.482
6862.18  201.359
6863.22  198.993
6864.26  212.57
6865.3  212.113
6866.34  209.529
6867.38  206.826
6868.42  217.931
6869.46  229.722
6870.5  230.677
6871.54  225.057
6872.58  217.013
6873.62  219.015
6874.66  221.462
6875.7  223.133
6876.74  222.279
6877.78  222.364
6878.82  225.333
6879.86  228.397
6880.9  227.217
6881.94  208.971
6882.98  211.212
6884.02  224.599
6885.06  209.075
6886.1  208.459
6887.14  231.222
6888.18  226.581
6889.22  218.364
6890.26  219.489
6891.3  214.804
6892.34  207.152
6893.38  193.385
6894.42  203.578
6895.46  231.854
6896.5  239.68
6897.54  237.343
6898.58  225.079
6899.62  222.404
6900.66  222.26
6901.7  221.383
6902.74  219.506
6903.78  217.622
6904.82  216.367
6905.86  221.98
6906.9  232.707
6907.94  227.267
6908.98  217.619
6910.02  205.918
6911.06  206.113
6912.1  213.17
6913.14  225.848
6914.18  236.468
6915.22  242.412
6916.26  233.062
6917.3  222.252
6918.34  213.28
6919.38  222.622
6920.42  232.891
6921.46  236.527
6922.5  229.558
6923.54  219.634
6924.58  216.419
6925.62  213.81
6926.66  212.727
6927.7  217.663
6928.74  220.009
6929.78  218.053
6930.82  218.816
6931.86  219.805
6932.9  220.712
6933.94  215.437
6934.98  210.611
6936.02  218.555
6937.06  223.999
6938.1  225.647
6939.14  222.795
6940.18  216.057
6941.22  204.43
6942.26  214.275
6943.3  228.815
6944.34  240.833
6945.38  229.525
6946.42  206.689
6947.46  191.997
6948.5  194.387
6949.54  212.062
6950.58  214.732
6951.62  215.051
6952.66  216.953
6953.7  212.63
6954.74  210.36
6955.78  223.358
6956.82  222.873
6957.86  214.938
6958.9  213.829
6959.94  216.009
6960.98  220.361
6962.02  210.449
6963.06  207.149
6964.1  228.218
6965.14  218.889
6966.18  204.831
6967.22  216.371
6968.26  221.848
6969.3  220.471
6970.34  206.646
6971.38  201.171
6972.42  209.625
6973.46  213.889
6974.5  216.421
6975.54  216.884
6976.58  213.796
6977.62  210.89
6978.66  216.916
6979.7  218.581
6980.74  216.178
6981.78  214.618
6982.82  213.069
6983.86  211.313
6984.9  216.77
6985.94  222.927
6986.98  225.708
6988.02  215.522
6989.06  203.65
6990.1  218.895
6991.14  233.564
6992.18  243.476
6993.22  236.057
6994.26  225.275
6995.3  216.246
6996.34  211.54
6997.38  211.9
6998.42  223.188
6999.46  222.864
7000.5  214.353
7001.54  204.885
7002.58  201.581
7003.62  205.95
7004.66  204.985
7005.7  205.458
7006.74  211.079
7007.78  217.395
7008.82  223.768
7009.86  230.819
7010.9  221.21
7011.94  201.975
7012.98  207.065
7014.02  212.118
7015.06  211.83
7016.1  212.046
7017.14  213.993
7018.18  218.032
7019.22  232.428
7020.26  248.189
7021.3  246.035
7022.34  248.681
7023.38  254.649
7024.42  245.778
7025.46  234.796
7026.5  224.895
7027.54  226.849
7028.58  225.98
7029.62  204.216
7030.66  197.285
7031.7  203.138
7032.74  231.422
7033.78  237.797
7034.82  219.538
7035.86  217.658
7036.9  215.99
7037.94  208.545
7038.98  213.587
7040.02  219.708
7041.06  212.822
7042.1  216.371
7043.14  224.199
7044.18  213.644
7045.22  208.238
7046.26  211.928
7047.3  224.131
7048.34  233.227
7049.38  229.557
7050.42  225.595
7051.46  223.818
7052.5  236.52
7053.54  235.069
7054.58  222.388
7055.62  214.678
7056.66  212.604
7057.7  217.355
7058.74  228.95
7059.78  237.018
7060.82  228.357
7061.86  233.636
7062.9  242.555
7063.94  240.432
7064.98  234.262
7066.02  224.606
7067.06  207.69
7068.1  198.646
7069.14  204.424
7070.18  210.963
7071.22  216.121
7072.26  211.564
7073.3  218.552
7074.34  231.208
7075.38  237.97
7076.42  240.884
7077.46  239.661
7078.5  232.019
7079.54  224.01
7080.58  216.967
7081.62  225.65
7082.66  237.78
7083.7  241.097
7084.74  236.371
7085.78  225.625
7086.82  212.616
7087.86  210.465
7088.9  222.362
7089.94  224.677
7090.98  225.643
7092.02  227.223
7093.06  236.861
7094.1  247.234
7095.14  246.445
7096.18  245.591
7097.22  243.891
7098.26  232.569
7099.3  225.252
7100.34  226.301
7101.38  223.731
7102.42  223.625
7103.46  230.609
7104.5  239.525
7105.54  245.237
7106.58  231.364
7107.62  224.901
7108.66  227.494
7109.7  237.162
7110.74  242.851
7111.78  239.095
7112.82  235.226
7113.86  230.561
7114.9  225.343
7115.94  223.86
7116.98  225.878
7118.02  232.628
7119.06  236.074
7120.1  235.106
7121.14  234.034
7122.18  229.804
7123.22  218.361
7124.26  222.429
7125.3  230.04
7126.34  229.202
7127.38  226.605
7128.42  224.245
7129.46  230.996
7130.5  233.888
7131.54  229.997
7132.58  238.086
7133.62  241.321
7134.66  225.778
7135.7  218.024
7136.74  215.625
7137.78  224.005
7138.82  228.312
7139.86  229.008
7140.9  231.589
7141.94  234.674
7142.98  238.62
7144.02  230.783
7145.06  221.486
7146.1  219.024
7147.14  216.638
7148.18  215.712
7149.22  219.181
7150.26  223.667
7151.3  228.639
7152.34  231.092
7153.38  229.987
7154.42  222.748
7155.46  229.938
7156.5  237.503
7157.54  229.335
7158.58  230.877
7159.62  237.985
7160.66  246.307
7161.7  240.372
7162.74  219.012
7163.78  214.616
7164.82  216.113
7165.86  222.118
7166.9  219.232
7167.94  215.428
7168.98  219.844
7170.02  225.8
7171.06  229.326
7172.1  210.76
7173.14  197.136
7174.18  195.078
7175.22  210.285
7176.26  224.924
7177.3  223.366
7178.34  230.402
7179.38  236.574
7180.42  226.149
7181.46  221.09
7182.5  221.586
7183.54  221.95
7184.58  222.413
7185.62  222.936
7186.66  217.843
7187.7  214.14
7188.74  219.811
7189.78  218.749
7190.82  214.631
7191.86  211.763
7192.9  213.894
7193.94  220.426
7194.98  221.09
7196.02  219.392
7197.06  215.8
7198.1  217.759
7199.14  221.465
7200.18  225.581
7201.22  222.493
7202.26  217.464
7203.3  228.93
7204.34  229.381
7205.38  215.69
7206.42  217.314
7207.46  223.064
7208.5  231.422
7209.54  225.532
7210.58  217.961
7211.62  225.493
7212.66  231.318
7213.7  234.485
7214.74  232.642
7215.78  225.817
7216.82  213.486
7217.86  219.87
7218.9  228.09
7219.94  226.669
7220.98  229.832
7222.02  233.168
7223.06  230.938
7224.1  231.159
7225.14  233.576
7226.18  234.793
7227.22  231.851
7228.26  222.646
7229.3  221.347
7230.34  224.834
7231.38  233.611
7232.42  242.457
7233.46  248.219
7234.5  241.311
7235.54  227.481
7236.58  210.791
7237.62  230.625
7238.66  236.333
7239.7  199.339
7240.74  193.051
7241.78  197.739
7242.82  205.064
7243.86  207.41
7244.9  206.445
7245.94  205.661
7246.98  209.54
7248.02  218.89
7249.06  227.699
7250.1  231.052
7251.14  223.346
7252.18  216.076
7253.22  212.136
7254.26  221.329
7255.3  228.475
7256.34  232.809
7257.38  229.883
7258.42  232.869
7259.46  245.868
7260.5  239.244
7261.54  230.006
7262.58  228.668
7263.62  223.349
7264.66  219.716
7265.7  228.533
7266.74  233.304
7267.78  234.877
7268.82  250.912
7269.86  260.192
7270.9  255.201
7271.94  239.706
7272.98  225.673
7274.02  225.086
7275.06  241.64
7276.1  258.796
7277.14  226.311
7278.18  210.71
7279.22  218.524
7280.26  236.193
7281.3  243.858
7282.34  227.531
7283.38  214.865
7284.42  208.775
7285.46  223.509
7286.5  227.065
7287.54  223.624
7288.58  222.809
7289.62  222.67
7290.66  222.994
7291.7  208.895
7292.74  203.601
7293.78  224.03
7294.82  246.797
7295.86  274.602
7296.9  309.756
7297.94  337.139
7298.98  353.295
7300.02  344.128
7301.06  317.916
7302.1  275.321
7303.14  260.009
7304.18  252.166
7305.22  241.535
7306.26  236.167
7307.3  234.945
7308.34  234.414
7309.38  248.724
7310.42  284.709
7311.46  371.517
7312.5  528.929
7313.54  779.238
7314.58  964.759
7315.62  1081.89
7316.66  1108.74
7317.7  967.826
7318.74  725.739
7319.78  522.665
7320.82  384.18
7321.86  315.357
7322.9  272.015
7323.94  249.905
7324.98  244.013
7326.02  238.185
7327.06  236.937
7328.1  246.308
7329.14  239.653
7330.18  223.79
7331.22  218.449
7332.26  231.652
7333.3  265.72
7334.34  291.412
7335.38  335.697
7336.42  424.488
7337.46  491.593
7338.5  536.813
7339.54  537.994
7340.58  527.328
7341.62  495.366
7342.66  367.065
7343.7  268.873
7344.74  239.061
7345.78  240.995
7346.82  250.979
7347.86  242.606
7348.9  231.367
7349.94  220.27
7350.98  216.16
7352.02  222.941
7353.06  237.19
7354.1  228.515
7355.14  224.286
7356.18  235.672
7357.22  238.586
7358.26  237.46
7359.3  231.868
7360.34  230.973
7361.38  230.769
7362.42  218.778
7363.46  214.25
7364.5  220.024
7365.54  242.278
7366.58  250.719
7367.62  220.836
7368.66  232.07
7369.7  246.167
7370.74  219.293
7371.78  209.881
7372.82  214.844
7373.86  225.828
7374.9  236.243
7375.94  243.731
7376.98  242.543
7378.02  236.56
7379.06  222.995
7380.1  235.641
7381.14  249.275
7382.18  219.78
7383.22  208.805
7384.26  215.227
7385.3  222.439
7386.34  227.45
7387.38  227.684
7388.42  233.804
7389.46  237.161
7390.5  230.716
7391.54  221.856
7392.58  212.509
7393.62  207.317
7394.66  211.023
7395.7  223.161
7396.74  236.562
7397.78  241.544
7398.82  231.624
7399.86  223.365
7400.9  217.894
7401.94  221.061
7402.98  223.157
7404.02  223.115
7405.06  214.981
7406.1  208.752
7407.14  206.253
7408.18  213.713
7409.22  223.743
7410.26  234.711
7411.3  229.388
7412.34  219.054
7413.38  215.964
7414.42  215.433
7415.46  215.565
7416.5  207.394
7417.54  209.401
7418.58  225.729
7419.62  227.17
7420.66  224.04
7421.7  219.531
7422.74  215.348
7423.78  214.396
7424.82  226.078
7425.86  228.237
7426.9  222.382
7427.94  222.352
7428.98  222.568
7430.02  221.518
7431.06  230.962
7432.1  238.579
7433.14  232.309
7434.18  226.751
7435.22  220.147
7436.26  206.606
7437.3  207.428
7438.34  222.314
7439.38  231.232
7440.42  234.985
7441.46  231.344
7442.5  228.361
7443.54  226.089
7444.58  227.052
7445.62  225.262
7446.66  223.73
7447.7  234.252
7448.74  233.542
7449.78  219.078
7450.82  215.668
7451.86  216.053
7452.9  218.786
7453.94  227.977
7454.98  235.965
7456.02  228.083
7457.06  231.932
7458.1  241.812
7459.14  230.404
7460.18  218.996
7461.22  211.874
7462.26  209.753
7463.3  212.298
7464.34  221.915
7465.38  226.586
7466.42  226.198
7467.46  214.171
7468.5  210.415
7469.54  215.327
7470.58  227.486
7471.62  232.521
7472.66  224.365
7473.7  211.214
7474.74  201.943
7475.78  209.124
7476.82  217.905
7477.86  225.992
7478.9  223.388
7479.94  222.452
7480.98  224.77
7482.02  224.993
7483.06  239.611
7484.1  277.669
7485.14  324.952
7486.18  372.664
7487.22  412.265
7488.26  419.756
7489.3  398.571
7490.34  348.365
7491.38  304.332
7492.42  273.354
7493.46  246.994
7494.5  227.579
7495.54  215.654
7496.58  210.556
7497.62  214.637
7498.66  234.715
7499.7  253.189
7500.74  271.943
7501.78  304.533
7502.82  331.798
7503.86  349.312
7504.9  324.556
7505.94  296.383
7506.98  298.629
7508.02  273.929
7509.06  242.724
7510.1  233.629
7511.14  228.174
7512.18  224.662
7513.22  218.628
7514.26  212.562
7515.3  206.754
7516.34  203.701
7517.38  204.379
7518.42  212.826
7519.46  210.938
7520.5  205.546
7521.54  213.883
7522.58  210.661
7523.62  196.155
7524.66  213.374
7525.7  223.375
7526.74  205.996
7527.78  206.793
7528.82  210.274
7529.86  204.795
7530.9  197.832
7531.94  193.231
7532.98  207.269
7534.02  217.253
7535.06  219.154
7536.1  216.783
7537.14  212.97
7538.18  207.537
7539.22  219.285
7540.26  231.695
7541.3  218.561
7542.34  212.278
7543.38  212.177
7544.42  210.749
7545.46  209.908
7546.5  209.585
7547.54  221.741
7548.58  229.551
7549.62  217.142
7550.66  210.228
7551.7  207.352
7552.74  213.673
7553.78  216.711
7554.82  216.867
7555.86  225.098
7556.9  225.271
7557.94  209.567
7558.98  215.451
7560.02  223.773
7561.06  220.018
7562.1  217.926
7563.14  216.696
7564.18  216.95
7565.22  213.772
7566.26  208.144
7567.3  218.289
7568.34  225.749
7569.38  220.495
7570.42  219.162
7571.46  218.835
7572.5  219.278
7573.54  218.234
7574.58  214.923
7575.62  204.117
7576.66  204.858
7577.7  220.34
7578.74  222.945
7579.78  221.601
7580.82  218.316
7581.86  213.892
7582.9  211.046
7583.94  217.425
7584.98  218.09
7586.02  215.027
7587.06  223.042
7588.1  226.147
7589.14  220.131
7590.18  209.678
7591.22  201.862
7592.26  203.812
7593.3  209.813
7594.34  218.609
7595.38  231.165
7596.42  221.622
7597.46  193.906
7598.5  194.874
7599.54  199.678
7600.58  200.765
7601.62  211.961
7602.66  223.603
7603.7  224.353
7604.74  234.292
7605.78  246.842
7606.82  248.71
7607.86  238.528
7608.9  218.151
7609.94  224.503
7610.98  229.035
7612.02  218.394
7613.06  205.622
7614.1  200.597
7615.14  229.381
7616.18  226.416
7617.22  206.564
7618.26  223.251
7619.3  241.209
7620.34  253.946
7621.38  233.536
7622.42  212.891
7623.46  213.663
7624.5  216.902
7625.54  220.954
7626.58  215.978
7627.62  221.366
7628.66  233.587
7629.7  230.005
7630.74  226.546
7631.78  227.017
7632.82  221.853
7633.86  217.483
7634.9  220.9
7635.94  215.37
7636.98  207.195
7638.02  208.632
7639.06  206.272
7640.1  200.592
7641.14  203.241
7642.18  208.022
7643.22  213.189
7644.26  224.872
7645.3  227.996
7646.34  194.875
7647.38  201.794
7648.42  229.256
7649.46  236.184
7650.5  224.931
7651.54  197.955
7652.58  202.954
7653.62  213.538
7654.66  221.121
7655.7  212.764
7656.74  203.241
7657.78  212.973
7658.82  217.138
7659.86  216.343
7660.9  211.912
7661.94  210.06
7662.98  212.414
7664.02  199.292
7665.06  193.815
7666.1  217.887
7667.14  221.255
7668.18  217.031
7669.22  215.492
7670.26  220.309
7671.3  228.743
7672.34  224.652
7673.38  217.824
7674.42  210.281
7675.46  217.32
7676.5  223.897
7677.54  214.929
7678.58  215.444
7679.62  219.081
7680.66  214.431
7681.7  214.273
7682.74  218.696
7683.78  222.295
7684.82  221.681
7685.86  213.389
7686.9  212.142
7687.94  212.968
7688.98  212.601
7690.02  212.333
7691.06  211.979
7692.1  211.871
7693.14  208.567
7694.18  202.321
7695.22  211.718
7696.26  220.045
7697.3  218.528
7698.34  216.998
7699.38  213.493
7700.42  203.834
7701.46  203.739
7702.5  211.624
7703.54  222.659
7704.58  226.353
7705.62  219.719
7706.66  221.519
7707.7  220.42
7708.74  203.373
7709.78  219.304
7710.82  240.059
7711.86  219.214
7712.9  201.676
7713.94  191.949
7714.98  211.693
7716.02  212.608
7717.06  173.323
7718.1  216.2
7719.14  259.144
7720.18  233.58
7721.22  215.491
7722.26  203.485
7723.3  213.823
7724.34  210.433
7725.38  193.191
7726.42  198.778
7727.46  209.266
7728.5  219.884
7729.54  228.859
7730.58  232.81
7731.62  225.593
7732.66  216.184
7733.7  206.178
7734.74  200.65
7735.78  198.505
7736.82  200.028
7737.86  212.177
7738.9  222.441
7739.94  223.91
7740.98  215.193
7742.02  203.893
7743.06  199.022
7744.1  213.263
7745.14  235.798
7746.18  213.12
7747.22  204.358
7748.26  223.778
7749.3  251.247
7750.34  257.278
7751.38  199.066
7752.42  189.089
7753.46  198.815
7754.5  201.065
7755.54  202.922
7756.58  204.701
7757.62  206.966
7758.66  214.474
7759.7  230.437
7760.74  227.826
7761.78  217.379
7762.82  199.527
7763.86  203.591
7764.9  218.433
7765.94  223.827
7766.98  223.166
7768.02  217.115
7769.06  218.229
7770.1  217.563
7771.14  209.591
7772.18  219.567
7773.22  229.613
7774.26  219.044
7775.3  214.622
7776.34  211.156
7777.38  185.46
7778.42  187.811
7779.46  225.34
7780.5  229.249
7781.54  225.869
7782.58  224.452
7783.62  221.929
7784.66  219.304
7785.7  217.965
7786.74  216.662
7787.78  214.331
7788.82  201.026
7789.86  200.185
7790.9  218.578
7791.94  217.202
7792.98  210.985
7794.02  205.75
7795.06  203.594
7796.1  204.639
7797.14  211.854
7798.18  216.308
7799.22  217.417
7800.26  216.158
7801.3  215.759
7802.34  218.119
7803.38  209.553
7804.42  202.92
7805.46  213.464
7806.5  213.891
7807.54  208.578
7808.58  201.058
7809.62  200.805
7810.66  209.39
7811.7  230.753
7812.74  236.219
7813.78  202.378
7814.82  210.56
7815.86  229.174
7816.9  236.411
7817.94  226.449
7818.98  208.663
7820.02  217.766
7821.06  217.929
7822.1  203.479
7823.14  201.081
7824.18  204.038
7825.22  214.201
7826.26  209.464
7827.3  201.439
7828.34  205.131
7829.38  208.45
7830.42  211.39
7831.46  215.007
7832.5  220.327
7833.54  228.366
7834.58  224.854
7835.62  218.437
7836.66  214.417
7837.7  209.641
7838.74  207.55
7839.78  216.006
7840.82  228.093
7841.86  240.629
7842.9  232.467
7843.94  219.905
7844.98  207.942
7846.02  194.189
7847.06  191.433
7848.1  220.509
7849.14  236.911
7850.18  240.628
7851.22  216.075
7852.26  208.893
7853.3  223.457
7854.34  236.622
7855.38  231.615
7856.42  185.539
7857.46  202.301
7858.5  233.514
7859.54  235.711
7860.58  232.908
7861.62  223.724
7862.66  197.143
7863.7  189.507
7864.74  208.089
7865.78  199.39
7866.82  200.024
7867.86  241.975
7868.9  234.295
7869.94  213.154
7870.98  221.146
7872.02  221.157
7873.06  213.604
7874.1  204.117
7875.14  196.828
7876.18  193.12
7877.22  206.126
7878.26  212.773
7879.3  185.427
7880.34  185.334
7881.38  199.267
7882.42  217.979
7883.46  215.232
7884.5  194.254
7885.54  202.776
7886.58  213.068
7887.62  217.027
7888.66  215.517
7889.7  217.739
7890.74  241.393
7891.78  238.683
7892.82  221.078
7893.86  213.416
7894.9  204.345
7895.94  193.774
7896.98  194.319
7898.02  197.991
7899.06  200.898
7900.1  211.009
7901.14  217.888
7902.18  203.432
7903.22  198.696
7904.26  202.7
7905.3  219.
7906.34  220.286
7907.38  200.096
7908.42  200.548
7909.46  203.39
7910.5  204.858
7911.54  172.69
7912.58  143.299
7913.62  192.083
7914.66  187.23
7915.7  145.414
7916.74  198.33
7917.78  236.518
7918.82  229.726
7919.86  201.919
7920.9  179.818
7921.94  200.179
7922.98  194.404
7924.02  180.233
7925.06  183.577
7926.1  192.077
7927.14  203.412
7928.18  200.66
7929.22  202.885
7930.26  219.876
7931.3  216.022
7932.34  210.719
7933.38  225.37
7934.42  219.967
7935.46  203.174
7936.5  193.035
7937.54  192.448
7938.58  201.461
7939.62  198.602
7940.66  194.574
7941.7  194.265
7942.74  189.837
7943.78  186.451
7944.82  192.003
7945.86  194.794
7946.9  195.924
7947.94  200.763
7948.98  204.748
7950.02  206.917
7951.06  192.02
7952.1  184.831
7953.14  210.85
7954.18  207.642
7955.22  196.818
7956.26  204.935
7957.3  212.077
7958.34  215.652
7959.38  204.584
7960.42  194.903
7961.46  190.98
7962.5  208.201
7963.54  223.601
7964.58  215.298
7965.62  202.226
7966.66  192.487
7967.7  219.248
7968.74  215.034
7969.78  180.486
7970.82  192.048
7971.86  203.728
7972.9  198.579
7973.94  202.128
7974.98  204.021
7976.02  193.556
7977.06  186.044
7978.1  183.721
7979.14  196.952
7980.18  210.963
7981.22  222.314
7982.26  205.23
7983.3  190.931
7984.34  198.456
7985.38  203.996
7986.42  207.461
7987.46  200.452
7988.5  205.114
7989.54  213.805
7990.58  187.565
7991.62  175.285
7992.66  188.645
7993.7  217.529
7994.74  243.797
7995.78  257.005
7996.82  226.102
7997.86  184.439
7998.9  192.564
7999.94  200.739
8000.98  206.267
8002.02  210.273
8003.06  207.564
8004.1  195.13
8005.14  195.29
8006.18  198.229
8007.22  197.596
8008.26  197.017
8009.3  198.345
8010.34  210.444
8011.38  209.406
8012.42  194.829
8013.46  193.062
8014.5  198.505
8015.54  213.255
8016.58  210.011
8017.62  204.361
8018.66  213.163
8019.7  210.486
8020.74  202.322
8021.78  209.199
8022.82  205.425
8023.86  188.076
8024.9  193.687
8025.94  203.203
8026.98  205.618
8028.02  233.118
8029.06  251.97
8030.1  197.049
8031.14  194.035
8032.18  229.505
8033.22  236.01
8034.26  234.52
8035.3  227.275
8036.34  232.056
8037.38  232.7
8038.42  214.666
8039.46  204.819
8040.5  199.98
8041.54  199.671
8042.58  205.18
8043.62  214.102
8044.66  211.847
8045.7  207.097
8046.74  201.83
8047.78  197.253
8048.82  196.841
8049.86  208.703
8050.9  207.716
8051.94  201.113
8052.98  202.615
8054.02  209.159
8055.06  219.241
8056.1  216.916
8057.14  210.2
8058.18  200.932
8059.22  196.321
8060.26  194.771
8061.3  196.255
8062.34  199.722
8063.38  203.902
8064.42  203.147
8065.46  202.813
8066.5  203.632
8067.54  198.713
8068.58  199.091
8069.62  215.398
8070.66  218.933
8071.7  216.161
8072.74  207.518
8073.78  206.383
8074.82  210.693
8075.86  209.767
8076.9  210.611
8077.94  214.867
8078.98  208.92
8080.02  199.925
8081.06  189.859
8082.1  192.492
8083.14  199.436
8084.18  193.992
8085.22  198.341
8086.26  210.803
8087.3  205.4
8088.34  202.531
8089.38  209.772
8090.42  210.431
8091.46  208.806
8092.5  204.742
8093.54  209.733
8094.58  217.545
8095.62  212.897
8096.66  204.337
8097.7  194.154
8098.74  202.952
8099.78  212.818
8100.82  216.492
8101.86  211.347
8102.9  206.176
8103.94  216.283
8104.98  211.944
8106.02  200.163
8107.06  207.948
8108.1  206.305
8109.14  190.72
8110.18  203.144
8111.22  211.824
8112.26  191.854
8113.3  203.794
8114.34  220.307
8115.38  205.221
8116.42  196.213
8117.46  193.534
8118.5  191.51
8119.54  191.977
8120.58  195.277
8121.62  198.975
8122.66  204.307
8123.7  214.204
8124.74  212.67
8125.78  206.882
8126.82  210.843
8127.86  204.62
8128.9  189.839
8129.94  194.639
8130.98  200.899
8132.02  202.494
8133.06  207.682
8134.1  211.863
8135.14  210.206
8136.18  212.068
8137.22  213.361
8138.26  198.337
8139.3  201.762
8140.34  225.346
8141.38  213.645
8142.42  198.393
8143.46  191.137
8144.5  196.445
8145.54  205.684
8146.58  209.75
8147.62  206.133
8148.66  197.379
8149.7  189.627
8150.74  190.232
8151.78  200.955
8152.82  199.479
8153.86  194.684
8154.9  185.956
8155.94  201.494
8156.98  219.587
8158.02  204.548
8159.06  197.622
8160.1  199.424
8161.14  207.351
8162.18  212.183
8163.22  210.375
8164.26  213.397
8165.3  213.617
8166.34  202.286
8167.38  204.5
8168.42  211.526
8169.46  207.242
8170.5  208.39
8171.54  215.187
8172.58  216.967
8173.62  217.829
8174.66  219.182
8175.7  210.33
8176.74  202.378
8177.78  208.76
8178.82  208.218
8179.86  203.888
8180.9  198.927
8181.94  204.868
8182.98  222.14
8184.02  225.105
8185.06  223.53
8186.1  220.748
8187.14  210.444
8188.18  199.469
8189.22  197.677
8190.26  196.08
8191.3  195.772
8192.34  201.701
8193.38  209.177
8194.42  216.929
8195.46  212.991
8196.5  207.241
8197.54  204.246
8198.58  206.784
8199.62  211.032
8200.66  210.65
8201.7  210.351
8202.74  209.706
8203.78  204.667
8204.82  203.641
8205.86  210.114
8206.9  206.655
8207.94  201.325
8208.98  197.662
8210.02  199.889
8211.06  204.208
8212.1  201.653
8213.14  199.931
8214.18  199.882
8215.22  201.498
8216.26  204.023
8217.3  206.703
8218.34  212.476
8219.38000000001  216.566
8220.42  211.253
8221.46  211.224
8222.5  212.403
8223.54  202.969
8224.58  196.602
8225.62  195.582
8226.66  201.81
8227.7  207.793
8228.74  208.22
8229.78  212.752
8230.82  215.058
8231.86  203.331
8232.9  205.995
8233.94  216.997
8234.98  208.178
8236.02  201.905
8237.06  203.03
8238.1  205.692
8239.14  208.77
8240.18  210.697
8241.22  210.937
8242.26  209.776
8243.3  204.142
8244.34  206.759
8245.38  215.596
8246.42  211.736
8247.46  204.79
8248.5  196.494
8249.54  197.178
8250.58  203.797
8251.62  218.151
8252.66  223.379
8253.7  221.883
8254.74  212.844
8255.78  205.975
8256.82  202.681
8257.86  197.577
8258.9  201.701
8259.94  224.72
8260.98  223.381
8262.02  216.143
8263.06  216.746
8264.1  222.722
8265.14  229.381
8266.18  216.708
8267.22  211.715
8268.26  218.896
8269.3  216.552
8270.34  211.476
8271.38  204.7
8272.42  205.618
8273.46  207.852
8274.5  202.674
8275.54  201.249
8276.58  202.314
8277.62  197.55
8278.66  202.47
8279.7  221.745
8280.74  199.623
8281.78  179.296
8282.82  188.863
8283.86  224.539
8284.9  255.284
8285.94  205.231
8286.98  183.223
8288.02  192.729
8289.06  213.068
8290.1  231.837
8291.14  244.669
8292.18  223.868
8293.22  199.427
8294.26  198.94
8295.3  203.378
8296.34  208.124
8297.38  196.518
8298.42  183.845
8299.46  174.677
8300.5  202.756
8301.54  224.513
8302.58  216.37
8303.62  229.966
8304.66  244.543
8305.7  244.245
8306.74  230.406
8307.78  211.271
8308.82  220.39
8309.86  215.492
8310.9  190.371
8311.94  190.868
8312.98  196.26
8314.02  200.032
8315.06  192.893
8316.1  187.443
8317.14  207.945
8318.18  212.363
8319.22  204.056
8320.26  202.084
8321.3  203.778
8322.34  209.798
8323.38  216.2
8324.42  220.29
8325.46  218.361
8326.5  216.245
8327.54  214.531
8328.58  218.816
8329.62  214.439
8330.66  202.564
8331.7  202.682
8332.74  207.498
8333.78  216.186
8334.82  215.329
8335.86  213.177
8336.9  216.801
8337.94  218.273
8338.98  218.717
8340.02  224.925
8341.06  219.21
8342.1  199.664
8343.14  166.554
8344.18  165.57
8345.22  237.367
8346.26  231.964
8347.3  202.812
8348.34  183.582
8349.38  187.096
8350.42  201.983
8351.46  185.633
8352.5  178.637
8353.54  187.629
8354.58  204.277
8355.62  209.311
8356.66  176.411
8357.7  183.304
8358.74  202.183
8359.78  206.933
8360.82  202.457
8361.86  193.419
8362.9  208.068
8363.94  213.742
8364.98  200.684
8366.02  198.727
8367.06  201.841
8368.1  212.91
8369.14  207.408
8370.18  197.11
8371.22  202.231
8372.26  208.113
8373.3  212.605
8374.34  206.692
8375.38  204.154
8376.42  211.888
8377.46  201.781
8378.5  193.865
8379.54  209.345
8380.58  214.286
8381.62  214.486
8382.66  221.702
8383.7  225.221
8384.74  222.81
8385.78  208.053
8386.82  198.44
8387.86  204.959
8388.9  206.387
8389.94  206.32
8390.98  204.013
8392.02  204.075
8393.06  205.355
8394.1  203.834
8395.14  205.423
8396.18  210.551
8397.22  183.091
8398.26  170.422
8399.3  218.529
8400.34  204.176
8401.38  183.913
8402.42  244.331
8403.46  250.718
8404.5  213.067
8405.54  204.89
8406.58  200.218
8407.62  194.917
8408.66  203.621
8409.7  213.206
8410.74  213.569
8411.78  205.46
8412.82  199.002
8413.86  223.383
8414.9  224.57
8415.94  202.637
8416.98  196.274
8418.02  194.693
8419.06  196.453
8420.1  205.277
8421.14  214.201
8422.18  217.15
8423.22  210.135
8424.26  200.987
8425.3  215.646
8426.34  217.615
8427.38  204.32
8428.42  219.476
8429.46  231.117
8430.5  226.288
8431.54  202.867
8432.58  176.621
8433.62  168.033
8434.66  174.875
8435.7  192.51
8436.74  205.719
8437.78  207.348
8438.82  195.038
8439.86  201.412
8440.9  206.642
8441.94  198.153
8442.98  193.647
8444.02  193.21
8445.06  204.623
8446.1  206.979
8447.14  202.41
8448.18  213.286
8449.22  210.559
8450.26  183.707
8451.3  187.123
8452.34  192.091
8453.38  173.018
8454.42  185.559
8455.46  211.419
8456.5  223.949
8457.54  212.44
8458.58  182.085
8459.62  191.973
8460.66  201.5
8461.7  195.555
8462.74  198.886
8463.78  202.23
8464.82  199.596
8465.86  189.386
8466.9  176.308
8467.94  173.735
8468.98  173.387
8470.02  175.946
8471.06  217.086
8472.1  240.028
8473.14  203.961
8474.18  197.293
8475.22  198.126
8476.26  194.894
8477.3  192.07
8478.34  189.892
8479.38  190.795
8480.42  190.329
8481.46  187.406
8482.5  190.296
8483.54  194.954
8484.58  200.011
8485.62  206.638
8486.66  209.658
8487.7  196.618
8488.74  189.712
8489.78  189.598
8490.82  195.541
8491.86  199.279
8492.9  196.932
8493.94  197.794
8494.98  198.414
8496.02  196.287
8497.06  193.757
8498.1  192.28
8499.14  196.246
8500.18  206.511
8501.22  219.571
8502.26  202.535
8503.3  183.36
8504.34  169.361
8505.38  194.683
8506.42  224.788
8507.46  222.244
8508.5  219.195
8509.54  211.684
8510.58  182.423
8511.62  176.907
8512.66  201.419
8513.7  205.661
8514.74  202.746
8515.78  191.167
8516.82  199.792
8517.86  210.608
8518.9  199.962
8519.94  193.215
8520.98  189.559
8522.02  183.557
8523.06  178.959
8524.1  176.353
8525.14  175.099
8526.18  176.551
8527.22  181.384
8528.26  192.642
8529.3  202.834
8530.34  195.715
8531.38  193.163
8532.42  194.738
8533.46  190.067
8534.5  185.969
8535.54  183.656
8536.58  188.024
8537.62  191.298
8538.66  182.406
8539.7  187.778
8540.74  199.433
8541.78  204.403
8542.82  199.073
8543.86  184.105
8544.9  175.975
8545.94  173.996
8546.98  179.504
8548.02  191.257
8549.06  198.11
8550.1  179.603
8551.14  170.956
8552.18  168.985
8553.22  164.676
8554.26  168.106
8555.3  180.287
8556.34  192.617
8557.38  198.801
8558.42  189.804
8559.46  189.778
8560.5  192.831
8561.54  195.638
8562.58  196.516
8563.62  195.688
8564.66  192.476
8565.7  191.22
8566.74  193.481
8567.78  192.31
8568.82  190.837
8569.86  189.533
8570.9  194.357
8571.94  200.486
8572.98  199.281
8574.02  190.975
8575.06  178.731
8576.1  182.804
8577.14  184.949
8578.18  178.463
8579.22  176.807
8580.26  177.525
8581.3  179.884
8582.34  185.71
8583.38  191.603
8584.42  187.605
8585.46  185.333
8586.5  185.733
8587.54  179.904
8588.58  177.29
8589.62  184.692
8590.66  176.915
8591.7  171.687
8592.74  194.943
8593.78  198.088
8594.82  187.521
8595.86  178.196
8596.9  174.542
8597.94  178.411
8598.98  188.572
8600.02  194.875
8601.06  187.335
8602.1  187.093
8603.14  188.187
8604.18  184.266
8605.22  186.09
8606.26  191.304
8607.3  183.694
8608.34  182.051
8609.38  191.993
8610.42  185.181
8611.46  180.432
8612.5  192.554
8613.54  204.507
8614.58  211.502
8615.62  195.499
8616.66  185.267
8617.7  183.893
8618.74  199.398
8619.78  206.131
8620.82  192.383
8621.86  192.324
8622.9  192.522
8623.94  182.533
8624.98  179.003
8626.02  179.767
8627.06  181.931
8628.1  185.645
8629.14  190.744
8630.18  188.839
8631.22  189.912
8632.26  201.807
8633.3  199.533
8634.34  190.534
8635.38  175.894
8636.42  178.615
8637.46  190.899
8638.5  183.423
8639.54  187.717
8640.58  209.13
8641.62  204.902
8642.66  196.264
8643.7  191.393
8644.74  201.254
8645.78  214.87
8646.82  218.168
8647.86  218.988
8648.9  215.398
8649.94  194.289
8650.98  176.025
8652.02  166.262
8653.06  188.188
8654.1  211.436
8655.14  212.867
8656.18  197.708
8657.22  180.158
8658.26  199.558
8659.3  196.417
8660.34  172.409
8661.38  188.344
8662.42  198.783
8663.46  185.053
8664.5  193.09
8665.54  202.172
8666.58  195.253
8667.62  186.882
8668.66  178.017
8669.7  170.138
8670.74  180.618
8671.78  209.39
8672.82  212.768
8673.86  203.316
8674.9  177.961
8675.94  182.52
8676.98  197.26
8678.02  209.538
8679.06  201.461
8680.1  182.456
8681.14  193.126
8682.18  192.554
8683.22  173.092
8684.26  185.911
8685.3  199.235
8686.34  192.464
8687.38  193.649
8688.42  198.064
8689.46  206.832
8690.5  200.478
8691.54  184.552
8692.58  202.033
8693.62  211.473
8694.66  199.709
8695.7  201.952
8696.74  202.715
8697.78  189.264
8698.82  184.335
8699.86  184.743
8700.9  189.793
8701.94  192.945
8702.98  194.098
8704.02  204.154
8705.06  205.958
8706.1  188.95
8707.14  193.768
8708.18  200.086
8709.22  184.555
8710.26  195.604
8711.3  217.958
8712.34  208.785
8713.38  203.55
8714.42  206.35
8715.46  202.851
8716.5  201.86
8717.54  208.323
8718.58  205.565
8719.62  201.939
8720.66  205.302
8721.7  208.712
8722.74  210.829
8723.78  205.039
8724.82  197.529
8725.86  189.63
8726.9  198.437
8727.94  207.881
8728.98  207.333
8730.02  205.304
8731.06  202.075
8732.1  199.232
8733.14  195.045
8734.18  190.513
8735.22  191.774
8736.26  189.751
8737.3  181.015
8738.34  181.947
8739.38  188.409
8740.42  203.025
8741.46  200.346
8742.5  190.557
8743.54  192.348
8744.58  192.365
8745.62  190.244
8746.66  195.759
8747.7  200.2
8748.74  199.733
8749.78  195.327
8750.82  195.567
8751.86  214.61
8752.9  227.691
8753.94  233.323
8754.98  219.873
8756.02  212.412
8757.06  214.622
8758.1  203.562
8759.14  196.323
8760.18  205.152
8761.22  199.127
8762.26  185.705
8763.3  163.603
8764.34  156.825
8765.38  164.984
8766.42  191.031
8767.46  201.754
8768.5  187.913
8769.54  174.776
8770.58  166.35
8771.62  171.435
8772.66  174.698
8773.7  180.205
8774.74  198.446
8775.78  191.151
8776.82  165.659
8777.86  185.613
8778.9  200.623
8779.94  194.48
8780.98  209.871
8782.02  216.132
8783.06  177.62
8784.1  179.138
8785.14  198.276
8786.18  197.769
8787.22  188.8
8788.26  174.663
8789.3  184.832
8790.34  191.641
8791.38  183.688
8792.42  168.859
8793.46  162.768
8794.5  199.909
8795.54  192.993
8796.58  164.208
8797.62  182.189
8798.66  191.859
8799.7  185.268
8800.74  185.37
8801.78  187.479
8802.82  191.375
8803.86  197.347
8804.9  201.682
8805.94  197.517
8806.98  196.357
8808.02  196.588
8809.06  190.862
8810.1  187.855
8811.14  189.79
8812.18  200.002
8813.22000000001  206.408
8814.26  197.496
8815.3  189.805
8816.34  186.781
8817.38  201.082
8818.42  220.669
8819.46  242.535
8820.5  256.034
8821.54  247.92
8822.58  208.603
8823.62  195.308
8824.66  186.997
8825.7  166.823
8826.74  173.529
8827.78  194.069
8828.82  202.701
8829.86  211.588
8830.9  218.864
8831.94  189.27
8832.98  164.794
8834.02  163.877
8835.06  195.08
8836.1  216.265
8837.14  157.551
8838.18  147.64
8839.22  168.339
8840.26  163.33
8841.3  184.462
8842.34  237.905
8843.38  234.977
8844.42  214.914
8845.46  188.86
8846.5  181.555
8847.54  180.762
8848.58  172.568
8849.62  171.949
8850.66  177.291
8851.7  184.03
8852.74  177.875
8853.78  152.639
8854.82  153.774
8855.86  159.372
8856.9  154.703
8857.94  161.705
8858.98  170.299
8860.02  158.926
8861.06  162.598
8862.1  179.159
8863.14  176.68
8864.18  169.705
8865.22  160.355
8866.26  163.855
8867.3  171.361
8868.34  180.497
8869.38  165.123
8870.42  142.315
8871.46  159.105
8872.5  160.603
8873.54  143.547
8874.58  158.086
8875.62  175.781
8876.66  186.811
8877.7  183.893
8878.74  177.437
8879.78  179.159
8880.82  181.689
8881.86  183.735
8882.9  174.221
8883.94  182.53
8884.98  213.042
8886.02  187.875
8887.06  143.006
8888.1  80.168
8889.14  83.7163
8890.18  103.759
8891.22  67.8795
8892.26  58.4428
8893.3  79.4181
8894.34  153.729
8895.38  199.131
8896.42  188.007
8897.46  173.966
8898.5  159.101
