3753.62  149.29
3754.66  113.018
3755.7  96.6327
3756.74  99.908
3757.78  197.942
3758.82  258.066
3759.86  488.964
3760.9  237.797
3761.94  198.83
3762.98  90.5965
3764.02  -270.912
3765.06  -240.078
3766.1  150.844
3767.14  -52.6471
3768.18  146.408
3769.22  270.669
3770.26  133.935
3771.3  190.9
3772.34  125.75
3773.38  -98.7448
3774.42  28.1198
3775.46  352.819
3776.5  404.12
3777.54  285.756
3778.58  -33.5816
3779.62  -117.1
3780.66  202.962
3781.7  170.725
3782.74  114.177
3783.78  230.238
3784.82  -92.1951
3785.86  46.0935
3786.9  392.761
3787.94  72.4738
3788.98  194.691
3790.02  200.853
3791.06  -33.7383
3792.1  95.1937
3793.14  86.9475
3794.18  -113.38
3795.22  41.2769
3796.26  168.707
3797.3  13.5195
3798.34  388.762
3799.38  89.6313
3800.42  -257.378
3801.46  419.259
3802.5  232.449
3803.54  -55.9489
3804.58  149.995
3805.62  -152.318
3806.66  -4.62943
3807.7  -111.94
3808.74  -195.902
3809.78  -30.9936
3810.82  102.168
3811.86  122.891
3812.9  130.596
3813.94  185.511
3814.98  100.994
3816.02  -81.2017
3817.06  68.6292
3818.1  -24.6855
3819.14  336.971
3820.18  530.279
3821.22  87.5708
3822.26  119.054
3823.3  249.252
3824.34  105.895
3825.38  31.3686
3826.42  179.521
3827.46  160.858
3828.5  28.1958
3829.54  51.4983
3830.58  146.256
3831.62  147.628
3832.66  -30.6207
3833.7  -67.9324
3834.74  -138.594
3835.78  -99.6059
3836.82  -52.0168
3837.86  122.265
3838.9  268.227
3839.94  41.9551
3840.98  83.7571
3842.02  110.06
3843.06  2.17674
3844.1  196.653
3845.14  5.17939
3846.18  90.0917
3847.22  146.044
3848.26  116.81
3849.3  95.5571
3850.34  171.553
3851.38  -15.5064
3852.42  45.2503
3853.46  140.234
3854.5  -0.466965
3855.54  -7.86988
3856.58  0.394289
3857.62  185.164
3858.66  -14.3056
3859.7  139.932
3860.74  259.07
3861.78  135.554
3862.82  -106.328
3863.86  -44.5723
3864.9  118.724
3865.94  165.849
3866.98  49.7891
3868.02  34.3608
3869.06  263.361
3870.1  335.02
3871.14  238.099
3872.18  128.297
3873.22  323.985
3874.26  48.7686
3875.3  236.786
3876.34  35.6682
3877.38  23.0199
3878.42  127.652
3879.46  249.11
3880.5  207.487
3881.54  94.8381
3882.58  -4.53178
3883.62  -73.2592
3884.66  71.297
3885.7  21.8914
3886.74  120.627
3887.78  164.162
3888.82  132.155
3889.86  60.8431
3890.9  27.5809
3891.94  51.8439
3892.98  145.838
3894.02  20.9397
3895.06  -34.8363
3896.1  118.144
3897.14  29.7978
3898.18  70.7322
3899.22  103.326
3900.26  195.693
3901.3  -26.4956
3902.34  51.0876
3903.38  126.001
3904.42  120.978
3905.46  89.5628
3906.5  -35.0224
3907.54  -43.7206
3908.58  39.7324
3909.62  67.7933
3910.66  30.2316
3911.7  60.3983
3912.74  142.875
3913.78  121.447
3914.82  45.4509
3915.86  78.4247
3916.9  31.7752
3917.94  -56.075
3918.98  55.0587
3920.02  130.975
3921.06  20.7835
3922.1  30.2419
3923.14  190.574
3924.18  207.828
3925.22  111.959
3926.26  113.611
3927.3  136.587
3928.34  4.89385
3929.38  -55.3075
3930.42  67.966
3931.46  101.041
3932.5  79.8666
3933.54  -30.2898
3934.58  64.3122
3935.62  21.2447
3936.66  41.7766
3937.7  70.1513
3938.74  98.064
3939.78  28.7988
3940.82  108.144
3941.86  67.2133
3942.9  -30.0601
3943.94  62.9811
3944.98  112.644
3946.02  15.3638
3947.06  -134.37
3948.1  131.908
3949.14  84.664
3950.18  123.081
3951.22  127.009
3952.26  113.078
3953.3  37.0544
3954.34  -7.35217
3955.38  112.999
3956.42  -84.6109
3957.46  40.0906
3958.5  5.18925
3959.54  66.314
3960.58  -51.5558
3961.62  -10.9962
3962.66  24.9646
3963.7  64.221
3964.74  33.0644
3965.78  94.2995
3966.82  196.449
3967.86  83.9949
3968.9  57.9715
3969.94  60.4571
3970.98  92.7588
3972.02  35.9616
3973.06  187.29
3974.1  120.802
3975.14  65.1041
3976.18  -12.4464
3977.22  37.2284
3978.26  43.2859
3979.3  46.519
3980.34  93.8948
3981.38  156.866
3982.42  13.9706
3983.46  -0.824935
3984.5  78.5664
3985.54  92.9585
3986.58  49.7048
3987.62  67.2989
3988.66  48.8892
3989.7  18.9526
3990.74  73.2685
3991.78  132.905
3992.82  70.2167
3993.86  22.1008
3994.9  -27.8764
3995.94  -27.9672
3996.98  -37.9184
3998.02  -68.3332
3999.06  -35.8018
4000.1  99.5608
4001.14  60.9694
4002.18  96.7028
4003.22  73.0727
4004.26  35.4657
4005.3  44.0223
4006.34  66.7397
4007.38  97.4295
4008.42  33.6609
4009.46  64.5467
4010.5  93.6213
4011.54  78.6676
4012.58  59.2565
4013.62  39.6346
4014.66  219.053
4015.7  -5.68055
4016.74  31.5102
4017.78  124.363
4018.82  205.311
4019.86  130.692
4020.9  111.666
4021.94  115.497
4022.98  88.7467
4024.02  39.1397
4025.06  112.682
4026.1  104.599
4027.14  103.848
4028.18  64.7105
4029.22  77.7713
4030.26  74.8578
4031.3  -7.65116
4032.34  143.017
4033.38  84.5039
4034.42  125.293
4035.46  -18.7208
4036.5  78.0093
4037.54  38.563
4038.58  42.3789
4039.62  34.1412
4040.66  91.83
4041.7  40.211
4042.74  83.5379
4043.78  89.3544
4044.82  115.839
4045.86  79.8441
4046.9  17.1313
4047.94  99.7881
4048.98  -34.2347
4050.02  144.496
4051.06  194.762
4052.1  193.847
4053.14  85.521
4054.18  198.638
4055.22  47.6936
4056.26  123.855
4057.3  71.9462
4058.34  -16.7588
4059.38  6.65122
4060.42  22.8775
4061.46  51.5413
4062.5  158.668
4063.54  67.6751
4064.58  128.66
4065.62  63.8319
4066.66  57.3165
4067.7  25.5101
4068.74  33.0977
4069.78  64.1953
4070.82  113.487
4071.86  11.7431
4072.9  -1.24014
4073.94  -1.68307
4074.98  60.149
4076.02  50.3764
4077.06  26.6105
4078.1  62.2331
4079.14  59.9679
4080.18  135.814
4081.22  160.975
4082.26  196.009
4083.3  120.666
4084.34  118.904
4085.38  105.369
4086.42  74.3138
4087.46  29.6132
4088.5  82.3341
4089.54  116.8
4090.58  33.6133
4091.62  49.4174
4092.66  135.892
4093.7  69.6357
4094.74  18.5876
4095.78  101.45
4096.82  120.379
4097.86  104.582
4098.9  97.321
4099.94  1.35586
4100.98  -56.5458
4102.02  81.9811
4103.06  68.0016
4104.1  39.5414
4105.14  126.805
4106.18  81.3211
4107.22  72.6732
4108.26  79.1092
4109.3  58.2776
4110.34  49.1517
4111.38  81.0498
4112.42  56.0404
4113.46  68.2868
4114.5  64.8975
4115.54  57.616
4116.58  11.0709
4117.62  79.9512
4118.66  99.7682
4119.7  73.0927
4120.74  99.3703
4121.78  90.2682
4122.82  104.411
4123.86  61.717
4124.9  -4.04356
4125.94  92.4955
4126.98  92.2593
4128.02  33.1024
4129.06  98.3609
4130.1  132.222
4131.14  18.976
4132.18  136.499
4133.22  113.811
4134.26  144.347
4135.3  66.1576
4136.34  73.857
4137.38  131.751
4138.42  75.2512
4139.46  93.0879
4140.5  74.8392
4141.54  79.7104
4142.58  71.8228
4143.62  96.4754
4144.66  36.1201
4145.7  99.1875
4146.74  75.7729
4147.78  29.8341
4148.82  56.1626
4149.86  56.747
4150.9  177.458
4151.94  222.082
4152.98  32.1253
4154.02  -14.9325
4155.06  14.3853
4156.1  43.6261
4157.14  168.683
4158.18  59.0985
4159.22  38.8386
4160.26  72.1059
4161.3  140.921
4162.34  78.7549
4163.38  11.1103
4164.42  58.7005
4165.46  21.4356
4166.5  81.1035
4167.54  83.3268
4168.58  50.4163
4169.62  23.5262
4170.66  7.44717
4171.7  47.1735
4172.74  29.2164
4173.78  8.43413
4174.82  40.7138
4175.86  24.2437
4176.9  15.73
4177.94  61.762
4178.98  67.8719
4180.02  22.9883
4181.06  18.2743
4182.1  25.9231
4183.14  96.9798
4184.18  102.997
4185.22  49.4033
4186.26  49.6233
4187.3  29.5577
4188.34  33.5315
4189.38  93.4731
4190.42  119.34
4191.46  81.7214
4192.5  16.9541
4193.54  79.1429
4194.58  141.958
4195.62  -1.36945
4196.66  22.0707
4197.7  16.6133
4198.74  63.3836
4199.78  67.9741
4200.82  72.9778
4201.86  133.346
4202.9  37.2456
4203.94  90.4851
4204.98  -25.1241
4206.02  25.2976
4207.06  -13.1749
4208.1  95.5652
4209.14  33.1396
4210.18  79.6298
4211.22  97.8922
4212.26  9.78836
4213.3  62.0841
4214.34  55.5674
4215.38  97.9108
4216.42  38.6496
4217.46  75.8228
4218.5  41.9571
4219.54  30.1868
4220.58  47.6493
4221.62  -38.5174
4222.66  39.9908
4223.7  57.0613
4224.74  70.2385
4225.78  64.6329
4226.82  94.8987
4227.86  47.5508
4228.9  89.4939
4229.94  36.76
4230.98  68.6509
4232.02  37.6765
4233.06  93.9984
4234.1  85.3094
4235.14  113.608
4236.18  81.9419
4237.22  68.2935
4238.26  97.9627
4239.3  61.5225
4240.34  88.3413
4241.38  66.932
4242.42  83.0524
4243.46  123.297
4244.5  60.8231
4245.54  109.231
4246.58  97.0385
4247.62  72.9495
4248.66  37.1593
4249.7  -6.02758
4250.74  25.8842
4251.78  76.0637
4252.82  55.1345
4253.86  66.1996
4254.9  85.6968
4255.94  84.0084
4256.98  62.7894
4258.02  61.8952
4259.06  64.7498
4260.1  58.5339
4261.14  145.23
4262.18  58.8595
4263.22  71.5645
4264.26  90.1095
4265.3  33.7559
4266.34  60.734
4267.38  12.2327
4268.42  0.384721
4269.46  -22.6787
4270.5  146.98
4271.54  147.413
4272.58  55.5069
4273.62  76.3725
4274.66  60.6476
4275.7  64.4581
4276.74  93.6148
4277.78  78.4122
4278.82  73.0205
4279.86  70.7064
4280.9  63.1454
4281.94  27.7242
4282.98  94.0004
4284.02  56.2472
4285.06  20.4977
4286.1  51.9411
4287.14  63.1527
4288.18  0.6104
4289.22  13.1685
4290.26  101.131
4291.3  50.2383
4292.34  28.0413
4293.38  68.4583
4294.42  73.0116
4295.46  72.6551
4296.5  10.9476
4297.54  19.8157
4298.58  58.6252
4299.62  9.60938
4300.66  29.5754
4301.7  53.3894
4302.74  77.4279
4303.78  70.2374
4304.82  89.8594
4305.86  70.502
4306.9  66.0299
4307.94  45.2569
4308.98  85.4671
4310.02  82.7465
4311.06  112.279
4312.1  79.7723
4313.14  73.9618
4314.18  73.0346
4315.22  100.119
4316.26  16.0861
4317.3  12.1518
4318.34  98.9784
4319.38  54.7879
4320.42  8.82511
4321.46  161.02
4322.5  36.9254
4323.54  104.382
4324.58  54.2754
4325.62  48.6291
4326.66  55.119
4327.7  16.5874
4328.74  52.0847
4329.78  15.0302
4330.82  140.35
4331.86  96.1121
4332.9  19.3458
4333.94  58.3036
4334.98  58.4544
4336.02  20.0392
4337.06  -12.5498
4338.1  55.8894
4339.14  89.2315
4340.18  26.9085
4341.22  52.2253
4342.26  69.0787
4343.3  67.5143
4344.34  -11.0664
4345.38  17.898
4346.42  74.5295
4347.46  38.0246
4348.5  58.1211
4349.54  44.8252
4350.58  75.9282
4351.62  46.8419
4352.66  14.4319
4353.7  28.5061
4354.74  41.9745
4355.78  87.405
4356.82  125.55
4357.86  21.9879
4358.9  53.0943
4359.94  35.9291
4360.98  32.5632
4362.02  24.0704
4363.06  54.0429
4364.1  72.0583
4365.14  52.9563
4366.18  110.341
4367.22  102.411
4368.26  44.648
4369.3  16.1983
4370.34  11.9011
4371.38  58.2432
4372.42  29.0503
4373.46  71.8078
4374.5  102.809
4375.54  90.9935
4376.58  123.047
4377.62  95.8887
4378.66  51.9614
4379.7  26.5221
4380.74  61.765
4381.78  89.3948
4382.82  0.889135
4383.86  -7.53793
4384.9  73.6474
4385.94  45.4775
4386.98  32.5089
4388.02  32.0299
4389.06  24.8161
4390.1  34.1626
4391.14  68.6508
4392.18  59.5005
4393.22  89.3055
4394.26  35.4165
4395.3  39.035
4396.34  30.3647
4397.38  56.8512
4398.42  87.5504
4399.46  61.0617
4400.5  110.127
4401.54  69.6239
4402.58  43.9952
4403.62  13.8697
4404.66  53.2877
4405.7  108.784
4406.74  109.385
4407.78  74.075
4408.82  56.9993
4409.86  98.5968
4410.9  -13.1122
4411.94  -15.3029
4412.98  -0.53368
4414.02  75.7265
4415.06  79.5846
4416.1  64.334
4417.14  95.8211
4418.18  80.7292
4419.22  75.681
4420.26  86.2702
4421.3  31.4849
4422.34  52.2148
4423.38  12.9172
4424.42  22.7856
4425.46  31.4356
4426.5  79.7031
4427.54  67.6769
4428.58  21.425
4429.62  18.1096
4430.66  70.2387
4431.7  103.169
4432.74  43.8115
4433.78  115.093
4434.82  147.065
4435.86  8.63361
4436.9  74.9927
4437.94  96.4756
4438.98  109.111
4440.02  -23.8131
4441.06  32.2983
4442.1  43.2242
4443.14  106.814
4444.18  59.3721
4445.22  79.428
4446.26  47.7297
4447.3  46.7724
4448.34  79.5293
4449.38  85.5048
4450.42  45.1978
4451.46  40.4987
4452.5  54.8203
4453.54  23.9991
4454.58  63.0336
4455.62  24.9484
4456.66  45.4005
4457.7  26.7732
4458.74  75.5215
4459.78  71.3313
4460.82  74.7241
4461.86  46.6629
4462.9  -7.84721
4463.94  -10.2501
4464.98  4.9482
4466.02  13.0429
4467.06  23.1782
4468.1  64.6696
4469.14  33.9543
4470.18  17.7928
4471.22  23.9563
4472.26  34.4155
4473.3  40.4849
4474.34  82.3461
4475.38  64.3524
4476.42  66.2363
4477.46  57.9405
4478.5  57.3534
4479.54  61.0632
4480.58  66.2844
4481.62  62.2808
4482.66  51.70451
4483.7  52.03677
4484.74  52.36903
4485.78  52.70113
4486.82  53.03339
4487.86  53.36565
4488.9  53.69791
4489.94  54.03016
4490.98  54.36242
4492.02  54.69468
4493.06  55.02694
4494.1  55.3592
4495.14  55.69146
4496.18  56.02372
4497.22  56.35598
4498.26  89.4181
4499.3  82.8811
4500.34  64.0147
4501.38  78.4796
4502.42  114.96
4503.46  35.9113
4504.5  77.3461
4505.54  32.5149
4506.58  51.8616
4507.62  6.82628
4508.66  40.9495
4509.7  64.9922
4510.74  -1.29149
4511.78  35.5063
4512.82  27.6816
4513.86  84.4398
4514.9  68.3603
4515.94  90.3517
4516.98  23.407
4518.02  85.8054
4519.06  86.6731
4520.1  171.612
4521.14  70.5013
4522.18  47.2263
4523.22  23.5704
4524.26  41.9895
4525.3  59.6008
4526.34  77.0393
4527.38  11.4764
4528.42  72.7267
4529.46  46.3705
4530.5  68.3997
4531.54  43.2576
4532.58  28.8171
4533.62  96.9759
4534.66  16.145
4535.7  109.828
4536.74  25.8907
4537.78  118.25
4538.82  44.1839
4539.86  37.566
4540.9  77.035
4541.94  42.4193
4542.98  96.4797
4544.02  56.9006
4545.06  68.4434
4546.1  67.4736
4547.14  74.8462
4548.18  131.736
4549.22  79.548
4550.26  103.503
4551.3  58.4743
4552.34  76.156
4553.38  90.9904
4554.42  61.0369
4555.46  110.992
4556.5  110.539
4557.54  48.0927
4558.58  62.266
4559.62  101.797
4560.66  75.5852
4561.7  85.7316
4562.74  80.838
4563.78  94.4599
4564.82  69.7099
4565.86  27.5707
4566.9  80.5662
4567.94  101.44
4568.98  71.4657
4570.02  72.2535
4571.06  49.0832
4572.1  39.8922
4573.14  36.365
4574.18  37.0416
4575.22  36.6734
4576.26  22.6599
4577.3  9.64165
4578.34  34.5299
4579.38  40.8684
4580.42  53.1777
4581.46  71.5823
4582.5  108.265
4583.54  93.3936
4584.58  43.3598
4585.62  12.8703
4586.66  59.9059
4587.7  84.8634
4588.74  98.1986
4589.78  70.6733
4590.82  62.3994
4591.86  43.1423
4592.9  81.648
4593.94  68.0185
4594.98  66.847
4596.02  56.5738
4597.06  57.2594
4598.1  105.604
4599.14  48.5273
4600.18  81.6351
4601.22  43.4268
4602.26  78.3185
4603.3  92.3624
4604.34  66.0582
4605.38  31.8277
4606.42  102.861
4607.46  97.6191
4608.5  68.8986
4609.54  64.6865
4610.58  18.3637
4611.62  59.2345
4612.66  86.3886
4613.7  8.78397
4614.74  76.4885
4615.78  22.4809
4616.82  65.5522
4617.86  67.0936
4618.9  49.9353
4619.94  69.1843
4620.98  52.8912
4622.02  64.5523
4623.06  30.9501
4624.1  42.4012
4625.14  12.3622
4626.18  66.0841
4627.22  19.6694
4628.26  5.21253
4629.3  28.1826
4630.34  38.4295
4631.38  57.2502
4632.42  61.6175
4633.46  34.6832
4634.5  11.0578
4635.54  69.9588
4636.58  107.056
4637.62  90.947
4638.66  70.3284
4639.7  63.8089
4640.74  119.308
4641.78  88.8699
4642.82  59.1769
4643.86  73.2961
4644.9  33.3724
4645.94  35.8477
4646.98  79.2539
4648.02  77.6586
4649.06  63.4557
4650.1  81.3704
4651.14  76.7773
4652.18  98.5927
4653.22  75.0878
4654.26  26.8666
4655.3  40.6527
4656.34  40.8091
4657.38  80.4501
4658.42  104.674
4659.46  90.3332
4660.5  65.5847
4661.54  87.1367
4662.58  68.7911
4663.62  78.4921
4664.66  84.0177
4665.7  89.8017
4666.74  89.9375
4667.78  85.5159
4668.82  96.392
4669.86  63.3798
4670.9  67.9481
4671.94  72.9767
4672.98  54.7589
4674.02  34.4888
4675.06  51.0853
4676.1  123.883
4677.14  96.6144
4678.18  73.5233
4679.22  66.6317
4680.26  75.7961
4681.3  131.446
4682.34  85.6171
4683.38  33.5537
4684.42  98.1293
4685.46  135.315
4686.5  106.952
4687.54  114.19
4688.58  56.9933
4689.62  70.1966
4690.66  85.2477
4691.7  103.367
4692.74  81.9004
4693.78  84.1949
4694.82  82.5163
4695.86  54.5654
4696.9  83.5395
4697.94  98.091
4698.98  64.2006
4700.02  100.475
4701.06  40.3966
4702.1  30.6018
4703.14  91.7556
4704.18  91.4881
4705.22  14.467
4706.26  71.2417
4707.3  99.9773
4708.34  106.669
4709.38  107.509
4710.42  53.9221
4711.46  59.5203
4712.5  87.3263
4713.54  69.7236
4714.58  29.846
4715.62  78.2859
4716.66  77.8247
4717.7  99.1211
4718.74  73.3413
4719.78  24.7967
4720.82  94.3433
4721.86  81.481
4722.9  68.3701
4723.94  51.0507
4724.98  111.869
4726.02  61.7303
4727.06  63.7554
4728.1  89.6762
4729.14  60.7245
4730.18  71.2859
4731.22  92.9235
4732.26  74.437
4733.3  36.4164
4734.34  90.5346
4735.38  111.73
4736.42  77.3488
4737.46  20.2948
4738.5  60.9013
4739.54  107.55
4740.58  88.9072
4741.62  37.2992
4742.66  40.3575
4743.7  70.5622
4744.74  85.9203
4745.78  52.5082
4746.82  40.3077
4747.86  69.9684
4748.9  59.078
4749.94  69.5895
4750.98  93.4477
4752.02  56.8042
4753.06  84.9422
4754.1  82.7241
4755.14  27.6393
4756.18  38.4016
4757.22  55.0816
4758.26  97.0477
4759.3  87.3437
4760.34  43.2856
4761.38  111.176
4762.42  98.6768
4763.46  45.1479
4764.5  10.2709
4765.54  43.4089
4766.58  38.2834
4767.62  46.6474
4768.66  102.578
4769.7  48.9224
4770.74  94.0934
4771.78  52.6268
4772.82  69.648
4773.86  -7.809
4774.9  32.5184
4775.94  70.8608
4776.98  52.9799
4778.02  79.7042
4779.06  89.5922
4780.1  59.8604
4781.14  73.701
4782.18  106.861
4783.22  105.076
4784.26  75.4129
4785.3  85.3862
4786.34  112.338
4787.38  67.0344
4788.42  48.8473
4789.46  45.9225
4790.5  86.4485
4791.54  62.1053
4792.58  35.1474
4793.62  61.6792
4794.66  70.4551
4795.7  61.4639
4796.74  92.4894
4797.78  97.7271
4798.82  69.3606
4799.86  63.2627
4800.9  87.3111
4801.94  87.6312
4802.98  124.021
4804.02  123.887
4805.06  81.6547
4806.1  55.1515
4807.14  28.0138
4808.18  70.4953
4809.22  77.054
4810.26  104.515
4811.3  80.2274
4812.34  56.332
4813.38  104.983
4814.42  104.928
4815.46  90.9492
4816.5  58.3492
4817.54  19.0977
4818.58  78.8817
4819.62  104.337
4820.66  106.617
4821.7  60.4275
4822.74  72.344
4823.78  80.096
4824.82  57.439
4825.86  5.33243
4826.9  43.4834
4827.94  66.2478
4828.98  47.3758
4830.02  61.9776
4831.06  71.0816
4832.1  91.3412
4833.14  93.6407
4834.18  86.3402
4835.22  82.1746
4836.26  46.1716
4837.3  68.6579
4838.34  82.9317
4839.38  117.497
4840.42  111.315
4841.46  75.6957
4842.5  66.8085
4843.54  53.7439
4844.58  67.2771
4845.62  42.9822
4846.66  67.2323
4847.7  97.5362
4848.74  126.047
4849.78  66.8886
4850.82  84.7166
4851.86  68.1954
4852.9  111.356
4853.94  39.0569
4854.98  79.9523
4856.02  89.5249
4857.06  56.9214
4858.1  43.7953
4859.14  64.5924
4860.18  58.2163
4861.22  57.3539
4862.26  39.07
4863.3  31.9347
4864.34  55.9694
4865.38  39.7084
4866.42  48.6374
4867.46  36.7497
4868.5  79.7426
4869.54  60.7075
4870.58  49.8176
4871.62  73.8013
4872.66  65.0246
4873.7  69.8879
4874.74  104.573
4875.78  43.5017
4876.82  53.5199
4877.86  46.1494
4878.9  48.8701
4879.94  102.165
4880.98  73.6331
4882.02  65.2532
4883.06  43.0151
4884.1  62.2469
4885.14  82.0739
4886.18  105.76
4887.22  85.6101
4888.26  76.0855
4889.3  77.6076
4890.34  62.8975
4891.38  81.5329
4892.42  103.819
4893.46  58.7996
4894.5  102.797
4895.54  62.951
4896.58  95.7652
4897.62  85.3669
4898.66  79.9593
4899.7  63.5407
4900.74  50.2724
4901.78  61.8803
4902.82  70.6346
4903.86  82.3665
4904.9  76.9805
4905.94  49.8868
4906.98  64.7951
4908.02  79.6274
4909.06  68.9293
4910.1  52.4618
4911.14  85.2936
4912.18  90.4291
4913.22  62.6395
4914.26  85.3984
4915.3  95.0901
4916.34  65.4008
4917.38  47.4517
4918.42  67.7085
4919.46  77.2138
4920.5  66.665
4921.54  37.8203
4922.58  20.549
4923.62  72.1683
4924.66  61.5088
4925.7  65.7774
4926.74  67.3029
4927.78  63.0726
4928.82  53.9161
4929.86  42.3235
4930.9  39.4884
4931.94  34.1774
4932.98  107.624
4934.02  39.3189
4935.06  51.0745
4936.1  17.8561
4937.14  74.4386
4938.18  126.3
4939.22  118.587
4940.26  107.269
4941.3  114.361
4942.34  72.8986
4943.38  81.2706
4944.42  58.4355
4945.46  24.7804
4946.5  61.7623
4947.54  64.6632
4948.58  39.0371
4949.62  77.7274
4950.66  104.411
4951.7  91.8617
4952.74  90.0981
4953.78  36.9889
4954.82  56.6086
4955.86  44.7118
4956.9  39.0994
4957.94  96.5677
4958.98  100.667
4960.02  40.9174
4961.06  62.6263
4962.1  61.6314
4963.14  59.2584
4964.18  83.2472
4965.22  58.5321
4966.26  61.6826
4967.3  63.5453
4968.34  88.5114
4969.38  85.9168
4970.42  83.1838
4971.46  67.1264
4972.5  61.6988
4973.54  64.1647
4974.58  69.8798
4975.62  59.9316
4976.66  70.5514
4977.7  56.4036
4978.74  43.3953
4979.78  20.5133
4980.82  41.7875
4981.86  77.6996
4982.9  87.296
4983.94  72.8648
4984.98  104.113
4986.02  90.2065
4987.06  100.46
4988.1  70.1217
4989.14  58.8159
4990.18  71.203
4991.22  81.1942
4992.26  58.8868
4993.3  58.0932
4994.34  36.313
4995.38  61.9902
4996.42  43.4694
4997.46  62.027
4998.5  63.4764
4999.54  51.2665
5000.58  60.3286
5001.62  66.1302
5002.66  72.5432
5003.7  52.6153
5004.74  51.4982
5005.78  64.6073
5006.82  78.6972
5007.86  93.0218
5008.9  97.9474
5009.94  101.894
5010.98  127.484
5012.02  63.4559
5013.06  74.6619
5014.1  38.9954
5015.14  56.8128
5016.18  73.6827
5017.22  60.5561
5018.26  75.7579
5019.3  26.4235
5020.34  98.9178
5021.38  112.53
5022.42  85.7488
5023.46  30.0944
5024.5  30.7229
5025.54  41.6012
5026.58  114.571
5027.62  59.2508
5028.66  67.0046
5029.7  65.3311
5030.74  87.7953
5031.78  17.9556
5032.82  12.8355
5033.86  50.7182
5034.9  43.6389
5035.94  70.6431
5036.98  69.3769
5038.02  72.3018
5039.06  56.1759
5040.1  49.9223
5041.14  71.4426
5042.18  84.1712
5043.22  70.0764
5044.26  40.0327
5045.3  38.4427
5046.34  58.6434
5047.38  47.1776
5048.42  65.6243
5049.46  78.0849
5050.5  68.8106
5051.54  57.371
5052.58  96.5916
5053.62  82.4585
5054.66  65.9613
5055.7  64.774
5056.74  64.2798
5057.78  27.3983
5058.82  40.0678
5059.86  92.0676
5060.9  55.6197
5061.94  70.8341
5062.98  80.308
5064.02  79.1286
5065.06  29.1759
5066.1  51.8715
5067.14  71.1036
5068.18  54.3689
5069.22  76.6887
5070.26  109.41
5071.3  81.2738
5072.34  35.3996
5073.38  106.352
5074.42  55.9352
5075.46  37.8178
5076.5  30.3465
5077.54  53.0921
5078.58  69.1357
5079.62  93.4455
5080.66  59.2697
5081.7  76.5531
5082.74  97.7973
5083.78  18.0896
5084.82  111.676
5085.86  65.5737
5086.9  58.078
5087.94  59.2449
5088.98  45.7501
5090.02  77.1396
5091.06  19.4639
5092.1  30.4866
5093.14  53.9083
5094.18  24.096
5095.22  56.8213
5096.26  45.5247
5097.3  65.8995
5098.34  112.677
5099.38  80.2998
5100.42  37.5771
5101.46  32.1901
5102.5  33.6449
5103.54  55.4146
5104.58  63.4823
5105.62  53.1654
5106.66  55.5928
5107.7  39.0576
5108.74  67.3
5109.78  51.3663
5110.82  48.917
5111.86  91.5837
5112.9  106.831
5113.94  76.8747
5114.98  55.4582
5116.02  78.5371
5117.06  73.3286
5118.1  81.7874
5119.14  77.1838
5120.18  45.0412
5121.22  74.9912
5122.26  92.4605
5123.3  59.8071
5124.34  76.8375
5125.38  65.8767
5126.42  29.4718
5127.46  31.514
5128.5  53.7869
5129.54  87.7698
5130.58  51.8121
5131.62  28.5861
5132.66  54.1544
5133.7  57.5841
5134.74  37.3148
5135.78  48.0858
5136.82  31.7894
5137.86  30.6044
5138.9  84.7479
5139.94  71.5356
5140.98  60.3526
5142.02  61.738
5143.06  70.462
5144.1  65.3414
5145.14  44.2754
5146.18  47.4243
5147.22  66.1901
5148.26  37.8596
5149.3  53.1375
5150.34  26.8188
5151.38  60.5867
5152.42  84.0955
5153.46  87.4018
5154.5  102.883
5155.54  84.7111
5156.58  70.9085
5157.62  59.6446
5158.66  103.67
5159.7  65.753
5160.74  58.2005
5161.78  83.1434
5162.82  95.6899
5163.86  61.7057
5164.9  57.5329
5165.94  73.4028
5166.98  76.4161
5168.02  54.6588
5169.06  53.375
5170.1  57.0409
5171.14  68.2126
5172.18  85.6674
5173.22  99.1184
5174.26  84.7244
5175.3  46.2353
5176.34  44.8732
5177.38  43.3246
5178.42  41.6234
5179.46  56.2582
5180.5  52.4213
5181.54  51.4276
5182.58  54.8356
5183.62  62.9259
5184.66  58.9769
5185.7  56.8256
5186.74  -6.68868
5187.78  33.5621
5188.82  86.6103
5189.86  62.5121
5190.9  73.3184
5191.94  72.1211
5192.98  56.8191
5194.02  42.8428
5195.06  77.6021
5196.1  55.1564
5197.14  30.0726
5198.18  71.9517
5199.22  63.6942
5200.26  75.2912
5201.3  88.1051
5202.34  66.5931
5203.38  39.6738
5204.42  41.1587
5205.46  40.6337
5206.5  61.7014
5207.54  56.105
5208.58  70.9462
5209.62  90.5861
5210.66  87.7484
5211.7  82.3028
5212.74  39.0006
5213.78  37.2626
5214.82  72.9831
5215.86  71.9424
5216.9  61.51
5217.94  61.7267
5218.98  36.5067
5220.02  44.748
5221.06  81.959
5222.1  74.9044
5223.14  58.8644
5224.18  67.7903
5225.22  43.8426
5226.26  41.2036
5227.3  60.4524
5228.34  73.2797
5229.38  129.643
5230.42  174.168
5231.46  164.325
5232.5  124.152
5233.54  93.5862
5234.58  54.7746
5235.62  48.5639
5236.66  25.022
5237.7  62.2025
5238.74  49.2537
5239.78  71.6234
5240.82  70.6708
5241.86  54.5227
5242.9  47.3445
5243.94  84.7717
5244.98  64.098
5246.02  51.836
5247.06  43.9851
5248.1  45.1536
5249.14  54.4158
5250.18  38.21
5251.22  88.4572
5252.26  60.3374
5253.3  80.1792
5254.34  28.4671
5255.38  90.3307
5256.42  71.1871
5257.46  56.4357
5258.5  76.1721
5259.54  76.7398
5260.58  90.0018
5261.62  60.8771
5262.66  60.5543
5263.7  58.497
5264.74  81.7785
5265.78  56.1299
5266.82  67.7512
5267.86  46.8997
5268.9  53.5232
5269.94  44.6101
5270.98  50.1722
5272.02  45.6777
5273.06  38.0154
5274.1  28.2626
5275.14  35.2247
5276.18  66.4741
5277.22  64.8983
5278.26  65.6683
5279.3  44.2622
5280.34  58.9337
5281.38  49.0503
5282.42  42.8759
5283.46  47.1702
5284.5  74.7801
5285.54  86.6795
5286.58  61.1911
5287.62  62.2659
5288.66  57.222
5289.7  75.8826
5290.74  67.6485
5291.78  52.9742
5292.82  55.1181
5293.86  61.0916
5294.9  60.9024
5295.94  49.2033
5296.98  29.4437
5298.02  62.808
5299.06  60.7881
5300.1  67.9229
5301.14  82.1473
5302.18  84.7018
5303.22  70.7609
5304.26  31.0123
5305.3  60.6222
5306.34  65.5496
5307.38  67.2997
5308.42  33.2946
5309.46  28.5941
5310.5  58.9257
5311.54  65.6238
5312.58  69.4348
5313.62  98.1191
5314.66  64.8415
5315.7  62.0999
5316.74  62.9144
5317.78  67.5611
5318.82  57.888
5319.86  59.7788
5320.9  44.6979
5321.94  50.486
5322.98  73.4807
5324.02  56.0297
5325.06  54.4156
5326.1  67.6034
5327.14  45.3332
5328.18  44.5515
5329.22  69.6381
5330.26  79.4277
5331.3  52.8289
5332.34  46.0184
5333.38  51.27
5334.42  68.3801
5335.46  50.1043
5336.5  83.3306
5337.54  56.8361
5338.58  65.1894
5339.62  84.7202
5340.66  50.9953
5341.7  52.8888
5342.74  57.5175
5343.78  64.1998
5344.82  55.2271
5345.86  41.7767
5346.9  71.0751
5347.94  79.9293
5348.98  72.1423
5350.02  82.5069
5351.06  71.7865
5352.1  71.4482
5353.14  92.495
5354.18  69.3513
5355.22  59.8394
5356.26  75.2447
5357.3  52.3631
5358.34  54.3225
5359.38  60.1582
5360.42  79.1623
5361.46  72.249
5362.5  41.0294
5363.54  90.9345
5364.58  53.5346
5365.62  58.7836
5366.66  47.913
5367.7  61.3571
5368.74  80.8621
5369.78  72.6131
5370.82  50.9934
5371.86  48.9462
5372.9  23.0698
5373.94  51.3444
5374.98  52.6619
5376.02  38.8926
5377.06  46.2221
5378.1  63.0524
5379.14  72.8281
5380.18  67.0295
5381.22  66.2939
5382.26  48.9428
5383.3  42.2047
5384.34  75.3993
5385.38  38.5552
5386.42  34.5459
5387.46  98.7457
5388.5  98.7586
5389.54  72.9752
5390.58  64.9471
5391.62  47.063
5392.66  78.8291
5393.7  63.5377
5394.74  58.1015
5395.78  64.5531
5396.82  48.8917
5397.86  85.4853
5398.9  66.8963
5399.94  33.7544
5400.98  67.2906
5402.02  50.6222
5403.06  27.4329
5404.1  50.0852
5405.14  30.8639
5406.18  40.3125
5407.22  69.602
5408.26  69.4823
5409.3  45.7496
5410.34  47.8015
5411.38  77.829
5412.42  72.2805
5413.46  46.2745
5414.5  69.0592
5415.54  86.1225
5416.58  57.7409
5417.62  35.3518
5418.66  69.5408
5419.7  58.6729
5420.74  72.5131
5421.78  46.4083
5422.82  31.7434
5423.86  60.6228
5424.9  45.2728
5425.94  38.0147
5426.98  90.1666
5428.02  130.858
5429.06  78.245
5430.1  74.6209
5431.14  51.9973
5432.18  65.4446
5433.22  53.9283
5434.26  69.2888
5435.3  31.1268
5436.34  33.4397
5437.38  65.3397
5438.42  86.3327
5439.46  76.9294
5440.5  72.8205
5441.54  68.2704
5442.58  39.6786
5443.62  60.1709
5444.66  44.9546
5445.7  43.3625
5446.74  77.385
5447.78  60.0224
5448.82  76.1418
5449.86  90.6171
5450.9  66.8395
5451.94  42.1153
5452.98  34.4009
5454.02  27.682
5455.06  31.1736
5456.1  58.7731
5457.14  59.5007
5458.18  42.4217
5459.22  66.0243
5460.26  82.8053
5461.3  60.6633
5462.34  34.1797
5463.38  58.4017
5464.42  61.9332
5465.46  86.2774
5466.5  60.7683
5467.54  72.0829
5468.58  41.1249
5469.62  65.7946
5470.66  66.2779
5471.7  51.398
5472.74  74.4349
5473.78  58.6336
5474.82  72.7532
5475.86  73.5395
5476.9  30.3755
5477.94  17.4305
5478.98  73.0974
5480.02  71.3658
5481.06  95.1466
5482.1  60.2345
5483.14  63.5667
5484.18  70.1943
5485.22  64.132
5486.26  53.0629
5487.3  67.4745
5488.34  51.3494
5489.38  71.4798
5490.42  82.7666
5491.46  78.5269
5492.5  67.4952
5493.54  74.505
5494.58  48.7838
5495.62  58.9968
5496.66  61.2943
5497.7  39.285
5498.74  46.8782
5499.78  82.3467
5500.82  82.1621
5501.86  57.0787
5502.9  52.8888
5503.94  62.8613
5504.98  83.556
5506.02  85.9575
5507.06  70.5146
5508.1  103.702
5509.14  71.1686
5510.18  49.55
5511.22  68.5266
5512.26  55.7552
5513.3  56.0596
5514.34  40.2592
5515.38  76.2302
5516.42  92.53
5517.46  72.4171
5518.5  67.9642
5519.54  37.1246
5520.58  49.1195
5521.62  33.2867
5522.66  46.4115
5523.7  79.2888
5524.74  33.433
5525.78  62.2839
5526.82  104.099
5527.86  85.9854
5528.9  47.1188
5529.94  28.8653
5530.98  73.6908
5532.02  68.7746
5533.06  52.2116
5534.1  85.7707
5535.14  74.3532
5536.18  86.5985
5537.22  77.1534
5538.26  34.8168
5539.3  47.2541
5540.34  71.8155
5541.38  63.7352
5542.42  52.674
5543.46  42.9001
5544.5  52.7629
5545.54  75.6159
5546.58  76.3939
5547.62  58.3674
5548.66  67.0053
5549.7  52.6598
5550.74  24.1679
5551.78  49.3516
5552.82  55.825
5553.86  96.7911
5554.9  41.664
5555.94  106.997
5556.98  56.5781
5558.02  72.0114
5559.06  45.4082
5560.1  57.4465
5561.14  53.0403
5562.18  61.5917
5563.22  85.6884
5564.26  95.9057
5565.3  73.3486
5566.34  40.5471
5567.38  53.3205
5568.42  56.9572
5569.46  65.9264
5570.5  78.6683
5571.54  55.40165
5572.58  52.51019
5573.62  49.61874
5574.66  46.72728
5575.7  43.83583
5576.74  40.94437
5577.78  38.05428
5578.82  35.16282
5579.86  32.27137
5580.9  29.37991
5581.94  26.48846
5582.98  43.5378
5584.02  84.7521
5585.06  49.0665
5586.1  72.5763
5587.14  73.4187
5588.18  66.1064
5589.22  58.3776
5590.26  80.1646
5591.3  41.0427
5592.34  36.5766
5593.38  5.84573
5594.42  51.6606
5595.46  60.0956
5596.5  57.8244
5597.54  48.139
5598.58  52.9971
5599.62  78.6131
5600.66  81.0264
5601.7  51.804
5602.74  35.4058
5603.78  27.3714
5604.82  28.9093
5605.86  57.042
5606.9  48.1489
5607.94  86.2508
5608.98  87.545
5610.02  70.6888
5611.06  76.991
5612.1  74.4933
5613.14  61.3881
5614.18  98.6515
5615.22  94.5837
5616.26  80.2153
5617.3  50.2496
5618.34  26.4065
5619.38  64.5985
5620.42  75.1575
5621.46  24.1914
5622.5  30.7157
5623.54  80.9938
5624.58  60.962
5625.62  42.0251
5626.66  58.1803
5627.7  63.7812
5628.74  40.7824
5629.78  43.4581
5630.82  22.864
5631.86  31.5661
5632.9  63.541
5633.94  56.2933
5634.98  81.7502
5636.02  56.9379
5637.06  40.2777
5638.1  32.9603
5639.14  12.1557
5640.18  30.7123
5641.22  73.275
5642.26  88.1325
5643.3  47.2842
5644.34  51.8045
5645.38  59.221
5646.42  34.3306
5647.46  65.1861
5648.5  50.0882
5649.54  42.9705
5650.58  61.9625
5651.62  71.4215
5652.66  92.4726
5653.7  41.9503
5654.74  84.1196
5655.78  46.0584
5656.82  33.5732
5657.86  43.127
5658.9  6.58516
5659.94  74.7038
5660.98  40.9787
5662.02  58.2117
5663.06  55.2469
5664.1  56.466
5665.14  4.24125
5666.18  26.8164
5667.22  63.9811
5668.26  48.4949
5669.3  82.6074
5670.34  71.8803
5671.38  53.19
5672.42  57.3304
5673.46  39.4799
5674.5  30.7897
5675.54  58.6883
5676.58  63.8953
5677.62  54.6683
5678.66  91.6864
5679.7  62.1677
5680.74  27.0191
5681.78  46.9912
5682.82  40.2797
5683.86  39.4596
5684.9  53.1948
5685.94  67.7986
5686.98  81.735
5688.02  54.6079
5689.06  57.7664
5690.1  51.9237
5691.14  33.7966
5692.18  41.7931
5693.22  75.0031
5694.26  52.4016
5695.3  94.2502
5696.34  73.4629
5697.38  58.6688
5698.42  57.316
5699.46  35.4825
5700.5  23.6363
5701.54  18.0096
5702.58  58.1476
5703.62  44.3945
5704.66  77.5288
5705.7  30.502
5706.74  45.722
5707.78  75.3674
5708.82  35.6026
5709.86  33.9893
5710.9  53.1987
5711.94  67.0411
5712.98  73.5279
5714.02  68.4236
5715.06  69.5733
5716.1  84.7179
5717.14  31.2174
5718.18  51.2937
5719.22  91.5159
5720.26  63.3824
5721.3  50.1863
5722.34  77.1838
5723.38  45.9432
5724.42  39.1424
5725.46  22.1071
5726.5  40.9588
5727.54  32.9168
5728.58  49.0455
5729.62  108.473
5730.66  26.6819
5731.7  -2.46947
5732.74  19.3372
5733.78  39.8117
5734.82  65.3688
5735.86  81.5357
5736.9  59.2637
5737.94  67.0247
5738.98  68.9851
5740.02  46.7082
5741.06  27.2512
5742.1  16.9621
5743.14  42.1803
5744.18  85.5908
5745.22  59.7778
5746.26  30.3857
5747.3  73.4053
5748.34  72.2262
5749.38  66.7583
5750.42  30.3306
5751.46  49.1689
5752.5  64.9257
5753.54  33.9961
5754.58  30.9474
5755.62  68.2336
5756.66  45.5684
5757.7  44.201
5758.74  50.4239
5759.78  73.8953
5760.82  58.0098
5761.86  72.9275
5762.9  91.2367
5763.94  59.3663
5764.98  43.8778
5766.02  64.623
5767.06  61.2071
5768.1  41.2118
5769.14  49.9482
5770.18  54.1351
5771.22  37.9897
5772.26  30.3163
5773.3  30.1865
5774.34  41.7407
5775.38  104.86
5776.42  89.1388
5777.46  46.6653
5778.5  41.6569
5779.54  36.7297
5780.58  40.7254
5781.62  43.0969
5782.66  45.0947
5783.7  52.8716
5784.74  54.5903
5785.78  47.9732
5786.82  40.4717
5787.86  37.8213
5788.9  45.0426
5789.94  62.8882
5790.98  80.3063
5792.02  76.2438
5793.06  75.3478
5794.1  76.2153
5795.14  65.6648
5796.18  62.1569
5797.22  71.5742
5798.26  64.6334
5799.3  57.8122
5800.34  69.0239
5801.38  38.757
5802.42  4.17687
5803.46  45.4071
5804.5  54.0947
5805.54  30.7433
5806.58  45.9633
5807.62  60.4841
5808.66  62.7581
5809.7  55.8942
5810.74  49.3208
5811.78  56.7171
5812.82  52.426
5813.86  45.2872
5814.9  60.089
5815.94  65.1618
5816.98  56.9561
5818.02  45.9578
5819.06  37.0008
5820.1  34.5869
5821.14  29.676
5822.18  28.9105
5823.22  42.1484
5824.26  54.4208
5825.3  62.3248
5826.34  48.8485
5827.38  39.9917
5828.42  41.0095
5829.46  32.8053
5830.5  26.3254
5831.54  25.8773
5832.58  40.4404
5833.62  57.9461
5834.66  58.5173
5835.7  59.0766
5836.74  59.082
5837.78  51.4189
5838.82  46.1365
5839.86  46.4142
5840.9  46.2956
5841.94  41.8946
5842.98  23.3823
5844.02  25.3267
5845.06  38.9703
5846.1  57.0514
5847.14  63.0003
5848.18  57.4588
5849.22  63.4423
5850.26  61.3834
5851.3  42.0415
5852.34  33.9861
5853.38  39.7366
5854.42  69.8621
5855.46  109.62
5856.5  156.484
5857.54  205.567
5858.58  241.075
5859.62  258.492
5860.66  232.542
5861.7  189.712
5862.74  138.69
5863.78  102.859
5864.82  74.759
5865.86  49.4511
5866.9  31.1908
5867.94  22.6722
5868.98  40.9778
5870.02  49.2952
5871.06  39.1428
5872.1  35.3295
5873.14  35.1036
5874.18  39.27
5875.22  52.3081
5876.26  62.9851
5877.3  45.9408
5878.34  43.9016
5879.38  54.2231
5880.42  49.4801
5881.46  50.5444
5882.5  63.9796
5883.54  62.3937
5884.58  57.7283
5885.62  55.717
5886.66  62.0115
5887.7  69.8117
5888.74  65.582
5889.78  52.2729
5890.82  33.1345
5891.86  36.7981
5892.9  45.1604
5893.94  52.4416
5894.98  59.8346
5896.02  65.1928
5897.06  66.7982
5898.1  58.3068
5899.14  45.2555
5900.18  43.0458
5901.22  46.9609
5902.26  55.7158
5903.3  50.6192
5904.34  46.4587
5905.38  52.7775
5906.42  45.0889
5907.46  36.4485
5908.5  42.9924
5909.54  46.7588
5910.58  47.9038
5911.62  46.3481
5912.66  47.3547
5913.7  52.3376
5914.74  47.8324
5915.78  41.6473
5916.82  36.1754
5917.86  42.2727
5918.9  51.208
5919.94  47.4597
5920.98  49.1337
5922.02  54.5435
5923.06  46.2007
5924.1  42.8436
5925.14  50.8332
5926.18  55.7785
5927.22  63.3667
5928.26  83.2278
5929.3  74.6934
5930.34  53.6656
5931.38  52.7793
5932.42  40.0579
5933.46  17.7406
5934.5  42.967
5935.54  63.7226
5936.58  57.2332
5937.62  53.5226
5938.66  55.3741
5939.7  79.4561
5940.74  73.1232
5941.78  51.2514
5942.82  55.2106
5943.86  59.5896
5944.9  60.7401
5945.94  55.0767
5946.98  50.0047
5948.02  48.1134
5949.06  63.1586
5950.1  75.9993
5951.14  54.3038
5952.18  43.4324
5953.22  43.0309
5954.26  52.6717
5955.3  56.0502
5956.34  48.3562
5957.38  55.6563
5958.42  59.8708
5959.46  44.4503
5960.5  50.1863
5961.54  62.5524
5962.58  61.4995
5963.62  63.4113
5964.66  67.2913
5965.7  57.9955
5966.74  54.4125
5967.78  64.0231
5968.82  62.7356
5969.86  59.9159
5970.9  61.3783
5971.94  59.6651
5972.98  64.4591
5974.02  106.258
5975.06  137.529
5976.1  152.247
5977.14  147.776
5978.18  137.451
5979.22  128.618
5980.26  103.647
5981.3  80.6601
5982.34  85.6288
5983.38  74.5309
5984.42  56.2291
5985.46  56.9447
5986.5  61.6357
5987.54  67.569
5988.58  56.9686
5989.62  50.3848
5990.66  63.7746
5991.7  61.7605
5992.74  53.9842
5993.78  44.6233
5994.82  45.8855
5995.86  55.2291
5996.9  60.9927
5997.94  64.1954
5998.98  64.329
6000.02  65.3224
6001.06  67.0062
6002.1  73.8225
6003.14  55.5685
6004.18  34.952
6005.22  57.7077
6006.26  68.941
6007.3  65.9538
6008.34  52.5038
6009.38  46.5295
6010.42  56.4454
6011.46  70.3542
6012.5  76.7024
6013.54  56.1864
6014.58  42.9233
6015.62  38.118
6016.66  57.3137
6017.7  63.1006
6018.74  52.9447
6019.78  58.8628
6020.82  61.1421
6021.86  49.8625
6022.9  51.312
6023.94  54.9657
6024.98  51.9798
6026.02  45.515
6027.06  41.1204
6028.1  59.1991
6029.14  82.6199
6030.18  108.826
6031.22  151.82
6032.26  207.161
6033.3  283.661
6034.34  321.578
6035.38  329.538
6036.42  303.167
6037.46  255.228
6038.5  190.128
6039.54  117.695
6040.58  68.2327
6041.62  52.6359
6042.66  60.5988
6043.7  70.4306
6044.74  58.2777
6045.78  56.3359
6046.82  57.5336
6047.86  51.0989
6048.9  54.6566
6049.94  66.2163
6050.98  59.4915
6052.02  52.2847
6053.06  49.5263
6054.1  59.2073
6055.14  68.4971
6056.18  62.6508
6057.22  62.1853
6058.26  63.7472
6059.3  62.1245
6060.34  56.6059
6061.38  47.6711
6062.42  44.7389
6063.46  44.3754
6064.5  45.4928
6065.54  51.5862
6066.58  55.9363
6067.62  48.7237
6068.66  39.5513
6069.7  32.0805
6070.74  42.5121
6071.78  51.9488
6072.82  56.6798
6073.86  58.9047
6074.9  60.8945
6075.94  66.4643
6076.98  59.3587
6078.02  50.1307
6079.06  54.265
6080.1  58.068
6081.14  59.6948
6082.18  50.1298
6083.22  42.5413
6084.26  40.5581
6085.3  50.9182
6086.34  63.899
6087.38  75.0255
6088.42  66.4922
6089.46  50.7841
6090.5  52.0382
6091.54  52.7906
6092.58  52.1467
6093.62  54.7971
6094.66  53.7948
6095.7  45.0899
6096.74  47.8033
6097.78  51.6565
6098.82  47.9451
6099.86  43.6564
6100.9  39.6664
6101.94  38.4985
6102.98  42.3507
6104.02  51.1269
6105.06  55.9388
6106.1  62.1
6107.14  74.3986
6108.18  68.8424
6109.22  58.2654
6110.26  55.3865
6111.3  53.4058
6112.34  52.484
6113.38  53.9161
6114.42  54.2813
6115.46  52.7236
6116.5  51.3247
6117.54  52.7104
6118.58  60.417
6119.62  67.4344
6120.66  70.0665
6121.7  54.5784
6122.74  54.9722
6123.78  67.0598
6124.82  58.5136
6125.86  49.1602
6126.9  43.6812
6127.94  44.6231
6128.98  46.7992
6130.02  45.3576
6131.06  47.2504
6132.1  48.9176
6133.14  40.7661
6134.18  39.9732
6135.22  47.1603
6136.26  52.8719
6137.3  58.584
6138.34  65.5747
6139.38  53.1945
6140.42  41.2143
6141.46  53.1204
6142.5  56.2236
6143.54  52.7464
6144.58  41.5315
6145.62  39.8197
6146.66  50.1278
6147.7  63.6067
6148.74  69.326
6149.78  56.4247
6150.82  52.2103
6151.86  49.6475
6152.9  42.5954
6153.94  46.1778
6154.98  54.5629
6156.02  39.6067
6157.06  36.186
6158.1  52.0568
6159.14  49.4403
6160.18  44.8336
6161.22  45.3835
6162.26  52.6127
6163.3  60.3185
6164.34  55.9613
6165.38  53.9437
6166.42  55.0602
6167.46  62.964
6168.5  63.5849
6169.54  50.9903
6170.58  47.5196
6171.62  47.1827
6172.66  51.7987
6173.7  33.3214
6174.74  12.5889
6175.78  40.8364
6176.82  58.1104
6177.86  58.9306
6178.9  45.8334
6179.94  42.5643
6180.98  64.4543
6182.02  69.1956
6183.06  66.2484
6184.1  56.705
6185.14  50.1467
6186.18  46.6488
6187.22  47.9812
6188.26  51.7823
6189.3  57.3432
6190.34  59.1125
6191.38  57.602
6192.42  52.1478
6193.46  42.6657
6194.5  35.1542
6195.54  39.8553
6196.58  47.7086
6197.62  55.9807
6198.66  51.3893
6199.7  50.9531
6200.74  58.7422
6201.78  53.0623
6202.82  48.1532
6203.86  54.1686
6204.9  59.2896
6205.94  60.2505
6206.98  43.3925
6208.02  37.7792
6209.06  44.1287
6210.1  60.9828
6211.14  63.9533
6212.18  41.219
6213.22  38.895
6214.26  44.824
6215.3  58.0112
6216.34  60.9376
6217.38  56.8136
6218.42  46.573
6219.46  43.3385
6220.5  47.8604
6221.54  50.5196
6222.58  48.7979
6223.62  39.3307
6224.66  32.9423
6225.7  29.5986
6226.74  31.1687
6227.78  40.7546
6228.82  52.5404
6229.86  45.7175
6230.9  41.8472
6231.94  44.0579
6232.98  36.2149
6234.02  32.7989
6235.06  45.6727
6236.1  43.3878
6237.14  36.5567
6238.18  35.0091
6239.22  30.8914
6240.26  25.5815
6241.3  24.5191
6242.34  29.5561
6243.38  41.7525
6244.42  49.2163
6245.46  52.5294
6246.5  47.4847
6247.54  52.7541
6248.58  60.1864
6249.62  56.7998
6250.66  54.2229
6251.7  53.0922
6252.74  55.3316
6253.78  51.1233
6254.82  34.549
6255.86  45.6011
6256.9  57.6256
6257.94  45.4419
6258.98  44.2877
6260.02  48.6125
6261.06  49.257
6262.1  55.9317
6263.14  67.7411
6264.18  62.1321
6265.22  52.244
6266.26  41.0292
6267.3  44.0448
6268.34  52.2825
6269.38  60.0198
6270.42  56.4766
6271.46  47.1854
6272.5  50.4398
6273.54  54.4085
6274.58  56.8189
6275.62  44.9964
6276.66  35.7569
6277.7  40.1123
6278.74  48.3306
6279.78  54.9658
6280.82  45.199
6281.86  44.3384
6282.9  51.282
6283.94  60.6902
6284.98  62.161
6286.02  51.6426
6287.06  53.5666
6288.1  55.4266
6289.14  48.8078
6290.18  43.3611
6291.22  41.9753
6292.26  56.7836
6293.3  61.9467
6294.34  57.5229
6295.38  58.6709
6296.42  58.3847
6297.46  55.062
6298.5  46.2856
6299.54  35.5271
6300.58  19.3197
6301.62  40.4266
6302.66  75.6225
6303.7  66.2865
6304.74  61.2159
6305.78  64.5019
6306.82  51.6922
6307.86  42.7662
6308.9  49.1046
6309.94  41.1635
6310.98  37.2269
6312.02  64.8124
6313.06  65.4037
6314.1  49.9492
6315.14  55.3527
6316.18  59.2907
6317.22  58.3464
6318.26  56.5366
6319.3  53.2741
6320.34  46.5492
6321.38  50.3093
6322.42  56.1669
6323.46  52.9702
6324.5  47.8404
6325.54  42.9724
6326.58  49.3521
6327.62  56.0812
6328.66  60.438
6329.7  56.5754
6330.74  50.2321
6331.78  43.1658
6332.82  47.3058
6333.86  57.2445
6334.9  67.3727
6335.94  65.3716
6336.98  52.9376
6338.02  53.8944
6339.06  57.5389
6340.1  61.4314
6341.14  64.8067
6342.18  63.9831
6343.22  51.2894
6344.26  46.096
6345.3  47.5198
6346.34  60.2079
6347.38  64.2376
6348.42  57.1457
6349.46  48.4562
6350.5  43.9724
6351.54  49.5814
6352.58  51.2676
6353.62  52.6615
6354.66  54.9141
6355.7  64.0716
6356.74  73.6094
6357.78  54.5328
6358.82  41.4876
6359.86  41.6753
6360.9  53.8717
6361.94  60.2752
6362.98  39.0034
6364.02  54.9498
6365.06  78.688
6366.1  73.5585
6367.14  58.2458
6368.18  37.9781
6369.22  38.1514
6370.26  42.8298
6371.3  48.6269
6372.34  46.7444
6373.38  43.5635
6374.42  42.3638
6375.46  48.3121
6376.5  56.5415
6377.54  56.7157
6378.58  57.0403
6379.62  58.0593
6380.66  57.2021
6381.7  59.4253
6382.74  68.6836
6383.78  59.0336
6384.82  46.6707
6385.86  45.5642
6386.9  48.5257
6387.94  53.9473
6388.98  58.3187
6390.02  54.5196
6391.06  42.0082
6392.1  33.1805
6393.14  33.9085
6394.18  54.1385
6395.22  52.2347
6396.26  45.5753
6397.3  52.8325
6398.34  50.1397
6399.38  40.2353
6400.42  31.5649
6401.46  29.7783
6402.5  36.8758
6403.54  48.1989
6404.58  59.6503
6405.62  69.445
6406.66  67.1174
6407.7  56.883
6408.74  37.9984
6409.78  39.2021
6410.82  55.5982
6411.86  47.4854
6412.9  46.299
6413.94  61.9879
6414.98  60.5252
6416.02  54.781
6417.06  50.8822
6418.1  51.4619
6419.14  52.5265
6420.18  43.1218
6421.22  41.9863
6422.26  49.031
6423.3  44.7025
6424.34  42.1353
6425.38  46.7753
6426.42  47.9953
6427.46  47.71
6428.5  45.5866
6429.54  45.8537
6430.58  46.9107
6431.62  44.2735
6432.66  40.234
6433.7  35.8836
6434.74  49.0965
6435.78  58.3488
6436.82  48.3016
6437.86  52.9208
6438.9  60.6044
6439.94  61.3946
6440.98  59.9656
6442.02  55.7534
6443.06  41.3755
6444.1  41.5585
6445.14  62.8071
6446.18  66.0202
6447.22  58.2883
6448.26  32.1413
6449.3  36.1896
6450.34  50.1009
6451.38  45.125
6452.42  46.8797
6453.46  54.914
6454.5  60.0995
6455.54  60.6518
6456.58  54.6138
6457.62  55.4006
6458.66  56.3847
6459.7  51.8621
6460.74  53.3285
6461.78  56.4499
6462.82  51.2822
6463.86  49.2744
6464.9  51.1673
6465.94  51.2815
6466.98  51.8551
6468.02  53.3913
6469.06  58.2121
6470.1  59.2456
6471.14  44.216
6472.18  38.3449
6473.22  39.2751
6474.26  42.8326
6475.3  47.9374
6476.34  54.0585
6477.38  61.1336
6478.42  62.1003
6479.46  48.1288
6480.5  50.298
6481.54  56.4271
6482.58  54.3371
6483.62  54.2067
6484.66  55.7106
6485.7  57.671
6486.74  57.0145
6487.78  52.8037
6488.82  45.4215
6489.86  39.4838
6490.9  38.7031
6491.94  42.2237
6492.98  48.8682
6494.02  58.2372
6495.06  61.9719
6496.1  59.5457
6497.14  48.9268
6498.18  42.5854
6499.22  45.9331
6500.26  49.728
6501.3  50.7044
6502.34  40.2869
6503.38  43.5309
6504.42  52.1392
6505.46  49.1678
6506.5  45.7315
6507.54  43.9374
6508.58  58.0091
6509.62  65.9988
6510.66  55.866
6511.7  50.5175
6512.74  45.7349
6513.78  37.1639
6514.82  47.4453
6515.86  64.8674
6516.9  46.7431
6517.94  38.9612
6518.98  48.9476
6520.02  54.4048
6521.06  56.4549
6522.1  51.6893
6523.14  51.5926
6524.18  52.643
6525.22  52.1264
6526.26  49.9449
6527.3  47.278
6528.34  50.4833
6529.38  53.631
6530.42  55.107
6531.46  61.3963
6532.5  67.9224
6533.54  74.6987
6534.58  62.0433
6535.62  43.2131
6536.66  39.7939
6537.7  46.9696
6538.74  60.8813
6539.78  53.5439
6540.82  47.0054
6541.86  48.2772
6542.9  55.8222
6543.94  59.9762
6544.98  45.1998
6546.02  47.8318
6547.06  57.3902
6548.1  50.136
6549.14  47.2778
6550.18  50.5842
6551.22  50.0371
6552.26  48.814
6553.3  45.4881
6554.34  63.9046
6555.38  79.6349
6556.42  58.0812
6557.46  50.3286
6558.5  53.6207
6559.54  65.7438
6560.58  67.6637
6561.62  55.2926
6562.66  44.723
6563.7  39.048
6564.74  43.0488
6565.78  54.2937
6566.82  63.2326
6567.86  49.7016
6568.9  38.9352
6569.94  33.8312
6570.98  48.7326
6572.02  57.63
6573.06  52.6473
6574.1  51.2792
6575.14  50.2796
6576.18  48.2279
6577.22  51.313
6578.26  56.5461
6579.3  59.4936
6580.34  60.1916
6581.38  58.6094
6582.42  55.0822
6583.46  51.5748
6584.5  48.8157
6585.54  49.286
6586.58  50.53
6587.62  50.0173
6588.66  50.6752
6589.7  51.7697
6590.74  52.6852
6591.78  49.9146
6592.82  43.65
6593.86  44.8375
6594.9  47.55
6595.94  49.4358
6596.98  54.6322
6598.02  58.3721
6599.06  53.2859
6600.1  50.0314
6601.14  47.9878
6602.18  44.8386
6603.22  43.1128
6604.26  43.3742
6605.3  43.7017
6606.34  50.0833
6607.38  74.5959
6608.42  63.0729
6609.46  40.4153
6610.5  33.9576
6611.54  43.7494
6612.58  62.2328
6613.62  43.4436
6614.66  35.3979
6615.7  52.4706
6616.74  58.6039
6617.78  58.4222
6618.82  47.4947
6619.86  47.2259
6620.9  50.9255
6621.94  47.7336
6622.98  47.44
6624.02  50.1227
6625.06  50.1444
6626.1  49.6078
6627.14  49.3158
6628.18  44.1811
6629.22  39.1121
6630.26  37.9474
6631.3  45.045
6632.34  54.8653
6633.38  50.458
6634.42  47.5634
6635.46  48.3327
6636.5  53.092
6637.54  56.9253
6638.58  57.7655
6639.62  47.8938
6640.66  38.0124
6641.7  44.6066
6642.74  44.0445
6643.78  39.857
6644.82  47.8161
6645.86  50.2855
6646.9  43.6364
6647.94  44.3306
6648.98  48.5495
6650.02  58.0139
6651.06  57.6579
6652.1  52.7147
6653.14  48.4078
6654.18  42.1734
6655.22  36.4082
6656.26  46.8143
6657.3  54.2813
6658.34  52.7905
6659.38  50.9635
6660.42  49.0244
6661.46  48.5423
6662.5  47.3468
6663.54  45.9077
6664.58  44.5792
6665.62  45.0803
6666.66  47.0808
6667.7  44.6117
6668.74  46.8767
6669.78  59.6221
6670.82  61.4893
6671.86  56.1436
6672.9  37.4373
6673.94  44.4099
6674.98  62.4522
6676.02  48.243
6677.06  46.4551
6678.1  61.8363
6679.14  55.1289
6680.18  47.2824
6681.22  47.1269
6682.26  52.3015
6683.3  56.1977
6684.34  44.7881
6685.38  46.0285
6686.42  54.7325
6687.46  47.2458
6688.5  43.7129
6689.54  48.3301
6690.58  41.5525
6691.62  37.7315
6692.66  47.9249
6693.7  55.0269
6694.74  59.2549
6695.78  56.0019
6696.82  51.5406
6697.86  47.1568
6698.9  51.1322
6699.94  48.1009
6700.98  31.4161
6702.02  33.5355
6703.06  41.024
6704.1  46.6066
6705.14  51.8581
6706.18  54.7607
6707.22  47.8383
6708.26  45.6625
6709.3  49.012
6710.34  48.1222
6711.38  49.2025
6712.42  55.5727
6713.46  54.5244
6714.5  51.525
6715.54  50.2808
6716.58  52.3188
6717.62  55.0218
6718.66  48.105
6719.7  46.5351
6720.74  52.2072
6721.78  49.3761
6722.82  47.9716
6723.86  54.0008
6724.9  55.8329
6725.94  54.9132
6726.98  49.0204
6728.02  48.5162
6729.06  52.4255
6730.1  57.6063
6731.14  58.4098
6732.18  52.9591
6733.22  46.5346
6734.26  42.6552
6735.3  46.4256
6736.34  46.8758
6737.38  47.4526
6738.42  54.002
6739.46  55.9434
6740.5  53.3441
6741.54  50.0609
6742.58  46.4214
6743.62  42.5434
6744.66  42.5758
6745.7  47.3344
6746.74  62.8041
6747.78  61.4459
6748.82  51.732
6749.86  47.6776
6750.9  50.5794
6751.94  59.0918
6752.98  51.2331
6754.02  44.4418
6755.06  46.1649
6756.1  49.7401
6757.14  50.3827
6758.18  35.2718
6759.22  42.0144
6760.26  58.5265
6761.3  43.8501
6762.34  39.2231
6763.38  50.9251
6764.42  55.9777
6765.46  55.3149
6766.5  44.4577
6767.54  40.4298
6768.58  41.3181
6769.62  51.3637
6770.66  54.1048
6771.7  51.3852
6772.74  54.5023
6773.78  53.0537
6774.82  44.2924
6775.86  43.2986
6776.9  44.5274
6777.94  44.7836
6778.98  51.3162
6780.02  58.16
6781.06  55.1439
6782.1  43.5596
6783.14  27.774
6784.18  40.9625
6785.22  53.2044
6786.26  54.9671
6787.3  44.9188
6788.34  35.73
6789.38  43.2139
6790.42  43.7714
6791.46  41.8062
6792.5  44.1863
6793.54  51.6995
6794.58  62.9223
6795.62  55.6478
6796.66  48.7081
6797.7  51.0834
6798.74  48.7898
6799.78  46.4913
6800.82  48.1286
6801.86  50.1949
6802.9  51.8179
6803.94  49.5651
6804.98  44.8584
6806.02  38.2067
6807.06  43.413
6808.1  48.791
6809.14  46.3612
6810.18  49.3671
6811.22  53.5968
6812.26  55.9905
6813.3  53.6352
6814.34  48.058
6815.38  47.3352
6816.42  45.2905
6817.46  40.2655
6818.5  45.8047
6819.54  51.7866
6820.58  50.4751
6821.62  50.7488
6822.66  50.4054
6823.7  44.3924
6824.74  45.9064
6825.78  53.3573
6826.82  43.3562
6827.86  39.9792
6828.9  53.2505
6829.94  58.8408
6830.98  62.3307
6832.02  67.5504
6833.06  60.871
6834.1  48.0853
6835.14  40.6839
6836.18  44.0878
6837.22  56.9109
6838.26  39.9183
6839.3  30.8106
6840.34  51.454
6841.38  55.2897
6842.42  52.8917
6843.46  47.283
6844.5  46.2048
6845.54  48.6461
6846.58  51.2675
6847.62  57.1951
6848.66  66.7328
6849.7  66.2137
6850.74  58.9851
6851.78  41.0488
6852.82  42.588
6853.86  49.3507
6854.9  42.7473
6855.94  40.3694
6856.98  43.023
6858.02  55.6643
6859.06  59.3481
6860.1  47.3875
6861.14  37.7589
6862.18  32.8398
6863.22  40.5902
6864.26  39.3407
6865.3  37.2612
6866.34  51.3593
6867.38  55.9179
6868.42  50.4256
6869.46  50.7586
6870.5  45.8203
6871.54  29.4469
6872.58  36.0078
6873.62  50.186
6874.66  64.5186
6875.7  64.7371
6876.74  55.8099
6877.78  46.6453
6878.82  43.9367
6879.86  47.8148
6880.9  33.6166
6881.94  27.6386
6882.98  47.3268
6884.02  50.6343
6885.06  48.3585
6886.1  43.7392
6887.14  52.0819
6888.18  65.7453
6889.22  52.3959
6890.26  42.9619
6891.3  43.7613
6892.34  61.6592
6893.38  67.6186
6894.42  29.5102
6895.46  29.2825
6896.5  41.3153
6897.54  38.7436
6898.58  40.152
6899.62  44.5188
6900.66  41.3452
6901.7  41.0958
6902.74  47.0718
6903.78  52.8756
6904.82  54.1852
6905.86  43.0496
6906.9  37.3066
6907.94  36.4719
6908.98  46.1131
6910.02  50.1646
6911.06  47.9172
6912.1  46.7134
6913.14  50.6508
6914.18  64.6217
6915.22  58.5515
6916.26  48.6366
6917.3  47.3859
6918.34  53.4154
6919.38  61.3533
6920.42  53.1975
6921.46  48.318
6922.5  49.5997
6923.54  59.8158
6924.58  56.6442
6925.62  15.9389
6926.66  29.588
6927.7  54.5078
6928.74  44.2791
6929.78  41.5499
6930.82  43.6459
6931.86  37.3892
6932.9  36.2604
6933.94  43.2599
6934.98  44.5926
6936.02  46.4521
6937.06  53.2211
6938.1  55.4016
6939.14  53.6145
6940.18  44.1754
6941.22  40.156
6942.26  41.4423
6943.3  44.4778
6944.34  45.2816
6945.38  41.7195
6946.42  42.5205
6947.46  46.7398
6948.5  58.7117
6949.54  54.1447
6950.58  44.7096
6951.62  57.4323
6952.66  58.6224
6953.7  47.4019
6954.74  50.7953
6955.78  50.4894
6956.82  37.7348
6957.86  39.7824
6958.9  45.0666
6959.94  43.5954
6960.98  47.1306
6962.02  51.9691
6963.06  46.9868
6964.1  39.8892
6965.14  32.6611
6966.18  48.0689
6967.22  56.4973
6968.26  36.1287
6969.3  33.4914
6970.34  37.1856
6971.38  41.3441
6972.42  44.7297
6973.46  46.7388
6974.5  43.654
6975.54  43.5232
6976.58  48.4471
6977.62  49.0918
6978.66  47.8756
6979.7  43.014
6980.74  50.8812
6981.78  62.0552
6982.82  62.2698
6983.86  58.1451
6984.9  52.001
6985.94  57.7576
6986.98  60.5086
6988.02  54.9264
6989.06  55.0878
6990.1  55.5584
6991.14  51.3975
6992.18  54.3494
6993.22  60.1103
6994.26  61.5941
6995.3  54.9771
6996.34  41.6519
6997.38  43.3599
6998.42  47.7433
6999.46  50.5814
7000.5  55.1162
7001.54  57.6059
7002.58  52.0663
7003.62  48.9473
7004.66  48.6906
7005.7  56.7615
7006.74  57.2974
7007.78  48.2053
7008.82  57.0097
7009.86  61.3577
7010.9  45.0383
7011.94  44.8216
7012.98  50.9333
7014.02  58.7368
7015.06  59.1515
7016.1  54.1992
7017.14  53.5571
7018.18  53.0238
7019.22  51.9122
7020.26  54.0285
7021.3  53.3045
7022.34  42.011
7023.38  41.5301
7024.42  45.4116
7025.46  46.5951
7026.5  42.7341
7027.54  36.253
7028.58  48.5304
7029.62  56.465
7030.66  51.4193
7031.7  51.8677
7032.74  49.987
7033.78  36.607
7034.82  38.7788
7035.86  48.2257
7036.9  47.6111
7037.94  49.9636
7038.98  55.9919
7040.02  58.5905
7041.06  57.7234
7042.1  51.3447
7043.14  52.5618
7044.18  56.6266
7045.22  61.2681
7046.26  62.4921
7047.3  60.8486
7048.34  57.5324
7049.38  52.4422
7050.42  45.6371
7051.46  38.3233
7052.5  36.3029
7053.54  45.5012
7054.58  54.8406
7055.62  61.7806
7056.66  59.7814
7057.7  48.8367
7058.74  33.2485
7059.78  34.4211
7060.82  37.5941
7061.86  39.4494
7062.9  41.3146
7063.94  45.725
7064.98  57.9376
7066.02  58.6499
7067.06  52.8093
7068.1  45.213
7069.14  36.563
7070.18  29.2438
7071.22  41.8777
7072.26  50.376
7073.3  45.0271
7074.34  40.2828
7075.38  39.885
7076.42  54.1629
7077.46  57.0622
7078.5  52.9953
7079.54  45.178
7080.58  51.6356
7081.62  72.5745
7082.66  72.5806
7083.7  68.3497
7084.74  64.9233
7085.78  64.54
7086.82  63.6796
7087.86  57.7334
7088.9  52.5566
7089.94  47.5561
7090.98  39.905
7092.02  35.2879
7093.06  34.9351
7094.1  35.4219
7095.14  36.2069
7096.18  34.9603
7097.22  44.3312
7098.26  53.3574
7099.3  43.7083
7100.34  35.8713
7101.38  31.8543
7102.42  39.5688
7103.46  48.5577
7104.5  56.2536
7105.54  47.4756
7106.58  36.9152
7107.62  35.9362
7108.66  34.0532
7109.7  35.6025
7110.74  53.2343
7111.78  57.114
7112.82  47.4123
7113.86  47.2406
7114.9  46.9546
7115.94  43.909
7116.98  42.385
7118.02  43.9928
7119.06  54.5
7120.1  54.3145
7121.14  47.6402
7122.18  40.2436
7123.22  42.2495
7124.26  53.9404
7125.3  50.2627
7126.34  47.2105
7127.38  51.871
7128.42  59.587
7129.46  63.1302
7130.5  46.762
7131.54  42.0568
7132.58  45.4129
7133.62  42.7699
7134.66  46.7708
7135.7  59.4747
7136.74  57.7468
7137.78  50.7249
7138.82  38.2191
7139.86  44.8401
7140.9  55.6646
7141.94  49.3811
7142.98  43.2431
7144.02  38.7321
7145.06  40.9073
7146.1  43.8344
7147.14  45.8938
7148.18  46.7984
7149.22  45.8618
7150.26  40.7423
7151.3  41.7085
7152.34  45.0995
7153.38  44.5857
7154.42  45.3873
7155.46  47.4881
7156.5  46.3486
7157.54  45.6586
7158.58  46.959
7159.62  46.5816
7160.66  45.5428
7161.7  42.6247
7162.74  48.2815
7163.78  57.5519
7164.82  57.271
7165.86  55.2386
7166.9  52.5241
7167.94  52.9287
7168.98  49.9103
7170.02  37.006
7171.06  39.0257
7172.1  45.091
7173.14  44.4878
7174.18  45.1838
7175.22  46.7345
7176.26  47.4195
7177.3  48.1958
7178.34  49.2211
7179.38  37.35
7180.42  31.7995
7181.46  51.7961
7182.5  51.9232
7183.54  47.2474
7184.58  56.294
7185.62  62.2773
7186.66  63.6229
7187.7  52.9612
7188.74  45.4212
7189.78  46.3843
7190.82  47.2432
7191.86  46.1591
7192.9  36.7778
7193.94  41.2659
7194.98  51.4759
7196.02  54.9168
7197.06  47.4239
7198.1  30.9156
7199.14  28.5256
7200.18  35.5395
7201.22  54.3961
7202.26  59.2601
7203.3  57.3423
7204.34  49.3465
7205.38  49.1085
7206.42  52.6563
7207.46  49.0131
7208.5  46.2564
7209.54  45.399
7210.58  43.2627
7211.62  42.289
7212.66  44.2582
7213.7  44.7429
7214.74  44.2056
7215.78  41.6546
7216.82  40.9877
7217.86  41.7556
7218.9  42.3475
7219.94  42.1292
7220.98  40.7648
7222.02  45.7869
7223.06  50.4057
7224.1  50.2046
7225.14  46.4316
7226.18  42.4504
7227.22  45.3033
7228.26  50.9944
7229.3  57.2662
7230.34  48.9944
7231.38  45.1361
7232.42  52.6801
7233.46  54.0997
7234.5  50.9436
7235.54  38.9702
7236.58  36.2024
7237.62  38.1873
7238.66  37.4283
7239.7  39.1205
7240.74  43.4686
7241.78  46.1225
7242.82  53.7228
7243.86  72.4186
7244.9  66.8886
7245.94  54.144
7246.98  46.0228
7248.02  49.041
7249.06  56.6495
7250.1  47.4338
7251.14  38.8462
7252.18  33.9776
7253.22  41.0748
7254.26  50.3283
7255.3  58.8056
7256.34  50.6695
7257.38  38.9847
7258.42  42.0576
7259.46  40.2764
7260.5  36.3841
7261.54  45.1719
7262.58  53.9467
7263.62  59.8996
7264.66  50.3883
7265.7  41.3029
7266.74  46.0531
7267.78  45.8872
7268.82  43.0804
7269.86  34.1702
7270.9  41.2034
7271.94  59.8384
7272.98  48.6378
7274.02  40.0336
7275.06  44.4394
7276.1  51.0372
7277.14  52.0728
7278.18  32.0929
7279.22  31.7866
7280.26  37.8708
7281.3  15.6456
7282.34  22.4545
7283.38  59.198
7284.42  55.3522
7285.46  44.0333
7286.5  34.1157
7287.54  40.2154
7288.58  46.8622
7289.62  31.9147
7290.66  38.2352
7291.7  54.4677
7292.74  42.5802
7293.78  34.7263
7294.82  36.2487
7295.86  44.2076
7296.9  48.7068
7297.94  40.4278
7298.98  36.2371
7300.02  37.856
7301.06  59.562
7302.1  56.9234
7303.14  36.7085
7304.18  34.4254
7305.22  39.4072
7306.26  50.9868
7307.3  35.4551
7308.34  21.7469
7309.38  33.0662
7310.42  39.7087
7311.46  44.4983
7312.5  46.6358
7313.54  50.4755
7314.58  54.9672
7315.62  50.9699
7316.66  39.8692
7317.7  18.7493
7318.74  33.0204
7319.78  53.6636
7320.82  57.5027
7321.86  57.4002
7322.9  53.6002
7323.94  47.2888
7324.98  40.7524
7326.02  35.2004
7327.06  41.4493
7328.1  48.4076
7329.14  51.9974
7330.18  44.3333
7331.22  34.6933
7332.26  33.6238
7333.3  35.8367
7334.34  40.1353
7335.38  42.6661
7336.42  43.8159
7337.46  43.7145
7338.5  54.5714
7339.54  56.8259
7340.58  28.5061
7341.62  40.1006
7342.66  59.7457
7343.7  43.7911
7344.74  52.3801
7345.78  75.8001
7346.82  51.7753
7347.86  32.4299
7348.9  31.1714
7349.94  38.2312
7350.98  46.4352
7352.02  47.7456
7353.06  50.4045
7354.1  51.2573
7355.14  42.0224
7356.18  40.0167
7357.22  45.5625
7358.26  52.317
7359.3  51.8601
7360.34  38.2046
7361.38  37.6961
7362.42  39.1558
7363.46  33.0384
7364.5  35.2575
7365.54  41.3855
7366.58  41.328
7367.62  41.1275
7368.66  41.3248
7369.7  39.053
7370.74  39.8198
7371.78  47.446
7372.82  57.5982
7373.86  59.3115
7374.9  26.2774
7375.94  21.6842
7376.98  36.6151
7378.02  41.6228
7379.06  44.5741
7380.1  45.9034
7381.14  45.0777
7382.18  44.7318
7383.22  48.2478
7384.26  44.1653
7385.3  39.922
7386.34  48.0963
7387.38  51.2712
7388.42  49.79
7389.46  49.4794
7390.5  46.0956
7391.54  37.9271
7392.58  45.4298
7393.62  52.7163
7394.66  46.2712
7395.7  43.7738
7396.74  44.0345
7397.78  50.6653
7398.82  47.8779
7399.86  37.4856
7400.9  50.1462
7401.94  58.496
7402.98  51.9204
7404.02  39.8195
7405.06  30.8723
7406.1  38.6769
7407.14  48.0536
7408.18  54.222
7409.22  35.0441
7410.26  30.0147
7411.3  44.029
7412.34  57.5309
7413.38  62.0914
7414.42  47.0262
7415.46  41.9115
7416.5  40.1131
7417.54  39.2308
7418.58  37.6652
7419.62  37.3778
7420.66  48.7669
7421.7  55.9925
7422.74  55.4617
7423.78  52.1198
7424.82  48.7919
7425.86  49.235
7426.9  44.866
7427.94  40.3105
7428.98  43.5015
7430.02  42.7655
7431.06  39.125
7432.1  40.7568
7433.14  45.9974
7434.18  55.3855
7435.22  55.8859
7436.26  48.3451
7437.3  25.0467
7438.34  22.6331
7439.38  33.1731
7440.42  50.186
7441.46  59.2961
7442.5  59.4244
7443.54  56.8424
7444.58  57.7982
7445.62  68.3313
7446.66  55.4377
7447.7  42.5039
7448.74  57.8875
7449.78  50.794
7450.82  33.3949
7451.86  37.3815
7452.9  42.6246
7453.94  46.3453
7454.98  45.9323
7456.02  44.6955
7457.06  44.9898
7458.1  39.8285
7459.14  35.7256
7460.18  42.3712
7461.22  48.9772
7462.26  53.8873
7463.3  48.6558
7464.34  45.1698
7465.38  46.2186
7466.42  46.06
7467.46  45.4967
7468.5  44.5314
7469.54  41.8119
7470.58  41.1991
7471.62  52.7756
7472.66  57.5725
7473.7  55.8946
7474.74  56.407
7475.78  55.0192
7476.82  50.6379
7477.86  45.471
7478.9  42.0403
7479.94  44.7985
7480.98  43.0973
7482.02  40.8849
7483.06  48.1893
7484.1  47.9854
7485.14  39.913
7486.18  38.1709
7487.22  38.8853
7488.26  41.7306
7489.3  42.3844
7490.34  46.1985
7491.38  64.1046
7492.42  62.8802
7493.46  49.8122
7494.5  42.2618
7495.54  40.1114
7496.58  43.8351
7497.62  49.5172
7498.66  52.8625
7499.7  48.3937
7500.74  54.2035
7501.78  59.4311
7502.82  49.3059
7503.86  41.5588
7504.9  36.0121
7505.94  29.0414
7506.98  30.6728
7508.02  43.8698
7509.06  40.9046
7510.1  36.7374
7511.14  40.4464
7512.18  44.1153
7513.22  45.8551
7514.26  37.1636
7515.3  38.2901
7516.34  47.5458
7517.38  46.2338
7518.42  39.7088
7519.46  27.606
7520.5  28.0632
7521.54  33.1644
7522.58  37.5738
7523.62  48.7566
7524.66  60.0922
7525.7  54.5864
7526.74  46.4837
7527.78  38.3979
7528.82  41.8243
7529.86  50.5694
7530.9  64.9455
7531.94  64.1626
7532.98  55.8328
7534.02  41.7185
7535.06  38.6741
7536.1  41.9601
7537.14  36.2884
7538.18  34.5244
7539.22  38.696
7540.26  46.5394
7541.3  52.843
7542.34  53.4724
7543.38  52.0662
7544.42  50.3899
7545.46  53.9575
7546.5  49.3166
7547.54  39.6902
7548.58  42.2732
7549.62  41.945
7550.66  34.8766
7551.7  35.389
7552.74  39.6288
7553.78  48.6418
7554.82  49.1157
7555.86  45.6085
7556.9  42.8789
7557.94  45.7197
7558.98  51.8419
7560.02  39.9092
7561.06  29.594
7562.1  27.1025
7563.14  36.7456
7564.18  48.3984
7565.22  52.8335
7566.26  52.216
7567.3  48.1123
7568.34  43.8368
7569.38  40.6334
7570.42  39.219
7571.46  44.866
7572.5  48.555
7573.54  45.5159
7574.58  39.0039
7575.62  33.4588
7576.66  37.3258
7577.7  35.336
7578.74  31.4262
7579.78  41.1435
7580.82  45.4203
7581.86  40.8171
7582.9  37.9175
7583.94  36.7738
7584.98  38.4832
7586.02  44.8354
7587.06  50.6613
7588.1  44.9938
7589.14  47.8611
7590.18  56.2751
7591.22  52.3477
7592.26  47.2322
7593.3  43.2346
7594.34  51.6705
7595.38  61.0312
7596.42  63.6177
7597.46  57.3549
7598.5  49.7841
7599.54  60.6196
7600.58  57.5819
7601.62  41.0883
7602.66  30.5068
7603.7  31.4316
7604.74  50.3064
7605.78  53.4258
7606.82  49.5933
7607.86  39.1498
7608.9  36.6653
7609.94  40.8367
7610.98  54.1257
7612.02  61.4564
7613.06  60.1268
7614.1  45.948
7615.14  28.5755
7616.18  9.72006
7617.22  16.7218
7618.26  32.6552
7619.3  42.9483
7620.34  42.9752
7621.38  35.9756
7622.42  31.0402
7623.46  33.2198
7624.5  44.0527
7625.54  55.1542
7626.58  62.0402
7627.62  60.0134
7628.66  50.4332
7629.7  40.3627
7630.74  44.6483
7631.78  42.7658
7632.82  37.9876
7633.86  58.6645
7634.9  58.4634
7635.94  21.0423
7636.98  30.4969
7638.02  47.5705
7639.06  47.3274
7640.1  56.0319
7641.14  63.4311
7642.18  46.7848
7643.22  39.3969
7644.26  42.9041
7645.3  49.2931
7646.34  45.4895
7647.38  21.2813
7648.42  26.6744
7649.46  40.5692
7650.5  51.023
7651.54  48.1001
7652.58  39.7887
7653.62  49.5183
7654.66  52.6962
7655.7  46.8075
7656.74  45.3981
7657.78  44.945
7658.82  45.53
7659.86  39.749
7660.9  33.821
7661.94  35.8559
7662.98  36.8918
7664.02  37.7193
7665.06  43.5105
7666.1  42.2297
7667.14  31.3359
7668.18  37.0048
7669.22  40.5621
7670.26  26.0909
7671.3  32.84
7672.34  46.9265
7673.38  54.0869
7674.42  55.929
7675.46  52.2312
7676.5  38.7712
7677.54  33.4827
7678.58  43.4976
7679.62  41.7743
7680.66  38.8677
7681.7  40.5694
7682.74  44.5987
7683.78  47.9248
7684.82  41.1714
7685.86  38.7369
7686.9  41.4448
7687.94  45.5466
7688.98  46.3337
7690.02  39.6014
7691.06  47.6683
7692.1  54.4575
7693.14  40.7874
7694.18  38.6085
7695.22  43.681
7696.26  49.4237
7697.3  49.8754
7698.34  44.3579
7699.38  45.9296
7700.42  47.7209
7701.46  46.0177
7702.5  51.2355
7703.54  55.2822
7704.58  43.8691
7705.62  47.1911
7706.66  59.7882
7707.7  59.0293
7708.74  54.9463
7709.78  49.1015
7710.82  47.7152
7711.86  50.7705
7712.9  64.1783
7713.94  55.7663
7714.98  38.8102
7716.02  28.2036
7717.06  23.6097
7718.1  25.5427
7719.14  37.5162
7720.18  51.3717
7721.22  65.6889
7722.26  46.4534
7723.3  21.0469
7724.34  5.70791
7725.38  23.2337
7726.42  53.2455
7727.46  51.7351
7728.5  45.4449
7729.54  37.8203
7730.58  39.4657
7731.62  44.1773
7732.66  51.9917
7733.7  39.7697
7734.74  28.4975
7735.78  44.0996
7736.82  48.6873
7737.86  46.9968
7738.9  49.1802
7739.94  52.9042
7740.98  57.6358
7742.02  52.1339
7743.06  49.0493
7744.1  57.714
7745.14  56.826
7746.18  52.6007
7747.22  49.7235
7748.26  45.4954
7749.3  42.6755
7750.34  54.2493
7751.38  70.8821
7752.42  90.7763
7753.46  64.467
7754.5  36.2429
7755.54  38.452
7756.58  34.0873
7757.62  32.5672
7758.66  48.8953
7759.7  56.8894
7760.74  55.7917
7761.78  49.1305
7762.82  46.8995
7763.86  54.6544
7764.9  41.4869
7765.94  28.1013
7766.98  31.7977
7768.02  36.829
7769.06  42.9573
7770.1  47.8898
7771.14  49.1208
7772.18  46.8298
7773.22  46.5019
7774.26  51.8084
7775.3  68.3119
7776.34  64.3149
7777.38  52.005
7778.42  36.5238
7779.46  34.8783
7780.5  42.1654
7781.54  44.0203
7782.58  49.4383
7783.62  59.2611
7784.66  62.4337
7785.7  63.8845
7786.74  67.9032
7787.78  55.1488
7788.82  41.2173
7789.86  49.365
7790.9  53.5856
7791.94  53.8811
7792.98  49.788
7794.02  52.5004
7795.06  65.5018
7796.1  71.9791
7797.14  80.7116
7798.18  102.825
7799.22  97.732
7800.26  78.1363
7801.3  57.0537
7802.34  40.2284
7803.38  30.3024
7804.42  45.1801
7805.46  52.8826
7806.5  39.6804
7807.54  42.4197
7808.58  50.2964
7809.62  62.6616
7810.66  52.6877
7811.7  35.0395
7812.74  45.5551
7813.78  52.0468
7814.82  51.3632
7815.86  49.7005
7816.9  46.9106
7817.94  42.3218
7818.98  45.2654
7820.02  51.3542
7821.06  58.0284
7822.1  61.0799
7823.14  60.8293
7824.18  53.1142
7825.22  62.1036
7826.26  91.3104
7827.3  82.967
7828.34  64.5154
7829.38  44.3051
7830.42  37.9258
7831.46  38.337
7832.5  39.5174
7833.54  42.6426
7834.58  47.2451
7835.62  52.0749
7836.66  54.094
7837.7  52.2527
7838.74  48.8613
7839.78  47.9905
7840.82  55.5315
7841.86  59.1179
7842.9  57.8337
7843.94  41.9016
7844.98  40.4004
7846.02  51.8062
7847.06  45.8967
7848.1  40.7564
7849.14  41.5849
7850.18  50.5259
7851.22  57.6861
7852.26  52.2225
7853.3  37.8437
7854.34  26.9114
7855.38  62.3982
7856.42  83.2633
7857.46  81.794
7858.5  62.9272
7859.54  57.5205
7860.58  92.3253
7861.62  75.7759
7862.66  54.5878
7863.7  82.4026
7864.74  86.9666
7865.78  73.9552
7866.82  56.1784
7867.86  47.3116
7868.9  51.0552
7869.94  56.8867
7870.98  61.9904
7872.02  62.5648
7873.06  63.5128
7874.1  62.2354
7875.14  52.846
7876.18  49.4475
7877.22  51.4386
7878.26  53.3815
7879.3  55.5807
7880.34  57.7514
7881.38  60.2141
7882.42  62.3731
7883.46  63.2789
7884.5  67.4154
7885.54  68.749
7886.58  47.4081
7887.62  50.9445
7888.66  76.6562
7889.7  66.568
7890.74  57.2146
7891.78  59.7089
7892.82  80.2277
7893.86  95.4868
7894.9  68.3304
7895.94  88.1778
7896.98  125.657
7898.02  105.939
7899.06  90.1068
7900.1  85.244
7901.14  78.0016
7902.18  69.0146
7903.22  56.3769
7904.26  48.1257
7905.3  45.6263
7906.34  52.4577
7907.38  64.79
7908.42  91.2251
7909.46  164.853
7910.5  267.656
7911.54  396.113
7912.58  537.15
7913.62  644.426
7914.66  689.338
7915.7  625.398
7916.74  499.261
7917.78  367.703
7918.82  265.67
7919.86  191.158
7920.9  117.502
7921.94  62.8359
7922.98  31.2138
7924.02  54.2166
7925.06  75.7545
7926.1  35.0168
7927.14  34.8867
7928.18  51.111
7929.22  48.6372
7930.26  45.5658
7931.3  44.3713
7932.34  56.4861
7933.38  68.0003
7934.42  70.7652
7935.46  101.289
7936.5  139.462
7937.54  170.035
7938.58  195.213
7939.62  210.528
7940.66  201.704
7941.7  179.236
7942.74  145.578
7943.78  112.271
7944.82  85.9222
7945.86  73.2533
7946.9  65.8529
7947.94  59.7298
7948.98  43.7513
7950.02  41.8118
7951.06  50.0461
7952.1  55.4469
7953.14  53.0458
7954.18  41.0087
7955.22  48.8547
7956.26  57.304
7957.3  53.718
7958.34  54.3278
7959.38  55.3753
7960.42  53.1815
7961.46  49.5412
7962.5  45.6052
7963.54  47.8038
7964.58  53.0274
7965.62  61.7574
7966.66  41.5413
7967.7  22.3851
7968.74  31.5972
7969.78  36.8461
7970.82  40.8699
7971.86  42.797
7972.9  51.5212
7973.94  65.7651
7974.98  63.1316
7976.02  58.2105
7977.06  55.945
7978.1  55.5093
7979.14  56.8202
7980.18  62.4779
7981.22  55.0207
7982.26  45.0812
7983.3  69.6513
7984.34  81.4176
7985.38  73.6004
7986.42  66.7881
7987.46  57.5984
7988.5  42.8979
7989.54  47.0297
7990.58  55.0879
7991.62  48.9523
7992.66  43.1858
7993.7  39.4061
7994.74  47.8249
7995.78  45.9553
7996.82  27.9444
7997.86  46.4629
7998.9  62.2254
7999.94  42.9716
8000.98  51.1379
8002.02  68.6488
8003.06  78.418
8004.1  71.5356
8005.14  51.9775
8006.18  47.9164
8007.22  50.258
8008.26  58.4408
8009.3  59.5436
8010.34  58.2047
8011.38  57.3551
8012.42  50.423
8013.46  42.0281
8014.5  41.8984
8015.54  47.9284
8016.58  58.1549
8017.62  51.3354
8018.66  48.3198
8019.7  61.3549
8020.74  44.7619
8021.78  27.3488
8022.82  40.1002
8023.86  49.6827
8024.9  56.0858
8025.94  53.6574
8026.98  58.8391
8028.02  73.3104
8029.06  58.4807
8030.1  42.8467
8031.14  41.7332
8032.18  41.574
8033.22  42.9551
8034.26  44.4201
8035.3  46.5141
8036.34  48.023
8037.38  41.3461
8038.42  39.5205
8039.46  46.1263
8040.5  49.1439
8041.54  50.9716
8042.58  52.4283
8043.62  48.8426
8044.66  45.1488
8045.7  52.5856
8046.74  52.9933
8047.78  47.8329
8048.82  58.1422
8049.86  62.2727
8050.9  51.5432
8051.94  54.5812
8052.98  59.6463
8054.02  61.056
8055.06  51.092
8056.1  36.3376
8057.14  29.5887
8058.18  36.6416
8059.22  55.7603
8060.26  54.5333
8061.3  47.5182
8062.34  36.4503
8063.38  46.6687
8064.42  61.685
8065.46  67.7594
8066.5  58.5764
8067.54  43.1019
8068.58  54.1225
8069.62  59.7091
8070.66  54.5625
8071.7  49.6492
8072.74  46.2491
8073.78  46.969
8074.82  47.0873
8075.86  47.3038
8076.9  47.54
8077.94  47.8671
8078.98  48.7862
8080.02  55.3542
8081.06  54.3266
8082.1  41.3647
8083.14  44.472
8084.18  49.1497
8085.22  45.9135
8086.26  46.1527
8087.3  47.3042
8088.34  45.6148
8089.38  46.317
8090.42  48.7941
8091.46  43.4176
8092.5  44.5141
8093.54  58.4679
8094.58  67.0734
8095.62  77.1778
8096.66  91.5746
8097.7  118.716
8098.74  150.607
8099.78  171.7
8100.82  170.161
8101.86  145.546
8102.9  120.735
8103.94  99.5055
8104.98  89.4299
8106.02  57.75
8107.06  29.1423
8108.1  34.2542
8109.14  38.4276
8110.18  42.6025
8111.22  47.6775
8112.26  57.2576
8113.3  72.0898
8114.34  87.9623
8115.38  101.943
8116.42  112.547
8117.46  114.752
8118.5  108.667
8119.54  90.4775
8120.58  71.9882
8121.62  55.3846
8122.66  49.0417
8123.7  47.1733
8124.74  48.6632
8125.78  45.4015
8126.82  42.3427
8127.86  43.188
8128.9  42.8452
8129.94  40.4787
8130.98  28.5772
8132.02  34.04
8133.06  53.9351
8134.1  44.9183
8135.14  37.4046
8136.18  42.0123
8137.22  43.771
8138.26  43.4516
8139.3  38.2749
8140.34  36.5038
8141.38  36.8261
8142.42  35.9821
8143.46  40.5063
8144.5  50.1114
8145.54  45.3094
8146.58  41.0343
8147.62  45.0349
8148.66  43.9407
8149.7  43.3452
8150.74  50.4966
8151.78  51.1111
8152.82  47.4935
8153.86  48.8391
8154.9  44.8236
8155.94  33.658
8156.98  35.7889
8158.02  39.5672
8159.06  35.4909
8160.1  53.494
8161.14  71.5632
8162.18  51.4778
8163.22  43.8282
8164.26  46.7908
8165.3  38.4648
8166.34  35.0365
8167.38  41.1017
8168.42  45.5254
8169.46  47.5776
8170.5  43.6792
8171.54  42.4079
8172.58  42.1525
8173.62  40.2174
8174.66  42.783
8175.7  48.8849
8176.74  44.6439
8177.78  40.4922
8178.82  39.6351
8179.86  46.9279
8180.9  52.7367
8181.94  44.7394
8182.98  39.2962
8184.02  36.6947
8185.06  41.6478
8186.1  43.4611
8187.14  41.0272
8188.18  48.8076
8189.22  48.4837
8190.26  24.5369
8191.3  28.2598
8192.34  41.2945
8193.38  52.2355
8194.42  47.8714
8195.46  33.5023
8196.5  28.723
8197.54  28.5501
8198.58  32.6733
8199.62  34.5901
8200.66  38.0289
8201.7  47.2441
8202.74  44.9618
8203.78  39.9966
8204.82  45.7163
8205.86  48.1364
8206.9  47.1308
8207.94  45.8194
8208.98  43.4431
8210.02  39.774
8211.06  38.3385
8212.1  39.3455
8213.14  45.6958
8214.18  43.1951
8215.22  38.3311
8216.26  44.6447
8217.3  49.1383
8218.34  49.7814
8219.38000000001  36.8117
8220.42  27.8227
8221.46  31.0057
8222.5  37.776
8223.54  43.6932
8224.58  40.6936
8225.62  38.5051
8226.66  37.1759
8227.7  38.5447
8228.74  39.447
8229.78  39.364
8230.82  38.6567
8231.86  38.2212
8232.9  38.1374
8233.94  42.9894
8234.98  47.5039
8236.02  44.6253
8237.06  37.1628
8238.1  29.0283
8239.14  39.2369
8240.18  44.3119
8241.22  38.7663
8242.26  42.2392
8243.3  46.8824
8244.34  49.6449
8245.38  47.4723
8246.42  43.5477
8247.46  43.5163
8248.5  39.3081
8249.54  33.2471
8250.58  44.2238
8251.62  51.3544
8252.66  47.6024
8253.7  43.2367
8254.74  39.2988
8255.78  38.7201
8256.82  37.0697
8257.86  36.7552
8258.9  44.5959
8259.94  49.0559
8260.98  48.9274
8262.02  43.6829
8263.06  40.1793
8264.1  42.9349
8265.14  40.4657
8266.18  35.3869
8267.22  25.0057
8268.26  32.2311
8269.3  47.2075
8270.34  38.1785
8271.38  32.9729
8272.42  35.7475
8273.46  37.5318
8274.5  38.3314
8275.54  36.5218
8276.58  37.8485
8277.62  41.1348
8278.66  46.7786
8279.7  50.7004
8280.74  53.2165
8281.78  57.1307
8282.82  57.2909
8283.86  52.4348
8284.9  29.1061
8285.94  10.9742
8286.98  18.9137
8288.02  26.1646
8289.06  34.312
8290.1  39.9974
8291.14  51.9389
8292.18  64.5281
8293.22  26.3355
8294.26  10.2673
8295.3  45.2827
8296.34  60.1045
8297.38  65.0502
8298.42  55.4122
8299.46  53.353
8300.5  53.3339
8301.54  41.6705
8302.58  43.9934
8303.62  60.8665
8304.66  63.4994
8305.7  58.9194
8306.74  43.3774
8307.78  67.0207
8308.82  91.7951
8309.86  75.4797
8310.9  55.9173
8311.94  38.1521
8312.98  46.1753
8314.02  49.204
8315.06  42.3795
8316.1  49.997
8317.14  58.7012
8318.18  63.3855
8319.22  59.2481
8320.26  52.2851
8321.3  51.6328
8322.34  48.0098
8323.38  43.0476
8324.42  45.7005
8325.46  50.1296
8326.5  55.2323
8327.54  54.1153
8328.58  50.1033
8329.62  42.6609
8330.66  45.6942
8331.7  51.6311
8332.74  47.2539
8333.78  45.0401
8334.82  45.3097
8335.86  45.1782
8336.9  45.6287
8337.94  46.8779
8338.98  48.2486
8340.02  49.1742
8341.06  49.6617
8342.1  44.6126
8343.14  38.3432
8344.18  42.4622
8345.22  48.9745
8346.26  55.1563
8347.3  34.7705
8348.34  21.6633
8349.38  32.3884
8350.42  59.1768
8351.46  82.884
8352.5  77.4302
8353.54  45.7234
8354.58  4.97574
8355.62  18.5658
8356.66  38.0957
8357.7  55.0121
8358.74  63.5491
8359.78  64.928
8360.82  54.701
8361.86  58.5248
8362.9  63.0341
8363.94  49.1303
8364.98  41.5948
8366.02  40.4238
8367.06  43.9728
8368.1  43.9893
8369.14  37.1325
8370.18  49.5365
8371.22  61.2778
8372.26  58.2163
8373.3  47.0494
8374.34  34.9413
8375.38  38.3244
8376.42  49.3578
8377.46  63.687
8378.5  48.8504
8379.54  38.9792
8380.58  48.0801
8381.62  42.3929
8382.66  41.7372
8383.7  71.6693
8384.74  68.6501
8385.78  48.6881
8386.82  43.8229
8387.86  45.1887
8388.9  52.0276
8389.94  62.2116
8390.98  68.7899
8392.02  67.7585
8393.06  53.9004
8394.1  40.969
8395.14  51.0603
8396.18  50.5769
8397.22  44.24
8398.26  50.0781
8399.3  51.7453
8400.34  46.3239
8401.38  49.924
8402.42  55.8324
8403.46  64.5752
8404.5  51.829
8405.54  37.2191
8406.58  54.9341
8407.62  56.6989
8408.66  45.0295
8409.7  40.2721
8410.74  39.9476
8411.78  45.0223
8412.82  39.445
8413.86  34.7819
8414.9  40.9143
8415.94  43.1224
8416.98  43.6443
8418.02  44.897
8419.06  41.6128
8420.1  35.2148
8421.14  45.155
8422.18  42.9338
8423.22  11.913
8424.26  26.2093
8425.3  49.8616
8426.34  57.4752
8427.38  49.0301
8428.42  32.1238
8429.46  24.8959
8430.5  30.013
8431.54  46.7894
8432.58  43.4491
8433.62  44.7257
8434.66  70.2869
8435.7  38.2239
8436.74  8.07187
8437.78  67.6591
8438.82  70.6983
8439.86  36.6308
8440.9  37.6831
8441.94  43.5184
8442.98  49.8195
8444.02  45.9061
8445.06  41.2724
8446.1  41.7172
8447.14  43.6271
8448.18  45.0185
8449.22  40.711
8450.26  37.2884
8451.3  36.0166
8452.34  44.0825
8453.38  49.8161
8454.42  49.2637
8455.46  52.1065
8456.5  56.2566
8457.54  60.3269
8458.58  74.4164
8459.62  84.9628
8460.66  54.0214
8461.7  38.9406
8462.74  42.8782
8463.78  41.7604
8464.82  41.1762
8465.86  40.9558
8466.9  54.1527
8467.94  66.3046
8468.98  61.5721
8470.02  53.8973
8471.06  42.4943
8472.1  22.7702
8473.14  11.7248
8474.18  12.9805
8475.22  41.2087
8476.26  61.4944
8477.3  50.1529
8478.34  43.3308
8479.38  38.3943
8480.42  41.331
8481.46  38.3857
8482.5  33.0526
8483.54  42.6673
8484.58  47.3262
8485.62  42.5033
8486.66  37.74
8487.7  37.3548
8488.74  50.1442
8489.78  47.5337
8490.82  39.9884
8491.86  40.7154
8492.9  41.3482
8493.94  41.6243
8494.98  42.2558
8496.02  43.4242
8497.06  45.472
8498.1  39.4067
8499.14  35.5956
8500.18  46.7052
8501.22  43.0085
8502.26  35.3294
8503.3  46.7927
8504.34  53.605
8505.38  53.6408
8506.42  52.1765
8507.46  46.0467
8508.5  30.775
8509.54  42.4714
8510.58  62.0603
8511.62  82.3414
8512.66  55.303
8513.7  6.56994
8514.74  13.1704
8515.78  27.2583
8516.82  41.6658
8517.86  43.1077
8518.9  41.1297
8519.94  38.4038
8520.98  44.1632
8522.02  51.2296
8523.06  51.1318
8524.1  46.4087
8525.14  39.7557
8526.18  44.3363
8527.22  45.3761
8528.26  39.2447
8529.3  37.5445
8530.34  39.3324
8531.38  47.2708
8532.42  49.6304
8533.46  49.1953
8534.5  49.17
8535.54  44.7081
8536.58  37.0671
8537.62  34.929
8538.66  39.6528
8539.7  53.7198
8540.74  52.1242
8541.78  46.0196
8542.82  41.259
8543.86  40.492
8544.9  41.6251
8545.94  38.6423
8546.98  42.7614
8548.02  53.631
8549.06  54.6851
8550.1  48.9547
8551.14  33.526
8552.18  36.4242
8553.22  41.8414
8554.26  31.9574
8555.3  34.528
8556.34  43.8638
8557.38  44.6248
8558.42  39.472
8559.46  29.0271
8560.5  35.1336
8561.54  41.496
8562.58  38.759
8563.62  37.9114
8564.66  37.6791
8565.7  38.6217
8566.74  38.7374
8567.78  37.5786
8568.82  32.0641
8569.86  27.9357
8570.9  26.756
8571.94  36.4879
8572.98  45.2552
8574.02  41.8324
8575.06  45.6644
8576.1  49.9563
8577.14  42.4153
8578.18  41.011
8579.22  45.2629
8580.26  42.1902
8581.3  39.4386
8582.34  39.4027
8583.38  36.1169
8584.42  34.8192
8585.46  42.5754
8586.5  42.3684
8587.54  38.2003
8588.58  36.521
8589.62  39.0867
8590.66  45.275
8591.7  40.9359
8592.74  38.5613
8593.78  45.0456
8594.82  45.2332
8595.86  40.9627
8596.9  26.7193
8597.94  30.9326
8598.98  48.845
8600.02  70.0971
8601.06  84.3267
8602.1  88.2643
8603.14  65.6001
8604.18  44.4465
8605.22  43.5181
8606.26  50.3932
8607.3  58.9015
8608.34  55.5491
8609.38  50.5858
8610.42  45.7006
8611.46  49.3632
8612.5  48.9667
8613.54  40.6859
8614.58  42.9676
8615.62  46.0094
8616.66  43.9216
8617.7  40.0555
8618.74  34.3322
8619.78  24.4406
8620.82  23.9867
8621.86  32.9236
8622.9  45.7608
8623.94  47.8022
8624.98  30.036
8626.02  27.2013
8627.06  31.3362
8628.1  42.3342
8629.14  48.6223
8630.18  53.039
8631.22  65.6036
8632.26  60.4812
8633.3  36.1633
8634.34  16.0174
8635.38  10.6603
8636.42  32.7512
8637.46  47.7047
8638.5  54.2146
8639.54  33.292
8640.58  47.1165
8641.62  77.5997
8642.66  57.7259
8643.7  39.6117
8644.74  32.7755
8645.78  46.1715
8646.82  57.739
8647.86  50.6816
8648.9  47.2369
8649.94  43.6052
8650.98  37.1212
8652.02  35.1587
8653.06  38.1557
8654.1  52.1026
8655.14  52.4071
8656.18  30.0137
8657.22  25.7209
8658.26  29.1625
8659.3  44.0833
8660.34  23.5166
8661.38  1.58194
8662.42  57.4375
8663.46  81.4661
8664.5  68.6283
8665.54  41.6369
8666.58  57.7694
8667.62  161.472
8668.66  112.983
8669.7  40.1289
8670.74  51.1595
8671.78  45.1238
8672.82  33.1034
8673.86  35.6623
8674.9  36.7277
8675.94  34.8044
8676.98  41.0104
8678.02  46.318
8679.06  45.5494
8680.1  49.7019
8681.14  53.3596
8682.18  50.4834
8683.22  46.6956
8684.26  42.895
8685.3  43.5089
8686.34  42.6897
8687.38  39.251
8688.42  38.8048
8689.46  36.33
8690.5  25.3296
8691.54  29.74
8692.58  38.6805
8693.62  36.8182
8694.66  41.1803
8695.7  50.3451
8696.74  54.4526
8697.78  53.7207
8698.82  47.0563
8699.86  44.479
8700.9  42.4659
8701.94  38.3077
8702.98  39.3085
8704.02  42.5134
8705.06  42.6143
8706.1  43.8938
8707.14  45.5219
8708.18  35.8197
8709.22  29.5329
8710.26  32.8614
8711.3  41.0786
8712.34  49.9334
8713.38  55.0503
8714.42  48.6705
8715.46  38.9671
8716.5  53.3977
8717.54  55.4335
8718.58  41.1143
8719.62  44.4377
8720.66  46.7818
8721.7  38.7021
8722.74  34.5917
8723.78  32.6827
8724.82  33.4411
8725.86  35.5147
8726.9  38.0945
8727.94  37.46
8728.98  37.6394
8730.02  39.46
8731.06  35.4269
8732.1  33.151
8733.14  39.1096
8734.18  42.1861
8735.22  43.017
8736.26  39.2714
8737.3  34.9706
8738.34  31.663
8739.38  37.652
8740.42  44.1962
8741.46  49.0411
8742.5  42.8211
8743.54  36.9799
8744.58  42.9569
8745.62  44.0341
8746.66  43.5861
8747.7  46.128
8748.74  50.9297
8749.78  57.1033
8750.82  56.1633
8751.86  54.9306
8752.9  55.9373
8753.94  59.4531
8754.98  58.7295
8756.02  41.0333
8757.06  35.5639
8758.1  38.7686
8759.14  46.0887
8760.18  46.6159
8761.22  38.8452
8762.26  38.7517
8763.3  41.9672
8764.34  49.5556
8765.38  46.8821
8766.42  41.5852
8767.46  41.8258
8768.5  40.7307
8769.54  42.0448
8770.58  70.0444
8771.62  75.2482
8772.66  44.7827
8773.7  29.0448
8774.74  16.046
8775.78  -0.188713
8776.82  1.17222
8777.86  17.3139
8778.9  59.509
8779.94  65.9734
8780.98  41.9548
8782.02  46.7446
8783.06  44.3992
8784.1  23.0458
8785.14  37.2085
8786.18  49.8861
8787.22  23.3041
8788.26  28.4009
8789.3  47.5267
8790.34  50.6094
8791.38  50.858
8792.42  49.8725
8793.46  57.183
8794.5  53.48
8795.54  25.1969
8796.58  23.4064
8797.62  33.7118
8798.66  55.3404
8799.7  50.7072
8800.74  34.1916
8801.78  52.989
8802.82  64.61
8803.86  62.0747
8804.9  44.6284
8805.94  30.7542
8806.98  34.6671
8808.02  36.7727
8809.06  37.6031
8810.1  30.3327
8811.14  37.04
8812.18  52.1116
8813.22000000001  49.4647
8814.26  38.9708
8815.3  21.7203
8816.34  26.5472
8817.38  35.363
8818.42  38.1607
8819.46  35.3727
8820.5  31.0866
8821.54  33.1899
8822.58  37.6933
8823.62  43.4893
8824.66  42.7713
8825.7  46.5291
8826.74  59.7563
8827.78  64.084
8828.82  60.834
8829.86  43.5493
8830.9  39.9395
8831.94  45.1053
8832.98  55.7732
8834.02  56.1879
8835.06  44.5246
8836.1  26.5505
8837.14  10.6738
8838.18  -1.78292
8839.22  27.6952
8840.26  63.043
8841.3  63.6672
8842.34  58.8839
8843.38  50.5938
8844.42  43.7265
8845.46  52.5397
8846.5  78.4757
8847.54  55.3154
8848.58  28.7851
8849.62  21.6208
8850.66  28.1723
8851.7  38.402
8852.74  33.2789
8853.78  35.2757
8854.82  42.4697
8855.86  45.0758
8856.9  40.0888
8857.94  25.3408
8858.98  26.4928
8860.02  31.5977
8861.06  35.1051
8862.1  34.0417
8863.14  32.2347
8864.18  40.15
8865.22  33.8684
8866.26  16.3983
8867.3  24.8408
8868.34  35.7463
8869.38  42.5311
8870.42  42.0247
8871.46  39.1652
8872.5  37.1743
8873.54  40.1615
8874.58  46.7317
8875.62  57.8242
8876.66  54.9768
8877.7  37.6176
8878.74  34.7123
8879.78  33.6626
8880.82  30.1158
8881.86  27.9265
8882.9  28.4379
8883.94  36.0607
8884.98  38.7638
8886.02  37.1893
8887.06  29.6574
8888.1  31.7242
8889.14  45.7775
8890.18  15.9928
8891.22  -5.86281
8892.26  18.6404
8893.3  22.1748
8894.34  20.8798
8895.38  27.8421
8896.42  30.6603
8897.46  29.4219
8898.5  26.1167
8899.54  20.6863
8900.58  12.9136
8901.62  15.7787
8902.66  21.0581
8903.7  21.9093
8904.74  32.5343
8905.78  42.7793
8906.82  32.5675
8907.86  12.331
8908.9  -11.4383
8909.94  15.5095
8910.98  19.4668
8912.02  -37.6473
8913.06  -8.10868
8914.1  33.2218
8915.14  23.9894
8916.18  21.0955
8917.22  20.5595
8918.26  20.4343
8919.3  9.52092
8920.34  -10.0019
8921.38  21.7455
8922.42  62.7326
8923.46  95.7359
