4250.12  6.686310E-18
4252.11  3.245290E-18
4254.1  5.021890E-18
4256.09  1.721110E-18
4258.08  2.656470E-18
4260.07  6.766740E-18
4262.06  6.991070E-18
4264.05  1.309970E-17
4266.04  9.699900E-18
4268.03  6.097090E-18
4270.02  2.640570E-18
4272.01  1.305240E-18
4274.  4.884320E-18
4275.99  4.762690E-18
4277.98  8.002160E-18
4279.97  2.796530E-18
4281.96  1.431490E-18
4283.95  4.718170E-19
4285.94  3.148840E-18
4287.93  1.042270E-18
4289.92  7.787500E-18
4291.91  6.663390E-18
4293.9  4.739230E-18
4295.89  2.006610E-18
4297.88  7.887190E-18
4299.87  6.323680E-18
4301.86  -8.778400E-19
4303.85  1.859020E-18
4305.84  -1.769960E-18
4307.83  2.160240E-18
4309.82  6.598340E-18
4311.81  2.885470E-18
4313.8  5.081780E-18
4315.79  2.499870E-18
4317.78  -1.220040E-18
4319.77  4.091530E-18
4321.76  4.245700E-18
4323.75  8.494770E-18
4325.74  5.870350E-18
4327.73  4.153790E-18
4329.72  5.436140E-18
4331.71  8.715290E-18
4333.7  6.864540E-18
4335.69  2.598560E-18
4337.68  5.860530E-18
4339.67  9.592830E-18
4341.66  7.708900E-18
4343.65  4.549410E-18
4345.64  4.700390E-18
4347.63  -5.008730E-19
4349.62  2.556750E-18
4351.61  7.082350E-18
4353.6  5.587780E-18
4355.59  2.963830E-19
4357.58  4.045980E-18
4359.57  3.340320E-18
4361.56  3.659610E-18
4363.55  2.701700E-18
4365.54  5.387830E-18
4367.53  6.703180E-18
4369.52  2.829780E-18
4371.51  4.907280E-18
4373.5  9.125120E-18
4375.49  4.822590E-18
4377.48  5.741080E-18
4379.47  6.155210E-18
4381.46  7.646960E-18
4383.45  4.956930E-18
4385.44  6.383580E-18
4387.43  6.657440E-18
4389.42  5.489490E-18
4391.41  4.850050E-18
4393.4  8.735870E-18
4395.39  4.660230E-18
4397.38  3.794910E-18
4399.37  6.523420E-18
4401.36  5.912170E-18
4403.35  5.494320E-18
4405.34  3.903330E-18
4407.33  4.232320E-18
4409.32  3.714580E-18
4411.31  2.623360E-18
4413.3  6.824930E-18
4415.29  3.259100E-18
4417.28  7.454380E-19
4419.27  3.252700E-18
4421.26  2.119280E-18
4423.25  7.876940E-19
4425.24  4.579580E-18
4427.23  8.071530E-18
4429.22  2.428040E-18
4431.21  5.217690E-19
4433.2  3.247900E-18
4435.19  6.335870E-18
4437.18  2.254710E-18
4439.17  4.290600E-18
4441.16  2.429340E-18
4443.15  5.539350E-18
4445.14  6.209110E-18
4447.13  6.793880E-18
4449.12  4.414150E-18
4451.11  -4.517690E-19
4453.1  2.034660E-18
4455.09  2.710870E-18
4457.08  3.704180E-18
4459.07  2.348390E-18
4461.06  4.829460E-18
4463.05  7.388740E-18
4465.04  6.414820E-18
4467.03  4.727220E-18
4469.02  3.050010E-18
4471.01  2.888750E-18
4473.  5.471930E-18
4474.99  2.817690E-18
4476.98  6.490140E-19
4478.97  5.182400E-18
4480.96  2.816900E-18
4482.95  2.342810E-18
4484.94  5.813540E-18
4486.93  3.823230E-18
4488.92  2.283360E-18
4490.91  3.747310E-18
4492.9  5.687440E-18
4494.89  8.188150E-18
4496.88  7.436260E-18
4498.87  6.993150E-18
4500.86  9.191820E-18
4502.85  6.959940E-18
4504.84  6.486720E-18
4506.83  7.964330E-18
4508.82  8.342730E-18
4510.81  4.752300E-18
4512.8  4.449070E-18
4514.79  3.657310E-18
4516.78  6.485800E-18
4518.77  5.789770E-18
4520.76  5.371960E-18
4522.75  3.835940E-18
4524.74  2.836830E-18
4526.73  4.403070E-18
4528.72  6.887600E-18
4530.71  6.623080E-18
4532.7  7.793670E-18
4534.69  7.259810E-18
4536.68  5.710590E-18
4538.67  6.610500E-18
4540.66  5.784570E-18
4542.65  5.029500E-18
4544.64  7.002250E-18
4546.63  5.687490E-18
4548.62  8.076440E-18
4550.61  6.767760E-18
4552.6  7.658370E-18
4554.59  6.484540E-18
4556.58  5.144710E-18
4558.57  3.189870E-18
4560.56  2.689600E-18
4562.55  4.692170E-18
4564.54  4.702290E-18
4566.53  2.054340E-18
4568.52  3.614760E-18
4570.51  4.696920E-18
4572.5  3.675920E-18
4574.49  4.749190E-18
4576.48  7.208550E-18
4578.47  3.294700E-18
4580.46  8.638070E-18
4582.45  4.436400E-18
4584.44  4.273940E-18
4586.43  4.455370E-18
4588.42  5.582520E-18
4590.41  4.175570E-18
4592.4  6.370450E-18
4594.39  5.972730E-18
4596.38  6.237950E-18
4598.37  6.965820E-18
4600.36  1.811160E-18
4602.35  1.901850E-18
4604.34  4.440200E-18
4606.33  5.637880E-18
4608.32  4.353940E-18
4610.31  4.531750E-18
4612.3  4.043090E-18
4614.29  5.770490E-18
4616.28  3.366480E-18
4618.27  3.455290E-18
4620.26  2.690830E-18
4622.25  3.949560E-18
4624.24  3.966105E-18
4626.23  4.196095E-18
4628.22  4.426142E-18
4630.21  4.656133E-18
4632.2  4.886179E-18
4634.19  5.116170E-18
4636.18  4.332700E-18
4638.17  2.968910E-18
4640.16  4.290710E-18
4642.15  4.429390E-18
4644.14  4.361370E-18
4646.13  5.230440E-18
4648.12  4.242130E-18
4650.11  4.982200E-18
4652.1  6.123940E-18
4654.09  4.048070E-18
4656.08  3.509080E-18
4658.07  4.160230E-18
4660.06  6.155140E-18
4662.05  5.588170E-18
4664.04  5.899090E-18
4666.03  3.993850E-18
4668.02  2.662050E-18
4670.01  4.362120E-18
4672.  6.948790E-18
4673.99  6.996110E-18
4675.98  6.310820E-18
4677.97  3.890830E-18
4679.96  5.455350E-18
4681.95  6.862970E-18
4683.94  5.803770E-18
4685.93  5.585580E-18
4687.92  4.020270E-18
4689.91  6.747950E-18
4691.9  6.990160E-18
4693.89  7.135210E-18
4695.88  3.707100E-18
4697.87  2.537330E-18
4699.86  6.110180E-18
4701.85  5.999790E-18
4703.84  4.252570E-18
4705.83  5.983610E-18
4707.82  6.469290E-18
4709.81  3.944300E-18
4711.8  2.427300E-18
4713.79  6.129530E-18
4715.78  4.757210E-18
4717.77  3.384850E-18
4719.76  4.455480E-18
4721.75  6.168710E-18
4723.74  5.558790E-18
4725.73  5.603530E-18
4727.72  6.876220E-18
4729.71  4.379110E-18
4731.7  2.550720E-18
4733.69  3.463120E-18
4735.68  7.629450E-18
4737.67  5.250210E-18
4739.66  3.601520E-18
4741.65  4.527850E-18
4743.64  6.427390E-18
4745.63  6.224850E-18
4747.62  4.495020E-18
4749.61  5.030130E-18
4751.6  4.424320E-18
4753.59  3.016360E-18
4755.58  5.231660E-18
4757.57  4.925870E-18
4759.56  5.150370E-18
4761.55  5.864450E-18
4763.54  4.787800E-18
4765.53  6.323830E-18
4767.52  6.848670E-18
4769.51  5.403830E-18
4771.5  5.136960E-18
4773.49  2.878760E-18
4775.48  5.882880E-18
4777.47  7.175220E-18
4779.46  6.775830E-18
4781.45  4.986450E-18
4783.44  6.889200E-18
4785.43  5.955550E-18
4787.42  5.440380E-18
4789.41  4.133720E-18
4791.4  5.348760E-18
4793.39  4.784280E-18
4795.38  6.992330E-18
4797.37  4.915710E-18
4799.36  5.185430E-18
4801.35  5.256360E-18
4803.34  5.524690E-18
4805.33  5.483940E-18
4807.32  6.557400E-18
4809.31  5.730010E-18
4811.3  4.310540E-18
4813.29  2.889110E-18
4815.28  5.996870E-18
4817.27  6.878400E-18
4819.26  4.637230E-18
4821.25  4.624350E-18
4823.24  4.955500E-18
4825.23  4.899150E-18
4827.22  2.720940E-18
4829.21  4.941390E-18
4831.2  6.508200E-18
4833.19  6.334780E-18
4835.18  6.788810E-18
4837.17  6.598530E-18
4839.16  6.923100E-18
4841.15  6.765650E-18
4843.14  4.074330E-18
4845.13  4.616150E-18
4847.12  4.547230E-18
4849.11  4.067080E-18
4851.1  7.469330E-18
4853.09  5.345390E-18
4855.08  5.032320E-18
4857.07  6.600790E-18
4859.06  6.923600E-18
4861.05  3.666270E-18
4863.04  5.363060E-18
4865.03  5.198330E-18
4867.02  4.843510E-18
4869.01  6.334200E-18
4871.  7.863170E-18
4872.99  9.168650E-18
4874.98  7.912570E-18
4876.97  7.243910E-18
4878.96  6.430280E-18
4880.95  6.038640E-18
4882.94  5.370320E-18
4884.93  4.635670E-18
4886.92  5.682450E-18
4888.91  6.465740E-18
4890.9  6.023970E-18
4892.89  4.837380E-18
4894.88  6.455820E-18
4896.87  6.145350E-18
4898.86  4.591760E-18
4900.85  4.433140E-18
4902.84  6.778390E-18
4904.83  7.072340E-18
4906.82  5.227450E-18
4908.81  5.364640E-18
4910.8  6.332270E-18
4912.79  6.530760E-18
4914.78  7.624250E-18
4916.77  8.149950E-18
4918.76  5.548560E-18
4920.75  7.880530E-18
4922.74  6.804090E-18
4924.73  7.665860E-18
4926.72  8.317700E-18
4928.71  6.447350E-18
4930.7  6.374770E-18
4932.69  6.876100E-18
4934.68  8.393720E-18
4936.67  7.313690E-18
4938.66  6.826300E-18
4940.65  6.540210E-18
4942.64  4.777110E-18
4944.63  6.917670E-18
4946.62  4.684180E-18
4948.61  5.163180E-18
4950.6  5.354620E-18
4952.59  5.704460E-18
4954.58  7.383510E-18
4956.57  7.774300E-18
4958.56  7.285010E-18
4960.55  6.445960E-18
4962.54  5.639950E-18
4964.53  4.192890E-18
4966.52  4.861100E-18
4968.51  5.975120E-18
4970.5  5.238050E-18
4972.49  3.404850E-18
4974.48  6.593390E-18
4976.47  6.908490E-18
4978.46  4.859750E-18
4980.45  4.859170E-18
4982.44  4.875460E-18
4984.43  4.307680E-18
4986.42  6.004090E-18
4988.41  6.573210E-18
4990.4  6.625770E-18
4992.39  7.564970E-18
4994.38  6.021470E-18
4996.37  5.589640E-18
4998.36  5.209900E-18
5000.35  6.096830E-18
5002.34  5.564220E-18
5004.33  5.719110E-18
5006.32  5.147370E-18
5008.31  4.621860E-18
5010.3  6.464530E-18
5012.29  6.296300E-18
5014.28  5.421990E-18
5016.27  6.937920E-18
5018.26  7.102400E-18
5020.25  5.966870E-18
5022.24  6.179960E-18
5024.23  5.692860E-18
5026.22  5.495720E-18
5028.21  5.357010E-18
5030.2  5.285120E-18
5032.19  6.680440E-18
5034.18  5.851120E-18
5036.17  5.157590E-18
5038.16  5.586490E-18
5040.15  6.570020E-18
5042.14  6.043870E-18
5044.13  6.547890E-18
5046.12  5.481170E-18
5048.11  4.413090E-18
5050.1  5.637810E-18
5052.09  6.113520E-18
5054.08  5.882690E-18
5056.07  4.954920E-18
5058.06  4.612270E-18
5060.05  6.566880E-18
5062.04  6.668320E-18
5064.03  5.085320E-18
5066.02  5.649510E-18
5068.01  6.083700E-18
5070.  5.435710E-18
5071.99  5.751070E-18
5073.98  8.558380E-18
5075.97  6.326200E-18
5077.96  5.007980E-18
5079.95  7.141130E-18
5081.94  7.378630E-18
5083.93  6.949290E-18
5085.92  6.073140E-18
5087.91  5.427320E-18
5089.9  5.280770E-18
5091.89  7.131310E-18
5093.88  6.468820E-18
5095.87  5.790020E-18
5097.86  5.477410E-18
5099.85  7.671930E-18
5101.84  7.873540E-18
5103.83  7.153270E-18
5105.82  7.086420E-18
5107.81  7.083280E-18
5109.8  6.775130E-18
5111.79  6.140780E-18
5113.78  5.867030E-18
5115.77  5.640730E-18
5117.76  5.915360E-18
5119.75  5.243860E-18
5121.74  4.584030E-18
5123.73  4.305650E-18
5125.72  5.988040E-18
5127.71  5.388760E-18
5129.7  6.220520E-18
5131.69  5.454570E-18
5133.68  6.374430E-18
5135.67  6.755750E-18
5137.66  5.645820E-18
5139.65  6.282950E-18
5141.64  7.103990E-18
5143.63  6.863020E-18
5145.62  5.520250E-18
5147.61  5.791860E-18
5149.6  6.428770E-18
5151.59  5.416640E-18
5153.58  5.551820E-18
5155.57  6.507000E-18
5157.56  4.404200E-18
5159.55  6.692930E-18
5161.54  6.001150E-18
5163.53  5.384740E-18
5165.52  5.435400E-18
5167.51  5.192280E-18
5169.5  5.355980E-18
5171.49  6.370650E-18
5173.48  5.636970E-18
5175.47  5.438070E-18
5177.46  5.242400E-18
5179.45  5.384020E-18
5181.44  5.278200E-18
5183.43  4.952740E-18
5185.42  4.490150E-18
5187.41  5.008860E-18
5189.4  5.084340E-18
5191.39  5.466550E-18
5193.38  6.020510E-18
5195.37  5.303850E-18
5197.36  4.122250E-18
5199.35  4.387070E-18
5201.34  4.536180E-18
5203.33  3.490990E-18
5205.32  4.630340E-18
5207.31  5.748460E-18
5209.3  6.758790E-18
5211.29  6.303060E-18
5213.28  5.816950E-18
5215.27  6.110630E-18
5217.26  4.822910E-18
5219.25  4.992680E-18
5221.24  5.736750E-18
5223.23  5.249530E-18
5225.22  6.034330E-18
5227.21  5.599990E-18
5229.2  4.956670E-18
5231.19  5.434430E-18
5233.18  6.212470E-18
5235.17  5.855700E-18
5237.16  5.091500E-18
5239.15  4.016130E-18
5241.14  3.547410E-18
5243.13  4.332150E-18
5245.12  6.028870E-18
5247.11  4.703980E-18
5249.1  5.714840E-18
5251.09  4.982060E-18
5253.08  5.603510E-18
5255.07  5.446280E-18
5257.06  4.971830E-18
5259.05  5.946750E-18
5261.04  5.113720E-18
5263.03  4.129420E-18
5265.02  5.358240E-18
5267.01  5.645980E-18
5269.  4.762330E-18
5270.99  4.109460E-18
5272.98  5.477600E-18
5274.97  5.085660E-18
5276.96  4.159600E-18
5278.95  5.546760E-18
5280.94  6.568230E-18
5282.93  5.665170E-18
5284.92  5.409860E-18
5286.91  6.874940E-18
5288.9  6.271170E-18
5290.89  6.350030E-18
5292.88  7.568140E-18
5294.87  5.791030E-18
5296.86  6.385610E-18
5298.85  7.106300E-18
5300.84  5.540930E-18
5302.83  4.353450E-18
5304.82  5.527120E-18
5306.81  4.650470E-18
5308.8  5.154640E-18
5310.79  7.299450E-18
5312.78  7.423830E-18
5314.77  7.548170E-18
5316.76  7.140040E-18
5318.75  6.310110E-18
5320.74  7.001840E-18
5322.73  4.568060E-18
5324.72  5.503740E-18
5326.71  6.940350E-18
5328.7  6.483550E-18
5330.69  6.987300E-18
5332.68  6.626540E-18
5334.67  5.165530E-18
5336.66  5.002160E-18
5338.65  5.682400E-18
5340.64  5.346760E-18
5342.63  6.243240E-18
5344.62  5.529360E-18
5346.61  5.978550E-18
5348.6  6.017770E-18
5350.59  6.114440E-18
5352.58  6.218140E-18
5354.57  6.219670E-18
5356.56  5.783230E-18
5358.55  6.153160E-18
5360.54  5.993550E-18
5362.53  5.180410E-18
5364.52  6.477990E-18
5366.51  5.459340E-18
5368.5  4.695460E-18
5370.49  6.104450E-18
5372.48  7.463190E-18
5374.47  6.165660E-18
5376.46  5.182680E-18
5378.45  5.413310E-18
5380.44  5.763010E-18
5382.43  6.180340E-18
5384.42  6.325000E-18
5386.41  5.979210E-18
5388.4  6.239130E-18
5390.39  6.959480E-18
5392.38  6.021110E-18
5394.37  5.889210E-18
5396.36  5.745980E-18
5398.35  5.360590E-18
5400.34  5.739180E-18
5402.33  5.597240E-18
5404.32  4.889440E-18
5406.31  4.850910E-18
5408.3  5.593650E-18
5410.29  6.339120E-18
5412.28  5.598950E-18
5414.27  5.238750E-18
5416.26  5.450200E-18
5418.25  4.718530E-18
5420.24  5.071490E-18
5422.23  6.194160E-18
5424.22  5.116860E-18
5426.21  5.900170E-18
5428.2  7.265370E-18
5430.19  6.178330E-18
5432.18  4.934360E-18
5434.17  4.007500E-18
5436.16  5.069470E-18
5438.15  5.952110E-18
5440.14  5.103040E-18
5442.13  5.040320E-18
5444.12  4.334750E-18
5446.11  4.163730E-18
5448.1  5.749870E-18
5450.09  4.617530E-18
5452.08  4.667670E-18
5454.07  5.440000E-18
5456.06  4.454520E-18
5458.05  4.845450E-18
5460.04  5.282400E-18
5462.03  5.180480E-18
5464.02  6.329680E-18
5466.01  5.741780E-18
5468.  4.998480E-18
5469.99  4.749990E-18
5471.98  5.155270E-18
5473.97  4.751210E-18
5475.96  3.740040E-18
5477.95  4.064940E-18
5479.94  4.707630E-18
5481.93  5.589300E-18
5483.92  5.221350E-18
5485.91  4.400660E-18
5487.9  5.277980E-18
5489.89  4.872080E-18
5491.88  5.452260E-18
5493.87  4.953500E-18
5495.86  4.237030E-18
5497.85  5.055510E-18
5499.84  5.689110E-18
5501.83  5.326750E-18
5503.82  5.393270E-18
5505.81  5.116010E-18
5507.8  5.249650E-18
5509.79  5.828040E-18
5511.78  5.877250E-18
5513.77  4.621410E-18
5515.76  3.260940E-18
5517.75  5.257840E-18
5519.74  5.703120E-18
5521.73  5.413630E-18
5523.72  5.209920E-18
5525.71  4.382910E-18
5527.7  4.927220E-18
5529.69  6.199910E-18
5531.68  6.208110E-18
5533.67  5.362680E-18
5535.66  5.741090E-18
5537.65  5.656930E-18
5539.64  5.658510E-18
5541.63  5.869650E-18
5543.62  5.284870E-18
5545.61  4.465010E-18
5547.6  4.670360E-18
5549.59  6.448550E-18
5551.58  6.842130E-18
5553.57  5.644720E-18
5555.56  5.983620E-18
5557.55  5.203110E-18
5559.54  5.715080E-18
5561.53  5.823870E-18
5563.52  5.498020E-18
5565.51  4.756100E-18
5567.5  5.143630E-18
5569.49  5.861590E-18
5571.48  5.741050E-18
5573.47  5.620520E-18
5575.46  5.499990E-18
5577.45  5.379450E-18
5579.44  5.258890E-18
5581.43  5.138350E-18
5583.42  5.017820E-18
5585.41  4.897290E-18
5587.4  4.776750E-18
5589.39  5.517700E-18
5591.38  5.625870E-18
5593.37  5.882260E-18
5595.36  5.496070E-18
5597.35  5.577900E-18
5599.34  4.781590E-18
5601.33  4.599850E-18
5603.32  5.779440E-18
5605.31  6.176140E-18
5607.3  5.347750E-18
5609.29  4.738210E-18
5611.28  5.815800E-18
5613.27  5.917410E-18
5615.26  6.470070E-18
5617.25  6.304900E-18
5619.24  5.393280E-18
5621.23  6.071490E-18
5623.22  5.691210E-18
5625.21  5.445220E-18
5627.2  5.695240E-18
5629.19  4.193060E-18
5631.18  4.551300E-18
5633.17  4.443430E-18
5635.16  4.536210E-18
5637.15  5.740920E-18
5639.14  5.081630E-18
5641.13  6.073820E-18
5643.12  5.752820E-18
5645.11  5.250050E-18
5647.1  6.333300E-18
5649.09  5.514440E-18
5651.08  4.340520E-18
5653.07  4.752910E-18
5655.06  5.998090E-18
5657.05  5.836110E-18
5659.04  4.963160E-18
5661.03  4.655750E-18
5663.02  5.211530E-18
5665.01  5.162390E-18
5667.  5.902820E-18
5668.99  5.388300E-18
5670.98  4.174670E-18
5672.97  5.059480E-18
5674.96  5.392100E-18
5676.95  5.112830E-18
5678.94  4.904750E-18
5680.93  5.282040E-18
5682.92  5.980570E-18
5684.91  6.344130E-18
5686.9  6.302020E-18
5688.89  6.110280E-18
5690.88  5.825120E-18
5692.87  5.226930E-18
5694.86  5.160950E-18
5696.85  4.946240E-18
5698.84  4.725260E-18
5700.83  5.627700E-18
5702.82  5.718100E-18
5704.81  5.167390E-18
5706.8  4.850840E-18
5708.79  5.395110E-18
5710.78  6.125820E-18
5712.77  5.320340E-18
5714.76  4.920340E-18
5716.75  4.953060E-18
5718.74  5.425140E-18
5720.73  6.328820E-18
5722.72  5.557040E-18
5724.71  4.905360E-18
5726.7  5.620020E-18
5728.69  5.951250E-18
5730.68  5.735560E-18
5732.67  5.293880E-18
5734.66  5.009470E-18
5736.65  3.966400E-18
5738.64  5.257300E-18
5740.63  5.229490E-18
5742.62  4.452580E-18
5744.61  5.393730E-18
5746.6  5.341120E-18
5748.59  4.565050E-18
5750.58  5.207540E-18
5752.57  5.824970E-18
5754.56  4.991080E-18
5756.55  6.284050E-18
5758.54  6.841700E-18
5760.53  5.490390E-18
5762.52  5.953500E-18
5764.51  5.177450E-18
5766.5  5.356700E-18
5768.49  5.596090E-18
5770.48  5.029550E-18
5772.47  4.624300E-18
5774.46  5.022050E-18
5776.45  4.869500E-18
5778.44  5.919050E-18
5780.43  5.550430E-18
5782.42  5.367220E-18
5784.41  5.326470E-18
5786.4  5.585800E-18
5788.39  5.383670E-18
5790.38  5.142170E-18
5792.37  6.081110E-18
5794.36  5.582760E-18
5796.35  4.983130E-18
5798.34  3.771070E-18
5800.33  3.841330E-18
5802.32  4.944990E-18
5804.31  5.053120E-18
5806.3  5.153160E-18
5808.29  4.628990E-18
5810.28  4.742160E-18
5812.27  5.623550E-18
5814.26  4.943180E-18
5816.25  5.245880E-18
5818.24  5.522700E-18
5820.23  4.452700E-18
5822.22  6.239130E-18
5824.21  5.166540E-18
5826.2  5.483640E-18
5828.19  6.113950E-18
5830.18  5.063750E-18
5832.17  5.868190E-18
5834.16  5.836970E-18
5836.15  5.037480E-18
5838.14  4.255350E-18
5840.13  4.982610E-18
5842.12  5.009540E-18
5844.11  4.678020E-18
5846.1  5.882400E-18
5848.09  5.082240E-18
5850.08  5.035680E-18
5852.07  5.547500E-18
5854.06  4.000460E-18
5856.05  4.002020E-18
5858.04  4.763050E-18
5860.03  5.334640E-18
5862.02  3.441410E-18
5864.01  4.312200E-18
5866.  4.284890E-18
5867.99  4.231810E-18
5869.98  4.668400E-18
5871.97  4.311230E-18
5873.96  4.746940E-18
5875.95  5.304970E-18
5877.94  4.209250E-18
5879.93  5.106770E-18
5881.92  3.582980E-18
5883.91  2.625940E-18
5885.9  2.972140E-18
5887.89  3.882790E-18
5889.88  3.229560E-18
5891.87  4.497920E-18
5893.86  4.763270E-18
5895.85  6.249880E-18
5897.84  6.859780E-18
5899.83  6.384260E-18
5901.82  5.496980E-18
5903.81  4.830910E-18
5905.8  5.104250E-18
5907.79  6.112560E-18
5909.78  6.888390E-18
5911.77  5.236090E-18
5913.76  5.399980E-18
5915.75  6.665320E-18
5917.74  5.526670E-18
5919.73  5.653740E-18
5921.72  5.839550E-18
5923.71  5.857520E-18
5925.7  5.679450E-18
5927.69  4.757500E-18
5929.68  5.214270E-18
5931.67  5.372150E-18
5933.66  5.080320E-18
5935.65  5.399720E-18
5937.64  5.603340E-18
5939.63  6.183200E-18
5941.62  6.771350E-18
5943.61  7.475920E-18
5945.6  7.633480E-18
5947.59  5.622520E-18
5949.58  4.862510E-18
5951.57  5.054580E-18
5953.56  4.771020E-18
5955.55  5.998670E-18
5957.54  5.636870E-18
5959.53  4.670060E-18
5961.52  4.890090E-18
5963.51  3.901770E-18
5965.5  5.438290E-18
5967.49  4.874950E-18
5969.48  6.752900E-18
5971.47  7.133220E-18
5973.46  5.920180E-18
5975.45  7.357960E-18
5977.44  6.057650E-18
5979.43  4.913840E-18
5981.42  5.282850E-18
5983.41  6.428220E-18
5985.4  7.106080E-18
5987.39  5.896260E-18
5989.38  5.023440E-18
5991.37  5.210400E-18
5993.36  6.392840E-18
5995.35  6.792470E-18
5997.34  5.472510E-18
5999.33  5.699490E-18
6001.32  5.452720E-18
6003.31  4.384390E-18
6005.3  5.450030E-18
6007.29  5.980520E-18
6009.28  7.392800E-18
6011.27  6.235370E-18
6013.26  5.132920E-18
6015.25  5.146360E-18
6017.24  6.934950E-18
6019.23  5.733430E-18
6021.22  5.431880E-18
6023.21  5.960150E-18
6025.2  6.229270E-18
6027.19  5.160740E-18
6029.18  4.888360E-18
6031.17  6.660130E-18
6033.16  6.625390E-18
6035.15  5.053820E-18
6037.14  4.587630E-18
6039.13  5.302090E-18
6041.12  4.746330E-18
6043.11  5.832500E-18
6045.1  6.235960E-18
6047.09  5.653720E-18
6049.08  5.563900E-18
6051.07  5.766820E-18
6053.06  6.246330E-18
6055.05  7.210890E-18
6057.04  4.835910E-18
6059.03  4.230990E-18
6061.02  5.547320E-18
6063.01  5.928620E-18
6065.  6.138430E-18
6066.99  6.354530E-18
6068.98  6.686360E-18
6070.97  6.009510E-18
6072.96  5.666210E-18
6074.95  5.086270E-18
6076.94  4.489620E-18
6078.93  4.433220E-18
6080.92  4.999020E-18
6082.91  5.589760E-18
6084.9  5.023050E-18
6086.89  5.126760E-18
6088.88  4.748370E-18
6090.87  4.895990E-18
6092.86  5.167380E-18
6094.85  5.482630E-18
6096.84  6.254390E-18
6098.83  4.889760E-18
6100.82  4.152400E-18
6102.81  5.110850E-18
6104.8  4.530590E-18
6106.79  5.013760E-18
6108.78  5.175880E-18
6110.77  5.434640E-18
6112.76  4.961750E-18
6114.75  5.870810E-18
6116.74  5.155690E-18
6118.73  4.663360E-18
6120.72  4.640520E-18
6122.71  5.755780E-18
6124.7  5.973090E-18
6126.69  5.988710E-18
6128.68  5.078000E-18
6130.67  3.747450E-18
6132.66  5.472230E-18
6134.65  6.296600E-18
6136.64  5.437800E-18
6138.63  4.829170E-18
6140.62  5.149640E-18
6142.61  5.089400E-18
6144.6  5.668620E-18
6146.59  5.499890E-18
6148.58  4.514340E-18
6150.57  4.956850E-18
6152.56  5.082360E-18
6154.55  5.212680E-18
6156.54  5.093830E-18
6158.53  4.815540E-18
6160.52  4.837730E-18
6162.51  5.523440E-18
6164.5  5.028140E-18
6166.49  4.575460E-18
6168.48  4.643600E-18
6170.47  4.640200E-18
6172.46  4.436330E-18
6174.45  5.363540E-18
6176.44  5.368040E-18
6178.43  6.413200E-18
6180.42  6.815000E-18
6182.41  5.141520E-18
6184.4  5.111710E-18
6186.39  4.930750E-18
6188.38  5.102830E-18
6190.37  5.261990E-18
6192.36  4.763570E-18
6194.35  3.872780E-18
6196.34  3.812030E-18
6198.33  4.573140E-18
6200.32  4.429900E-18
6202.31  5.162460E-18
6204.3  4.887070E-18
6206.29  4.448170E-18
6208.28  4.721790E-18
6210.27  4.826860E-18
6212.26  5.445460E-18
6214.25  4.826000E-18
6216.24  5.586200E-18
6218.23  5.002880E-18
6220.22  3.733370E-18
6222.21  5.445350E-18
6224.2  5.277140E-18
6226.19  5.550300E-18
6228.18  4.324420E-18
6230.17  4.260390E-18
6232.16  4.754820E-18
6234.15  2.407290E-18
6236.14  3.091960E-18
6238.13  4.158220E-18
6240.12  5.481160E-18
6242.11  4.701920E-18
6244.1  4.630350E-18
6246.09  5.643590E-18
6248.08  5.032350E-18
6250.07  3.614800E-18
6252.06  3.236740E-18
6254.05  3.261460E-18
6256.04  3.804440E-18
6258.03  4.732250E-18
6260.02  5.867880E-18
6262.01  4.405870E-18
6264.  3.936170E-18
6265.99  4.254300E-18
6267.98  3.986920E-18
6269.97  4.327620E-18
6271.96  5.209300E-18
6273.95  5.097390E-18
6275.94  4.029690E-18
6277.93  4.058140E-18
6279.92  4.314970E-18
6281.91  3.873830E-18
6283.9  3.864870E-18
6285.89  3.893970E-18
6287.88  3.982370E-18
6289.87  5.201960E-18
6291.86  5.114750E-18
6293.85  3.489530E-18
6295.84  2.925750E-18
6297.83  3.082250E-18
6299.82  2.837240E-18
6301.81  4.812640E-18
6303.8  6.204100E-18
6305.79  5.882940E-18
6307.78  6.588750E-18
6309.77  5.812440E-18
6311.76  5.157950E-18
6313.75  4.280730E-18
6315.74  4.663530E-18
6317.73  4.003140E-18
6319.72  3.304010E-18
6321.71  4.801280E-18
6323.7  4.937700E-18
6325.69  3.975150E-18
6327.68  5.051560E-18
6329.67  4.067780E-18
6331.66  4.287250E-18
6333.65  5.222580E-18
6335.64  5.194630E-18
6337.63  4.095010E-18
6339.62  3.868080E-18
6341.61  5.208570E-18
6343.6  5.159140E-18
6345.59  5.587320E-18
6347.58  5.491840E-18
6349.57  4.018510E-18
6351.56  3.088680E-18
6353.55  4.130500E-18
6355.54  4.568680E-18
6357.53  4.516500E-18
6359.52  4.694480E-18
6361.51  4.203430E-18
6363.5  3.350260E-18
6365.49  3.988360E-18
6367.48  4.437840E-18
6369.47  5.063930E-18
6371.46  5.816780E-18
6373.45  4.236980E-18
6375.44  3.468490E-18
6377.43  3.949080E-18
6379.42  3.554510E-18
6381.41  4.690280E-18
6383.4  5.633680E-18
6385.39  5.149140E-18
6387.38  4.589500E-18
6389.37  4.176540E-18
6391.36  4.778960E-18
6393.35  5.002030E-18
6395.34  4.726700E-18
6397.33  4.930060E-18
6399.32  4.469150E-18
6401.31  4.619630E-18
6403.3  5.122710E-18
6405.29  4.031730E-18
6407.28  3.850490E-18
6409.27  4.542440E-18
6411.26  4.357470E-18
6413.25  4.998430E-18
6415.24  4.363700E-18
6417.23  5.206150E-18
6419.22  4.568570E-18
6421.21  4.470770E-18
6423.2  4.552870E-18
6425.19  4.256600E-18
6427.18  5.032670E-18
6429.17  4.380210E-18
6431.16  5.061860E-18
6433.15  4.960940E-18
6435.14  4.897570E-18
6437.13  4.437260E-18
6439.12  3.847380E-18
6441.11  4.031850E-18
6443.1  4.447530E-18
6445.09  4.040310E-18
6447.08  4.152330E-18
6449.07  4.451010E-18
6451.06  4.292670E-18
6453.05  4.693690E-18
6455.04  4.203170E-18
6457.03  3.893850E-18
6459.02  4.138620E-18
6461.01  4.201330E-18
6463.  4.366450E-18
6464.99  4.135770E-18
6466.98  4.416680E-18
6468.97  5.073070E-18
6470.96  5.295880E-18
6472.95  4.192620E-18
6474.94  5.021940E-18
6476.93  4.552060E-18
6478.92  4.014040E-18
6480.91  4.826010E-18
6482.9  4.872340E-18
6484.89  5.045810E-18
6486.88  4.271240E-18
6488.87  4.087750E-18
6490.86  4.687420E-18
6492.85  5.162530E-18
6494.84  4.972550E-18
6496.83  5.126320E-18
6498.82  4.249060E-18
6500.81  3.684260E-18
6502.8  4.055450E-18
6504.79  4.926300E-18
6506.78  4.904600E-18
6508.77  4.952590E-18
6510.76  4.942000E-18
6512.75  5.622340E-18
6514.74  5.302590E-18
6516.73  5.180340E-18
6518.72  4.357580E-18
6520.71  4.489080E-18
6522.7  3.619220E-18
6524.69  4.281380E-18
6526.68  4.000370E-18
6528.67  3.984070E-18
6530.66  3.836170E-18
6532.65  4.098670E-18
6534.64  4.680610E-18
6536.63  4.753880E-18
6538.62  5.352950E-18
6540.61  5.398280E-18
6542.6  4.770890E-18
6544.59  5.133440E-18
6546.58  4.790480E-18
6548.57  4.246310E-18
6550.56  4.932710E-18
6552.55  5.623690E-18
6554.54  4.369230E-18
6556.53  3.668080E-18
6558.52  4.031130E-18
6560.51  4.363980E-18
6562.5  3.985200E-18
6564.49  4.185930E-18
6566.48  5.081780E-18
6568.47  4.311150E-18
6570.46  3.924360E-18
6572.45  5.238530E-18
6574.44  5.309940E-18
6576.43  4.007700E-18
6578.42  3.996490E-18
6580.41  4.336110E-18
6582.4  4.822150E-18
6584.39  5.157740E-18
6586.38  5.430780E-18
6588.37  3.708750E-18
6590.36  4.133270E-18
6592.35  5.369600E-18
6594.34  4.631290E-18
6596.33  4.893440E-18
6598.32  4.629570E-18
6600.31  4.557030E-18
6602.3  4.676810E-18
6604.29  5.002050E-18
6606.28  3.971320E-18
6608.27  4.447160E-18
6610.26  4.458140E-18
6612.25  4.219130E-18
6614.24  3.572780E-18
6616.23  4.135560E-18
6618.22  4.640730E-18
6620.21  4.492630E-18
6622.2  4.537980E-18
6624.19  4.992420E-18
6626.18  5.403940E-18
6628.17  4.887290E-18
6630.16  4.518100E-18
6632.15  3.461280E-18
6634.14  4.011150E-18
6636.13  4.923420E-18
6638.12  5.015350E-18
6640.11  4.409160E-18
6642.1  4.028580E-18
6644.09  4.424950E-18
6646.08  4.973530E-18
6648.07  5.162700E-18
6650.06  4.413280E-18
6652.05  4.831510E-18
6654.04  4.753570E-18
6656.03  4.666430E-18
6658.02  5.488360E-18
6660.01  3.852320E-18
6662.  4.752640E-18
6663.99  5.671030E-18
6665.98  5.275580E-18
6667.97  5.045630E-18
6669.96  3.870130E-18
6671.95  4.173100E-18
6673.94  3.944500E-18
6675.93  4.730050E-18
6677.92  4.182610E-18
6679.91  4.525480E-18
6681.9  4.177820E-18
6683.89  4.494530E-18
6685.88  5.089510E-18
6687.87  3.927110E-18
6689.86  3.781250E-18
6691.85  5.060870E-18
6693.84  4.975200E-18
6695.83  4.895120E-18
6697.82  4.122770E-18
6699.81  4.265300E-18
6701.8  3.725780E-18
6703.79  4.528220E-18
6705.78  4.380020E-18
6707.77  4.530300E-18
6709.76  5.004520E-18
6711.75  4.233090E-18
6713.74  3.731080E-18
6715.73  4.382780E-18
6717.72  4.689870E-18
6719.71  4.671660E-18
6721.7  4.549760E-18
6723.69  4.713020E-18
6725.68  5.447020E-18
6727.67  4.886300E-18
6729.66  4.598290E-18
6731.65  4.598580E-18
6733.64  4.801320E-18
6735.63  4.754160E-18
6737.62  4.516630E-18
6739.61  3.919710E-18
6741.6  3.471030E-18
6743.59  4.298160E-18
6745.58  4.355850E-18
6747.57  4.201070E-18
6749.56  3.978400E-18
6751.55  4.485220E-18
6753.54  4.808320E-18
6755.53  4.844800E-18
6757.52  5.348460E-18
6759.51  4.890650E-18
6761.5  4.621140E-18
6763.49  4.688810E-18
6765.48  4.212710E-18
6767.47  5.093740E-18
6769.46  5.517710E-18
6771.45  4.104830E-18
6773.44  4.069590E-18
6775.43  4.407670E-18
6777.42  4.161390E-18
6779.41  4.245340E-18
6781.4  4.549330E-18
6783.39  4.711520E-18
6785.38  4.649480E-18
6787.37  4.779650E-18
6789.36  4.101300E-18
6791.35  4.058510E-18
6793.34  4.896500E-18
6795.33  4.609040E-18
6797.32  4.327440E-18
6799.31  4.498320E-18
6801.3  4.753000E-18
6803.29  4.370470E-18
6805.28  3.832640E-18
6807.27  4.078190E-18
6809.26  4.032750E-18
6811.25  4.410080E-18
6813.24  3.870000E-18
6815.23  4.047090E-18
6817.22  4.260700E-18
6819.21  3.520190E-18
6821.2  4.096200E-18
6823.19  3.378190E-18
6825.18  4.412440E-18
6827.17  3.912060E-18
6829.16  3.241770E-18
6831.15  4.338740E-18
6833.14  3.153400E-18
6835.13  4.041240E-18
6837.12  5.052800E-18
6839.11  3.435460E-18
6841.1  2.846270E-18
6843.09  4.008690E-18
6845.08  4.363460E-18
6847.07  4.206800E-18
6849.06  4.228710E-18
6851.05  4.642190E-18
6853.04  4.171480E-18
6855.03  3.807860E-18
6857.02  4.379450E-18
6859.01  3.108370E-18
6861.  2.962370E-18
6862.99  4.068400E-18
6864.98  3.841730E-18
6866.97  4.009210E-18
6868.96  3.585620E-18
6870.95  3.429920E-18
6872.94  3.741500E-18
6874.93  3.653660E-18
6876.92  4.003180E-18
6878.91  3.774480E-18
6880.9  4.572930E-18
6882.89  3.605780E-18
6884.88  3.411680E-18
6886.87  3.592330E-18
6888.86  4.863760E-18
6890.85  5.421910E-18
6892.84  3.969000E-18
6894.83  4.452220E-18
6896.82  4.386760E-18
6898.81  4.019550E-18
6900.8  3.812630E-18
6902.79  3.339210E-18
6904.78  3.508250E-18
6906.77  4.725240E-18
6908.76  4.532420E-18
6910.75  4.321200E-18
6912.74  3.683050E-18
6914.73  3.312270E-18
6916.72  3.784640E-18
6918.71  3.226300E-18
6920.7  2.907470E-18
6922.69  4.711690E-18
6924.68  4.870720E-18
6926.67  4.208990E-18
6928.66  5.144710E-18
6930.65  5.337030E-18
6932.64  4.754090E-18
6934.63  4.467940E-18
6936.62  3.843900E-18
6938.61  4.072990E-18
6940.6  4.733120E-18
6942.59  4.260910E-18
6944.58  3.769360E-18
6946.57  3.769170E-18
6948.56  5.288510E-18
6950.55  4.490120E-18
6952.54  4.529250E-18
6954.53  4.925380E-18
6956.52  4.765060E-18
6958.51  3.783920E-18
6960.5  4.158940E-18
6962.49  4.627960E-18
6964.48  4.240370E-18
6966.47  3.956150E-18
6968.46  3.619250E-18
6970.45  4.597260E-18
6972.44  4.131070E-18
6974.43  3.909340E-18
6976.42  4.181840E-18
6978.41  4.723370E-18
6980.4  4.545260E-18
6982.39  3.844690E-18
6984.38  4.066380E-18
6986.37  5.269020E-18
6988.36  4.889550E-18
6990.35  4.138690E-18
6992.34  3.932350E-18
6994.33  4.190430E-18
6996.32  4.674300E-18
6998.31  5.061080E-18
7000.3  4.416390E-18
7002.29  3.612410E-18
7004.28  4.479200E-18
7006.27  3.965920E-18
7008.26  3.073500E-18
7010.25  4.248900E-18
7012.24  4.738330E-18
7014.23  4.355400E-18
7016.22  3.223330E-18
7018.21  4.213390E-18
7020.2  4.215420E-18
7022.19  4.295930E-18
7024.18  4.709590E-18
7026.17  4.174650E-18
7028.16  3.880010E-18
7030.15  3.249770E-18
7032.14  3.394970E-18
7034.13  3.788860E-18
7036.12  4.063480E-18
7038.11  4.655030E-18
7040.1  4.018860E-18
7042.09  3.814880E-18
7044.08  4.389330E-18
7046.07  3.904370E-18
7048.06  3.572800E-18
7050.05  3.993760E-18
7052.04  3.831300E-18
7054.03  4.673030E-18
7056.02  4.844890E-18
7058.01  4.203120E-18
7060.  4.220690E-18
7061.99  3.736580E-18
7063.98  3.917790E-18
7065.97  4.136140E-18
7067.96  3.703420E-18
7069.95  3.862660E-18
7071.94  3.658300E-18
7073.93  3.985840E-18
7075.92  3.989620E-18
7077.91  3.484600E-18
7079.9  3.598750E-18
7081.89  4.326950E-18
7083.88  4.018950E-18
7085.87  4.062090E-18
7087.86  4.887410E-18
7089.85  3.903690E-18
7091.84  3.702590E-18
7093.83  3.091100E-18
7095.82  3.264890E-18
7097.81  3.958110E-18
7099.8  4.082040E-18
7101.79  4.420720E-18
7103.78  3.907980E-18
7105.77  3.417850E-18
7107.76  3.484750E-18
7109.75  3.576030E-18
7111.74  3.916350E-18
7113.73  3.642950E-18
7115.72  3.108730E-18
7117.71  3.180580E-18
7119.7  3.540390E-18
7121.69  3.430270E-18
7123.68  3.048060E-18
7125.67  3.302920E-18
7127.66  4.689850E-18
7129.65  4.303230E-18
7131.64  3.335440E-18
7133.63  4.026410E-18
7135.62  4.068670E-18
7137.61  4.496570E-18
7139.6  4.342130E-18
7141.59  4.847680E-18
7143.58  4.754670E-18
7145.57  4.974070E-18
7147.56  3.599800E-18
7149.55  3.217470E-18
7151.54  4.298120E-18
7153.53  4.109140E-18
7155.52  4.129230E-18
7157.51  4.310620E-18
7159.5  3.763440E-18
7161.49  4.010880E-18
7163.48  4.246100E-18
7165.47  4.047310E-18
7167.46  4.593080E-18
7169.45  4.059370E-18
7171.44  3.803640E-18
7173.43  3.876780E-18
7175.42  3.586450E-18
7177.41  3.474740E-18
7179.4  3.752570E-18
7181.39  4.383260E-18
7183.38  4.249350E-18
7185.37  3.236120E-18
7187.36  3.229260E-18
7189.35  3.527140E-18
7191.34  4.020460E-18
7193.33  4.702130E-18
7195.32  3.939610E-18
7197.31  3.345190E-18
7199.3  3.535390E-18
7201.29  3.790350E-18
7203.28  4.274510E-18
7205.27  4.505170E-18
7207.26  3.912930E-18
7209.25  3.176200E-18
7211.24  3.408390E-18
7213.23  3.579230E-18
7215.22  4.989800E-18
7217.21  4.417020E-18
7219.2  3.825210E-18
7221.19  4.015520E-18
7223.18  4.271510E-18
7225.17  3.912400E-18
7227.16  3.154930E-18
7229.15  3.441920E-18
7231.14  3.212180E-18
7233.13  3.563500E-18
7235.12  3.259280E-18
7237.11  2.578000E-18
7239.1  2.317820E-18
7241.09  2.611970E-18
7243.08  3.856080E-18
7245.07  4.464700E-18
7247.06  5.152530E-18
7249.05  5.289840E-18
7251.04  4.734560E-18
7253.03  4.694060E-18
7255.02  4.163130E-18
7257.01  4.858710E-18
7259.  5.614040E-18
7260.99  4.217260E-18
7262.98  3.771870E-18
7264.97  3.491420E-18
7266.96  3.335050E-18
7268.95  3.440850E-18
7270.94  3.246770E-18
7272.93  3.382100E-18
7274.92  2.786480E-18
7276.91  3.776160E-18
7278.9  5.030160E-18
7280.89  4.878510E-18
7282.88  4.717730E-18
7284.87  4.444250E-18
7286.86  4.129970E-18
7288.85  4.909420E-18
7290.84  3.872560E-18
7292.83  4.213600E-18
7294.82  4.010470E-18
7296.81  4.125830E-18
7298.8  3.717840E-18
7300.79  3.282510E-18
7302.78  3.419900E-18
7304.77  3.014440E-18
7306.76  3.326720E-18
7308.75  4.455740E-18
7310.74  3.990470E-18
7312.73  3.058770E-18
7314.72  2.892790E-18
7316.71  3.327900E-18
7318.7  3.975640E-18
7320.69  3.702290E-18
7322.68  4.661960E-18
7324.67  5.196320E-18
7326.66  4.131270E-18
7328.65  3.206960E-18
7330.64  3.630060E-18
7332.63  2.942650E-18
7334.62  3.182390E-18
7336.61  3.576950E-18
7338.6  2.462750E-18
7340.59  3.499110E-18
7342.58  4.015200E-18
7344.57  4.451760E-18
7346.56  4.293410E-18
7348.55  5.031030E-18
7350.54  5.295410E-18
7352.53  4.015500E-18
7354.52  3.076520E-18
7356.51  3.538360E-18
7358.5  2.632430E-18
7360.49  3.893610E-18
7362.48  4.459960E-18
7364.47  3.027130E-18
7366.46  3.450840E-18
7368.45  3.520480E-18
7370.44  3.278100E-18
7372.43  3.956730E-18
7374.42  4.465550E-18
7376.41  4.518190E-18
7378.4  3.794250E-18
7380.39  3.527430E-18
7382.38  3.495520E-18
7384.37  4.252050E-18
7386.36  3.444790E-18
7388.35  3.116950E-18
7390.34  2.829970E-18
7392.33  3.086930E-18
7394.32  4.632400E-18
7396.31  4.114680E-18
7398.3  3.774150E-18
7400.29  3.393040E-18
7402.28  3.113110E-18
7404.27  4.639700E-18
7406.26  3.857530E-18
7408.25  3.382410E-18
7410.24  3.923050E-18
7412.23  3.297960E-18
7414.22  3.341370E-18
7416.21  3.605450E-18
7418.2  3.712080E-18
7420.19  3.431070E-18
7422.18  3.365310E-18
7424.17  3.220010E-18
7426.16  3.243120E-18
7428.15  3.512520E-18
7430.14  3.160100E-18
7432.13  2.540740E-18
7434.12  2.782950E-18
7436.11  3.353810E-18
7438.1  3.221030E-18
7440.09  3.231080E-18
7442.08  3.078000E-18
7444.07  4.128190E-18
7446.06  4.230150E-18
7448.05  3.723710E-18
7450.04  3.972300E-18
7452.03  3.816800E-18
7454.02  3.509200E-18
7456.01  4.547130E-18
7458.  3.827770E-18
7459.99  3.916320E-18
7461.98  4.020810E-18
7463.97  3.496440E-18
7465.96  3.880060E-18
7467.95  3.993770E-18
7469.94  3.710490E-18
7471.93  3.226150E-18
7473.92  4.460850E-18
7475.91  4.251300E-18
7477.9  3.910300E-18
7479.89  3.461530E-18
7481.88  3.393870E-18
7483.87  4.382580E-18
7485.86  4.216260E-18
7487.85  4.066420E-18
7489.84  4.144170E-18
7491.83  3.598920E-18
7493.82  3.936540E-18
7495.81  4.335580E-18
7497.8  4.060820E-18
7499.79  3.620110E-18
7501.78  3.881340E-18
7503.77  4.027140E-18
7505.76  3.854440E-18
7507.75  3.669750E-18
7509.74  3.546540E-18
7511.73  3.617010E-18
7513.72  3.843310E-18
7515.71  3.776040E-18
7517.7  3.418650E-18
7519.69  2.626050E-18
7521.68  2.826120E-18
7523.67  3.161610E-18
7525.66  4.132860E-18
7527.65  3.461420E-18
7529.64  3.664010E-18
7531.63  4.355430E-18
7533.62  3.666740E-18
7535.61  3.674710E-18
7537.6  3.613530E-18
7539.59  3.589970E-18
7541.58  3.450820E-18
7543.57  3.300260E-18
7545.56  3.831020E-18
7547.55  3.996590E-18
7549.54  4.131360E-18
7551.53  3.411500E-18
7553.52  3.269770E-18
7555.51  4.561840E-18
7557.5  3.492450E-18
7559.49  3.298780E-18
7561.48  4.002930E-18
7563.47  4.324540E-18
7565.46  3.682570E-18
7567.45  3.499130E-18
7569.44  3.697580E-18
7571.43  4.800770E-18
7573.42  4.685080E-18
7575.41  3.804650E-18
7577.4  3.646170E-18
7579.39  3.915920E-18
7581.38  3.894220E-18
7583.37  3.822750E-18
7585.36  4.413380E-18
7587.35  3.922050E-18
7589.34  3.753480E-18
7591.33  3.896660E-18
7593.32  3.137790E-18
7595.31  3.062760E-18
7597.3  2.909500E-18
7599.29  1.680780E-18
7601.28  1.013440E-18
7603.27  1.347810E-18
7605.26  1.151340E-18
7607.25  8.638020E-19
7609.24  1.491700E-18
7611.23  1.402710E-18
7613.22  1.715980E-18
7615.21  1.544960E-18
7617.2  1.901870E-18
7619.19  2.635280E-18
7621.18  2.349620E-18
7623.17  3.433890E-18
7625.16  2.450600E-18
7627.15  2.170410E-18
7629.14  2.023180E-18
7631.13  1.661490E-18
7633.12  2.366420E-18
7635.11  2.031720E-18
7637.1  1.714080E-18
7639.09  2.121270E-18
7641.08  2.174850E-18
7643.07  2.602450E-18
7645.06  2.509080E-18
7647.05  2.507730E-18
7649.04  2.230980E-18
7651.03  2.166810E-18
7653.02  2.063530E-18
7655.01  2.477250E-18
7657.  2.888310E-18
7658.99  2.283470E-18
7660.98  3.075220E-18
7662.97  3.890050E-18
7664.96  3.009100E-18
7666.95  2.787720E-18
7668.94  3.649380E-18
7670.93  2.987160E-18
7672.92  2.649010E-18
7674.91  2.983330E-18
7676.9  2.538380E-18
7678.89  2.929440E-18
7680.88  3.187300E-18
7682.87  2.905470E-18
7684.86  3.239260E-18
7686.85  3.468940E-18
7688.84  3.712620E-18
7690.83  3.352090E-18
7692.82  3.001920E-18
7694.81  3.357760E-18
7696.8  3.590390E-18
7698.79  3.316230E-18
7700.78  3.589730E-18
7702.77  2.912650E-18
7704.76  3.006290E-18
7706.75  2.610390E-18
7708.74  1.701610E-18
7710.73  2.192100E-18
7712.72  2.234000E-18
7714.71  2.007770E-18
7716.7  3.215730E-18
7718.69  5.114190E-18
7720.68  5.468030E-18
7722.67  4.323790E-18
7724.66  3.025520E-18
7726.65  3.561610E-18
7728.64  4.476230E-18
7730.63  3.572630E-18
7732.62  3.600440E-18
7734.61  3.301460E-18
7736.6  4.052080E-18
7738.59  4.473430E-18
7740.58  5.166170E-18
7742.57  4.335990E-18
7744.56  2.744370E-18
7746.55  2.092640E-18
7748.54  4.310970E-19
7750.53  2.874390E-18
7752.52  2.750840E-18
7754.51  3.128870E-18
7756.5  5.754800E-18
7758.49  6.196100E-18
7760.48  3.956340E-18
7762.47  3.022940E-18
7764.46  3.625140E-18
7766.45  3.971000E-18
7768.44  4.277860E-18
7770.43  3.673920E-18
7772.42  3.289510E-18
7774.41  3.762070E-18
7776.4  3.675450E-18
7778.39  3.534900E-18
7780.38  3.682610E-18
7782.37  3.239160E-18
7784.36  2.957920E-18
7786.35  3.611590E-18
7788.34  2.301370E-18
7790.33  1.651070E-18
7792.32  1.034060E-18
7794.31  3.865070E-18
7796.3  5.718370E-18
7798.29  3.882180E-18
7800.28  4.914290E-18
7802.27  4.215510E-18
7804.26  3.429380E-18
7806.25  3.181500E-18
7808.24  3.633500E-18
7810.23  2.961470E-18
7812.22  3.004910E-18
7814.21  3.489540E-18
7816.2  3.258660E-18
7818.19  2.158470E-18
7820.18  1.172240E-18
7822.17  1.800720E-18
7824.16  4.249260E-18
7826.15  5.929860E-18
7828.14  4.827470E-18
7830.13  4.773420E-18
7832.12  3.554550E-18
7834.11  2.531930E-18
7836.1  2.380570E-18
7838.09  2.074540E-18
7840.08  2.441570E-18
7842.07  2.724410E-18
7844.06  2.884850E-18
7846.05  1.948760E-18
7848.04  2.426210E-18
7850.03  2.772760E-18
7852.02  2.709900E-18
7854.01  2.483040E-18
7856.  2.454620E-18
7857.99  2.033520E-18
7859.98  3.813720E-18
7861.97  4.765370E-18
7863.96  2.166140E-18
7865.95  2.278250E-18
7867.94  3.495510E-18
7869.93  3.840150E-18
7871.92  5.047100E-18
7873.91  3.894740E-18
7875.9  2.148500E-18
7877.89  2.892400E-18
7879.88  3.331950E-18
7881.87  3.043960E-18
7883.86  3.454620E-18
7885.85  3.852020E-18
7887.84  1.997540E-18
7889.83  3.140070E-18
7891.82  4.178150E-18
7893.81  4.844720E-18
7895.8  3.905990E-18
7897.79  3.503870E-18
7899.78  3.654780E-18
7901.77  3.151480E-18
7903.76  3.238350E-18
7905.75  3.290870E-18
7907.74  2.811530E-18
7909.73  2.361990E-18
7911.72  1.024790E-18
7913.71  1.718790E-18
7915.7  3.318360E-18
7917.69  4.634130E-18
7919.68  5.202830E-18
7921.67  3.571790E-18
7923.66  3.000270E-18
7925.65  3.918870E-18
7927.64  4.377910E-18
7929.63  5.366470E-18
7931.62  4.251410E-18
7933.61  2.402360E-18
7935.6  4.091840E-18
7937.59  4.771120E-18
7939.58  4.086250E-18
7941.57  3.898930E-18
7943.56  3.783930E-18
7945.55  3.398290E-18
7947.54  2.534180E-18
7949.53  3.230690E-18
7951.52  2.762250E-18
7953.51  4.105580E-18
7955.5  4.350340E-18
7957.49  3.508200E-18
7959.48  2.531070E-18
7961.47  1.827380E-18
7963.46  2.103760E-18
7965.45  3.038040E-18
7967.44  3.540230E-18
7969.43  3.747070E-18
7971.42  4.780620E-18
7973.41  4.489460E-18
7975.4  2.421800E-18
7977.39  2.046900E-18
7979.38  3.732010E-18
7981.37  4.576420E-18
7983.36  4.259630E-18
7985.35  4.023040E-18
7987.34  3.919370E-18
7989.33  2.995240E-18
7991.32  1.751980E-18
7993.31  3.527390E-18
7995.3  4.352880E-18
7997.29  2.943350E-18
7999.28  4.385730E-18
8001.27  5.176280E-18
8003.26  7.010490E-18
8005.25  5.568370E-18
8007.24  5.162550E-18
8009.23  5.930590E-18
8011.22  4.836250E-18
8013.21  4.160700E-18
8015.2  2.816210E-18
8017.19  3.801000E-18
8019.18  4.698840E-18
8021.17  6.604700E-18
8023.16  1.092110E-17
8025.15  1.634060E-17
8027.14  1.566610E-17
8029.13  2.233350E-17
8031.12  2.779530E-17
8033.11  1.851690E-17
8035.1  1.196880E-17
8037.09  1.123540E-17
8039.08  1.114780E-17
8041.07  1.066950E-17
8043.06  8.514030E-18
8045.05  7.223800E-18
8047.04  5.054740E-18
8049.03  2.701020E-18
8051.02  3.078860E-18
8053.01  3.134810E-18
8055.  3.881890E-18
8056.99  4.486450E-18
8058.98  3.429070E-18
8060.97  4.134680E-18
8062.96  4.645930E-18
8064.95  7.397710E-18
8066.94  1.437550E-17
8068.93  1.994320E-17
8070.92  2.081040E-17
8072.91  2.164970E-17
8074.9  2.132720E-17
8076.89  1.521540E-17
8078.88  1.274560E-17
8080.87  1.942900E-17
8082.86  1.824950E-17
8084.85  1.138260E-17
8086.84  1.365640E-17
8088.83  1.139260E-17
8090.82  4.384290E-18
8092.81  5.257080E-18
8094.8  4.154600E-18
8096.79  3.942680E-18
8098.78  3.997090E-18
8100.77  3.141330E-18
8102.76  4.053280E-18
8104.75  3.252980E-18
8106.74  3.284500E-18
8108.73  2.505560E-18
8110.72  3.668510E-18
8112.71  3.896680E-18
8114.7  3.628770E-18
8116.69  3.928720E-18
8118.68  3.037190E-18
8120.67  3.472660E-18
8122.66  3.726390E-18
8124.65  3.175040E-18
8126.64  3.267700E-18
8128.63  2.889480E-18
8130.62  3.202920E-18
8132.61  3.568850E-18
8134.6  3.248140E-18
8136.59  3.126400E-18
8138.58  3.410550E-18
8140.57  3.787060E-18
8142.56  3.635900E-18
8144.55  3.295260E-18
8146.54  3.009760E-18
8148.53  3.357980E-18
8150.52  3.702460E-18
8152.51  3.062160E-18
8154.5  3.068600E-18
8156.49  3.492850E-18
8158.48  3.785310E-18
8160.47  3.730750E-18
8162.46  3.947540E-18
8164.45  3.989490E-18
8166.44  3.353650E-18
8168.43  3.268460E-18
8170.42  3.439800E-18
8172.41  3.679610E-18
8174.4  4.308170E-18
8176.39  3.509350E-18
8178.38  3.265490E-18
8180.37  3.021290E-18
8182.36  2.957230E-18
8184.35  3.472750E-18
8186.34  3.958840E-18
8188.33  3.699540E-18
8190.32  3.205990E-18
8192.31  3.276110E-18
8194.3  3.159540E-18
8196.29  3.153830E-18
8198.28  3.362010E-18
8200.27  3.141070E-18
8202.26  2.769350E-18
8204.25  3.031700E-18
8206.24  3.358740E-18
8208.23  3.034440E-18
8210.22  3.574210E-18
8212.21  3.531290E-18
8214.2  3.245090E-18
8216.19  3.098990E-18
8218.18  3.988940E-18
8220.17  3.449060E-18
8222.16  3.033850E-18
8224.15  3.018320E-18
8226.14  3.353870E-18
8228.13  3.102430E-18
8230.12  2.822870E-18
8232.11  2.802420E-18
8234.1  3.443420E-18
8236.09  3.860600E-18
8238.08  3.160080E-18
8240.07  2.709230E-18
8242.06  3.051760E-18
8244.05  2.982930E-18
8246.04  3.113740E-18
8248.03  3.566140E-18
8250.02  3.436600E-18
8252.01  3.784350E-18
8254.  3.283360E-18
8255.99  2.709640E-18
8257.98  2.617080E-18
8259.97  2.151850E-18
8261.96  2.568920E-18
8263.95  2.837740E-18
8265.94  3.214010E-18
8267.93  3.298290E-18
8269.92  4.892870E-18
8271.91  5.121940E-18
8273.9  3.529240E-18
8275.89  2.260080E-18
8277.88  2.346810E-18
8279.87  1.968350E-18
8281.86  2.646560E-18
8283.85  1.918150E-18
8285.84  1.111530E-18
8287.83  2.374880E-18
8289.82  3.981680E-18
8291.81  2.702560E-18
8293.8  1.596390E-18
8295.79  2.463510E-18
8297.78  2.314180E-18
8299.77  2.483170E-18
8301.76  2.832140E-18
8303.75  3.869900E-18
8305.74  4.002210E-18
8307.73  3.039510E-18
8309.72  3.257940E-18
8311.71  3.282590E-18
8313.7  2.829200E-18
8315.69  2.220920E-18
8317.68  2.793680E-18
8319.67  2.936540E-18
8321.66  2.954970E-18
8323.65  3.112010E-18
8325.64  2.728660E-18
8327.63  2.599780E-18
8329.62  2.995380E-18
8331.61  2.340780E-18
8333.6  2.088640E-18
8335.59  2.338230E-18
8337.58  2.977540E-18
8339.57  1.823400E-18
8341.56  -4.401580E-19
8343.55  3.917500E-19
8345.54  3.374900E-18
8347.53  3.953970E-18
8349.52  4.021860E-18
8351.51  6.330990E-18
8353.5  6.248260E-18
8355.49  3.834420E-18
8357.48  2.640940E-18
8359.47  2.998250E-18
8361.46  3.116680E-18
8363.45  2.321800E-18
8365.44  2.266090E-18
8367.43  2.343860E-18
8369.42  3.253090E-18
8371.41  2.584710E-18
8373.4  3.189730E-18
8375.39  2.885120E-18
8377.38  1.906350E-18
8379.37  2.101990E-18
8381.36  2.195300E-18
8383.35  3.123050E-18
8385.34  3.311260E-18
8387.33  3.653510E-18
8389.32  3.537550E-18
8391.31  3.174830E-18
8393.3  1.905680E-18
8395.29  1.141380E-18
8397.28  2.906310E-19
8399.27  3.558810E-19
8401.26  3.046710E-18
8403.25  3.779690E-18
8405.24  5.124610E-18
8407.23  5.767210E-18
8409.22  3.714740E-18
8411.21  1.989530E-18
8413.2  7.940940E-19
8415.19  1.226580E-18
8417.18  3.000320E-18
8419.17  4.100530E-18
8421.16  4.400000E-18
8423.15  5.143890E-18
8425.14  2.531540E-18
8427.13  8.947640E-19
8429.12  1.019590E-18
8431.11  3.198730E-18
8433.1  3.173770E-18
8435.09  3.678300E-18
8437.08  4.530980E-18
8439.07  4.977530E-18
8441.06  4.433550E-18
8443.05  2.968940E-18
8445.04  2.466900E-18
8447.03  2.000100E-18
8449.02  9.474430E-19
8451.01  2.042480E-18
8453.  3.170590E-18
8454.99  2.774040E-18
8456.98  3.568620E-18
8458.97  2.783090E-18
8460.96  1.630030E-18
8462.95  3.191440E-19
8464.94  1.875110E-18
8466.93  2.248030E-18
8468.92  2.601400E-18
8470.91  4.173350E-18
8472.9  4.854230E-18
8474.89  3.855330E-18
8476.88  3.148500E-18
8478.87  3.028690E-18
8480.86  2.507350E-18
8482.85  2.746070E-18
8484.84  2.706710E-18
8486.83  2.612580E-18
8488.82  2.338800E-18
8490.81  1.799580E-18
8492.8  2.093310E-18
8494.79  2.259060E-18
8496.78  2.430110E-18
8498.77  3.068150E-18
8500.76  2.412730E-18
8502.75  1.383980E-18
8504.74  1.580190E-18
8506.73  1.873890E-18
8508.72  2.576680E-18
8510.71  3.499410E-18
8512.7  3.203660E-18
8514.69  2.904340E-18
8516.68  2.844070E-18
8518.67  2.399870E-18
8520.66  2.412540E-18
8522.65  2.597780E-18
8524.64  2.393840E-18
8526.63  2.654250E-18
8528.62  2.455540E-18
8530.61  1.871360E-18
8532.6  2.848300E-18
8534.59  2.325480E-18
8536.58  1.891620E-18
8538.57  1.998670E-18
8540.56  2.075600E-18
8542.55  1.928330E-18
8544.54  1.798400E-18
8546.53  2.285690E-18
8548.52  2.739250E-18
8550.51  2.635770E-18
8552.5  2.289850E-18
8554.49  2.035860E-18
8556.48  2.144720E-18
8558.47  2.488250E-18
8560.46  2.694440E-18
8562.45  2.631870E-18
8564.44  2.765350E-18
8566.43  2.660820E-18
8568.42  2.861820E-18
8570.41  2.472050E-18
8572.4  2.386230E-18
8574.39  2.838620E-18
8576.38  2.780360E-18
8578.37  2.319700E-18
8580.36  2.170290E-18
8582.35  2.128690E-18
8584.34  2.598340E-18
8586.33  2.723280E-18
8588.32  2.369820E-18
8590.31  2.010810E-18
8592.3  2.433630E-18
8594.29  2.705570E-18
8596.28  2.673570E-18
8598.27  2.361420E-18
8600.26  2.231750E-18
8602.25  2.034940E-18
8604.24  2.212150E-18
8606.23  3.107610E-18
8608.22  2.747390E-18
8610.21  1.867140E-18
8612.2  2.065850E-18
8614.19  2.310140E-18
8616.18  1.189080E-18
8618.17  2.293580E-18
8620.16  1.309480E-18
8622.15  2.044240E-18
8624.14  2.685200E-18
8626.13  3.360410E-18
8628.12  2.467280E-18
8630.11  2.211390E-18
8632.1  2.944440E-18
8634.09  2.823420E-18
8636.08  2.223760E-18
8638.07  2.603750E-18
8640.06  2.799230E-18
8642.05  2.696890E-18
8644.04  2.461280E-18
8646.03  3.079610E-18
8648.02  2.096720E-18
8650.01  1.915930E-18
8652.  2.344650E-18
8653.99  1.451540E-18
8655.98  3.654940E-18
8657.97  4.044150E-18
8659.96  1.646030E-18
8661.95  3.283750E-18
8663.94  3.054780E-18
8665.93  2.534640E-18
8667.92  1.981270E-18
8669.91  2.644870E-18
8671.9  2.770420E-18
8673.89  1.876150E-18
8675.88  2.681790E-18
8677.87  2.244950E-18
8679.86  2.784910E-18
8681.85  2.879030E-18
8683.84  2.702520E-18
8685.83  2.632510E-18
8687.82  2.389400E-18
8689.81  2.118560E-18
8691.8  2.492760E-18
8693.79  2.014810E-18
8695.78  2.241580E-18
8697.77  2.519110E-18
8699.76  2.275150E-18
8701.75  1.881880E-18
8703.74  2.093190E-18
8705.73  2.577990E-18
8707.72  2.262670E-18
8709.71  2.526190E-18
8711.7  3.022610E-18
8713.69  2.598710E-18
8715.68  2.176770E-18
8717.67  2.338380E-18
8719.66  2.580860E-18
8721.65  2.612990E-18
8723.64  2.208520E-18
8725.63  2.492120E-18
8727.62  2.561470E-18
8729.61  2.776360E-18
8731.6  2.984240E-18
8733.59  2.429190E-18
8735.58  2.409550E-18
8737.57  2.102520E-18
8739.56  1.839290E-18
8741.55  2.367060E-18
8743.54  2.641580E-18
8745.53  1.719900E-18
8747.52  1.906870E-18
8749.51  2.584180E-18
8751.5  2.472540E-18
8753.49  2.340870E-18
8755.48  1.775740E-18
8757.47  1.221780E-18
8759.46  1.712340E-18
8761.45  2.202240E-18
8763.44  1.511910E-18
8765.43  1.939370E-19
8767.42  8.991920E-19
8769.41  3.173710E-18
8771.4  3.434110E-18
8773.39  2.940580E-18
8775.38  1.275750E-18
8777.37  2.073090E-18
8779.36  2.660030E-18
8781.35  1.605060E-18
8783.34  4.872260E-18
8785.33  5.292260E-18
8787.32  2.728070E-18
8789.31  2.092100E-18
8791.3  2.729480E-18
8793.29  2.027790E-18
8795.28  1.728210E-18
8797.27  2.602440E-18
8799.26  2.826800E-18
8801.25  2.981040E-18
8803.24  3.161660E-18
8805.23  2.628430E-18
8807.22  2.139540E-18
8809.21  2.443590E-18
8811.2  2.840370E-18
8813.19  2.267530E-18
8815.18  1.686050E-18
8817.17  2.076080E-18
8819.16  2.564170E-18
8821.15  1.933880E-18
8823.14  -8.069330E-19
8825.13  -2.004550E-18
8827.12  -5.102380E-19
8829.11  1.007050E-18
8831.1  4.385260E-18
8833.09  4.813850E-18
8835.08  5.785450E-18
8837.07  4.886920E-18
8839.06  2.946430E-18
8841.05  2.589630E-18
8843.04  4.219810E-18
8845.03  3.153050E-18
8847.02  2.379210E-18
8849.01  1.180920E-18
8851.  1.747280E-18
8852.99  2.923100E-18
8854.98  2.644140E-18
8856.97  2.797350E-18
8858.96  3.112990E-18
8860.95  2.129460E-18
8862.94  1.495940E-18
8864.93  2.399060E-18
8866.92  3.078360E-18
8868.91  2.751570E-18
8870.9  1.915290E-18
8872.89  2.316430E-18
8874.88  2.414890E-18
8876.87  2.705760E-18
8878.86  2.364330E-18
8880.85  1.417320E-18
8882.84  -7.071530E-19
8884.83  -1.175700E-18
8886.82  2.543240E-18
8888.81  3.126980E-18
8890.8  3.907770E-18
8892.79  2.399030E-18
8894.78  4.448880E-18
8896.77  3.813900E-18
8898.76  1.322290E-18
8900.75  6.589080E-19
8902.74  1.557520E-18
8904.73  2.287180E-18
8906.72  1.740110E-18
8908.71  2.010950E-18
8910.7  3.328600E-18
8912.69  3.241820E-18
8914.68  1.163270E-18
8916.67  -1.476170E-18
8918.66  -1.777480E-18
8920.65  3.526290E-19
8922.64  1.571400E-18
8924.63000000001  2.777950E-18
8926.62  5.522380E-18
8928.61  6.043410E-18
8930.6  3.155380E-18
8932.59  2.932160E-18
8934.58  2.122830E-18
8936.57  2.318160E-18
8938.56  2.561780E-18
8940.55  1.651020E-18
8942.54  2.174110E-18
8944.53  4.334990E-18
8946.52  3.958480E-18
8948.51  3.459020E-18
8950.5  3.210640E-18
8952.49  2.775140E-18
8954.48  1.281970E-18
8956.47  1.589470E-19
8958.46  1.335239E-18
8960.45  1.422322E-18
8962.44  1.509406E-18
8964.43  1.596448E-18
8966.42  1.683531E-18
8968.41  1.770615E-18
8970.4  1.857699E-18
8972.39  1.944740E-18
8974.38  2.031824E-18
8976.37  2.118908E-18
8978.36  2.931140E-18
8980.35  3.155320E-18
8982.34  2.806320E-18
8984.33  1.624690E-18
8986.32  5.900490E-19
8988.31  1.159080E-18
8990.3  2.425520E-18
8992.29  3.019320E-18
8994.28  2.454620E-18
8996.27  1.795390E-18
8998.26  2.179000E-18
9000.25  1.929380E-19
9002.24  1.559820E-18
9004.23  3.371190E-18
9006.22  2.927550E-18
9008.21  2.532290E-18
9010.2  3.921540E-18
9012.19  4.104800E-18
9014.18  2.860450E-18
9016.17  2.489590E-18
9018.16  2.472630E-18
9020.15  2.331390E-18
9022.14  2.230460E-18
9024.13  2.302030E-18
9026.12  2.076170E-18
9028.11  2.261920E-18
9030.1  2.993550E-18
9032.09  2.584760E-18
9034.08  2.062740E-18
9036.07  1.737650E-18
9038.06  2.501350E-18
9040.05  2.758960E-18
9042.04  2.335400E-18
9044.03  2.313460E-18
9046.02  2.289160E-18
9048.01  2.181920E-18
9050.  2.061140E-18
9051.99  1.848110E-18
9053.98  1.556810E-18
9055.97  2.522570E-18
9057.96  3.306750E-18
9059.95  3.006340E-18
9061.94  2.343070E-18
9063.93  2.508500E-18
9065.92  2.715460E-18
9067.91  2.531860E-18
9069.9  2.132500E-18
9071.89  2.008910E-18
9073.88  2.053040E-18
9075.87  1.720700E-18
9077.86  2.367460E-18
9079.85  2.670970E-18
9081.84  2.325640E-18
9083.83  2.433720E-18
9085.82  2.332250E-18
9087.81  2.223920E-18
9089.8  1.873480E-18
9091.79  3.153460E-18
9093.78  2.577680E-18
9095.77  2.134450E-18
9097.76  2.497900E-18
9099.75  2.962780E-18
9101.74  2.590890E-18
9103.73  2.880210E-18
9105.72  2.238750E-18
9107.71  2.240130E-18
9109.7  2.326860E-18
9111.69  2.407430E-18
9113.68  2.674340E-18
9115.67  1.894460E-18
9117.66  2.163280E-18
9119.65  2.765660E-18
9121.64  2.304750E-18
9123.63  2.546580E-18
9125.62  2.647170E-18
9127.61  2.230630E-18
9129.6  2.684080E-18
9131.59  2.927020E-18
9133.58  2.446280E-18
9135.57  2.443230E-18
9137.56  2.631820E-18
9139.55  1.807740E-18
9141.54  1.911170E-18
9143.53  2.168560E-18
9145.52  2.136500E-18
9147.51  2.721080E-18
9149.5  1.608160E-18
9151.49  1.952790E-18
9153.48  2.442490E-18
9155.47  1.479650E-18
9157.46  1.423800E-18
9159.45  1.872080E-18
9161.44  2.417200E-18
9163.43  2.502660E-18
9165.42  2.820070E-18
9167.41  2.671060E-18
9169.4  2.549140E-18
9171.39  2.641670E-18
9173.38  2.365520E-18
9175.37  1.358690E-18
9177.36  1.600720E-18
9179.35  2.445300E-18
9181.34  2.249990E-18
9183.33  2.642360E-18
9185.32  2.615430E-18
9187.31  2.972700E-18
9189.3  2.725920E-18
9191.29  1.705470E-18
9193.28  2.387400E-18
9195.27  2.327870E-18
9197.26  2.613950E-18
9199.25  1.582850E-18
9201.24  2.866950E-18
9203.23  2.669080E-18
9205.22  2.205990E-18
9207.21  1.769910E-18
9209.2  2.109970E-18
9211.19  2.300290E-18
9213.18  2.504450E-18
9215.17  1.834850E-18
9217.16  2.462590E-18
9219.15  2.371030E-18
9221.14  1.796340E-18
9223.13  1.800150E-18
9225.12  3.438590E-18
9227.11  3.217190E-18
9229.1  1.837990E-18
9231.09  1.664440E-18
9233.08  2.160090E-18
9235.07  3.118110E-18
9237.06  2.584430E-18
9239.05  2.121260E-18
9241.04  2.246210E-18
9243.03  2.068230E-18
9245.02  2.421870E-18
9247.01  2.419110E-18
9249.  2.039600E-18
9250.99  2.566650E-18
9252.98  2.335770E-18
9254.97  2.885040E-18
9256.96  2.443010E-18
9258.95  2.209980E-18
9260.94  3.011260E-18
9262.93  2.140780E-18
9264.92  1.839530E-18
9266.91  2.326500E-18
9268.9  2.309170E-18
9270.89  1.845540E-18
9272.88  2.656080E-18
9274.87  2.935950E-18
9276.86  2.447000E-18
9278.85  2.667300E-18
9280.84  2.396220E-18
9282.83  2.145040E-18
9284.82  2.619610E-18
9286.81  2.664990E-18
9288.8  2.298750E-18
9290.79  1.838070E-18
9292.78  1.855660E-18
9294.77  2.756370E-18
9296.76  3.009350E-18
9298.75  2.478590E-18
9300.74  2.723180E-18
9302.73  2.557440E-18
9304.72  8.928580E-19
9306.71  -7.633020E-19
9308.7  1.957180E-18
9310.69  2.742690E-18
9312.68  4.209600E-18
9314.67  4.075350E-18
9316.66  6.486420E-18
9318.65  6.801560E-18
9320.64  3.500540E-18
9322.63  1.368630E-18
9324.62  7.278090E-19
9326.61  2.329960E-18
9328.6  2.032060E-18
9330.59  3.268570E-18
